1 1 1 1 124 96 85 115 104 92 89 98 111 102
2 1 1 1 84 96 123 88 90 103 114 110 97 101
3 1 1 1 96 124 131 104 115 128 130 120 109 117
4 1 1 1 123 96 131 114 103 109 120 129 127 116
5 1 1 1 96 54 85 83 69 64 75 89 92 81
6 1 1 1 84 48 96 74 62 67 82 90 88 78
7 1 1 1 163 123 131 148 136 127 129 144 155 140
8 1 1 1 108 61 84 95 80 70 76 91 99 86
9 1 1 1 4 5 54 10 11 23 37 38 24 25
10 1 1 1 205 206 163 211 212 191 177 178 192 190
11 1 1 1 107 152 124 121 134 143 133 119 113 126
12 1 1 1 124 167 131 137 149 157 145 130 128 141
13 1 1 1 3 4 48 8 9 20 34 35 21 22
14 1 1 1 153 108 123 135 122 112 118 132 142 125
15 1 1 1 60 107 85 79 94 100 93 77 71 87
16 1 1 1 204 205 167 209 210 194 180 181 195 193
17 1 1 1 48 54 96 50 53 69 83 82 67 68
18 1 1 1 4 54 48 24 38 53 50 34 20 36
19 1 1 1 108 84 123 99 91 97 110 118 112 105
20 1 1 1 107 124 85 113 119 111 98 93 100 106
21 1 1 1 205 163 167 192 178 164 165 180 194 179
22 1 1 1 2 3 44 6 7 17 30 31 18 19
23 1 1 1 203 153 169 189 173 159 161 183 196 175
24 1 1 1 61 2 44 42 27 18 31 52 56 40
25 1 1 1 5 1 43 12 13 15 28 29 16 14
26 1 1 1 1 60 43 26 41 55 51 28 15 39
27 1 1 1 206 203 169 213 214 196 183 184 197 198
28 1 1 1 152 202 174 172 188 199 186 162 160 176
29 1 1 1 202 204 174 207 208 200 187 186 199 201
30 1 1 1 3 48 44 21 35 47 45 30 17 32
31 1 1 1 153 123 169 142 132 138 151 161 159 146
32 1 1 1 60 85 43 71 77 73 58 51 55 66
33 1 1 1 204 167 174 195 181 170 171 187 200 185
34 1 1 1 84 61 44 76 70 56 52 57 72 65
35 1 1 1 163 206 169 177 191 197 184 168 166 182
36 1 1 1 54 5 43 37 23 16 29 46 49 33
37 1 1 1 124 152 174 133 143 160 162 158 139 147
38 1 1 1 48 84 44 62 74 72 57 45 47 59
39 1 1 1 85 54 43 75 64 49 46 58 73 63
40 1 1 1 123 163 169 136 148 166 168 151 138 150
41 1 1 1 167 124 174 149 137 139 158 171 170 154
42 1 1 1 167 163 131 165 164 155 144 145 157 156
