1 1 1 1 1285 1264 1305
2 1 1 1 78 69 112
3 1 1 1 103 96 59
4 1 1 1 58 102 63
5 1 1 1 1403 1440 1429
6 1 1 1 1340 1304 1326
7 1 1 1 1263 1222 1224
8 1 1 1 972 932 953
9 1 1 1 1015 1056 1035
10 1 1 1 640 681 660
11 1 1 1 100 52 61
12 1 1 1 57 103 59
13 1 1 1 1441 1430 1395
14 1 1 1 1036 1037 1076
15 1 1 1 661 662 702
16 1 1 1 223 245 284
17 1 1 1 284 298 263
18 1 1 1 60 101 54
19 1 1 1 1431 1439 1400
20 1 1 1 63 102 91
21 1 1 1 75 66 107
22 1 1 1 69 78 40
23 1 1 1 56 99 53
24 1 1 1 1458 1407 1454
25 1 1 1 98 123 139
26 1 1 1 1346 1366 1326
27 1 1 1 1264 1285 1224
28 1 1 1 973 994 953
29 1 1 1 1429 1440 1465
30 1 1 1 1406 1422 1447
31 1 1 1 1076 1117 1096
32 1 1 1 1366 1346 1389
33 1 1 1 994 973 1014
34 1 1 1 850 849 891
35 1 1 1 1422 1406 1389
36 1 1 1 1037 1036 1014
37 1 1 1 662 661 621
38 1 1 1 452 451 410
39 1 1 1 245 223 201
40 1 1 1 1402 1442 1432
41 1 1 1 97 148 121
42 1 1 1 1408 1382 1367
43 1 1 1 100 61 89
44 1 1 1 50 29 65
45 1 1 1 1481 1453 1438
46 1 1 1 849 850 828
47 1 1 1 347 346 387
48 1 1 1 1056 1076 1096
49 1 1 1 84 95 136
50 1 1 1 347 326 346
51 1 1 1 1383 1408 1367
52 1 1 1 1430 1441 1466
53 1 1 1 451 452 472
54 1 1 1 122 98 139
55 1 1 1 223 284 263
56 1 1 1 681 701 660
57 1 1 1 1056 1077 1035
58 1 1 1 1439 1431 1467
59 1 1 1 66 75 37
60 1 1 1 953 892 913
61 1 1 1 1326 1285 1305
62 1 1 1 1366 1340 1326
63 1 1 1 1304 1285 1326
64 1 1 1 1285 1263 1224
65 1 1 1 1222 1202 1224
66 1 1 1 932 892 953
67 1 1 1 994 972 953
68 1 1 1 892 891 913
69 1 1 1 1474 1475 1447
70 1 1 1 160 203 202
71 1 1 1 1117 1097 1139
72 1 1 1 1076 1097 1117
73 1 1 1 101 60 90
74 1 1 1 110 67 76
75 1 1 1 244 202 243
76 1 1 1 148 97 117
77 1 1 1 202 244 205
78 1 1 1 640 661 681
79 1 1 1 1015 1036 1056
80 1 1 1 1506 1507 1443
81 1 1 1 1474 1447 1464
82 1 1 1 1374 1375 1411
83 1 1 1 29 30 65
84 1 1 1 1480 1481 1438
85 1 1 1 76 64 106
86 1 1 1 99 56 88
87 1 1 1 84 136 133
88 1 1 1 111 68 80
89 1 1 1 1407 1458 1425
90 1 1 1 513 492 535
91 1 1 1 1441 1395 1418
92 1 1 1 1432 1442 1470
93 1 1 1 77 62 104
94 1 1 1 1444 1427 1404
95 1 1 1 298 284 305
96 1 1 1 140 159 117
97 1 1 1 161 136 160
98 1 1 1 1405 1445 1428
99 1 1 1 96 103 137
100 1 1 1 1443 1507 1463
101 1 1 1 106 64 78
102 1 1 1 113 72 93
103 1 1 1 1435 1394 1417
104 1 1 1 1454 1407 1424
105 1 1 1 104 62 75
106 1 1 1 1438 1453 1421
107 1 1 1 161 160 202
108 1 1 1 1446 1401 1432
109 1 1 1 53 99 86
110 1 1 1 1401 1446 1431
111 1 1 1 1375 1374 1349
112 1 1 1 1445 1405 1430
113 1 1 1 1373 1344 1370
114 1 1 1 850 808 828
115 1 1 1 620 598 596
116 1 1 1 621 598 620
117 1 1 1 112 69 87
118 1 1 1 68 111 94
119 1 1 1 556 554 514
120 1 1 1 346 388 387
121 1 1 1 1429 1444 1404
122 1 1 1 76 67 38
123 1 1 1 50 65 81
124 1 1 1 68 43 80
125 1 1 1 123 98 85
126 1 1 1 492 495 535
127 1 1 1 114 73 91
128 1 1 1 203 160 179
129 1 1 1 95 84 46
130 1 1 1 159 148 117
131 1 1 1 105 140 117
132 1 1 1 1036 1076 1056
133 1 1 1 661 702 681
134 1 1 1 284 245 304
135 1 1 1 1390 1402 1432
136 1 1 1 73 114 89
137 1 1 1 1097 1119 1139
138 1 1 1 54 101 87
139 1 1 1 1401 1390 1432
140 1 1 1 72 44 93
141 1 1 1 1460 1435 1417
142 1 1 1 1344 1373 1347
143 1 1 1 1382 1408 1423
144 1 1 1 97 121 83
145 1 1 1 1076 1037 1097
146 1 1 1 702 662 703
147 1 1 1 64 76 38
148 1 1 1 786 808 787
149 1 1 1 555 598 556
150 1 1 1 1161 1162 1139
151 1 1 1 72 113 90
152 1 1 1 1270 1313 1305
153 1 1 1 1188 1203 1161
154 1 1 1 202 203 243
155 1 1 1 1119 1161 1139
156 1 1 1 893 933 913
157 1 1 1 103 57 86
158 1 1 1 1057 1098 1097
159 1 1 1 682 724 703
160 1 1 1 1440 1403 1409
161 1 1 1 52 100 85
162 1 1 1 1400 1439 1424
163 1 1 1 1224 1202 1203
164 1 1 1 973 953 913
165 1 1 1 67 110 88
166 1 1 1 1345 1377 1391
167 1 1 1 102 58 83
168 1 1 1 1442 1402 1423
169 1 1 1 1372 1343 1374
170 1 1 1 1394 1435 1420
171 1 1 1 264 306 304
172 1 1 1 245 264 304
173 1 1 1 933 973 913
174 1 1 1 107 66 94
175 1 1 1 104 75 118
176 1 1 1 1346 1326 1305
177 1 1 1 1377 1345 1348
178 1 1 1 1313 1346 1305
179 1 1 1 1264 1270 1305
180 1 1 1 514 554 495
181 1 1 1 472 494 515
182 1 1 1 452 494 472
183 1 1 1 1098 1119 1097
184 1 1 1 1037 1057 1097
185 1 1 1 724 765 703
186 1 1 1 662 682 703
187 1 1 1 118 162 141
188 1 1 1 681 702 723
189 1 1 1 104 118 141
190 1 1 1 1203 1188 1223
191 1 1 1 106 78 128
192 1 1 1 62 77 39
193 1 1 1 1427 1444 1469
194 1 1 1 284 304 326
195 1 1 1 1408 1383 1421
196 1 1 1 73 63 91
197 1 1 1 129 153 107
198 1 1 1 284 326 305
199 1 1 1 162 118 153
200 1 1 1 304 306 346
201 1 1 1 153 118 107
202 1 1 1 1428 1445 1468
203 1 1 1 136 161 133
204 1 1 1 1459 1461 1419
205 1 1 1 785 787 807
206 1 1 1 554 556 577
207 1 1 1 265 244 285
208 1 1 1 1041 1083 1065
209 1 1 1 1019 1060 1039
210 1 1 1 996 1019 1039
211 1 1 1 644 665 684
212 1 1 1 665 705 684
213 1 1 1 1003 1027 1045
214 1 1 1 1027 1041 1065
215 1 1 1 1121 1143 1100
216 1 1 1 1106 1083 1062
217 1 1 1 900 874 856
218 1 1 1 624 603 645
219 1 1 1 244 266 285
220 1 1 1 874 833 856
221 1 1 1 1021 1040 997
222 1 1 1 923 901 878
223 1 1 1 857 875 903
224 1 1 1 816 772 793
225 1 1 1 625 604 646
226 1 1 1 1027 1065 1045
227 1 1 1 665 644 624
228 1 1 1 581 604 625
229 1 1 1 859 876 834
230 1 1 1 705 727 684
231 1 1 1 1083 1041 1062
232 1 1 1 1003 1025 983
233 1 1 1 835 816 793
234 1 1 1 1060 1019 1040
235 1 1 1 963 985 1003
236 1 1 1 521 540 562
237 1 1 1 835 859 816
238 1 1 1 604 581 562
239 1 1 1 500 524 541
240 1 1 1 666 625 646
241 1 1 1 459 439 484
242 1 1 1 874 897 855
243 1 1 1 1108 1085 1067
244 1 1 1 985 1027 1003
245 1 1 1 897 873 855
246 1 1 1 1110 1088 1069
247 1 1 1 1087 1046 1068
248 1 1 1 963 1003 983
249 1 1 1 1088 1047 1069
250 1 1 1 876 900 856
251 1 1 1 665 624 645
252 1 1 1 833 874 855
253 1 1 1 540 582 562
254 1 1 1 1024 1048 1005
255 1 1 1 1109 1087 1068
256 1 1 1 917 958 944
257 1 1 1 875 917 903
258 1 1 1 917 944 903
259 1 1 1 963 944 985
260 1 1 1 901 859 878
261 1 1 1 859 835 878
262 1 1 1 903 923 878
263 1 1 1 857 903 878
264 1 1 1 996 1039 1018
265 1 1 1 540 521 501
266 1 1 1 1005 960 982
267 1 1 1 480 522 501
268 1 1 1 1067 1085 1048
269 1 1 1 522 500 541
270 1 1 1 582 604 562
271 1 1 1 927 947 907
272 1 1 1 1089 1049 1070
273 1 1 1 1024 1067 1048
274 1 1 1 479 458 501
275 1 1 1 1089 1069 1049
276 1 1 1 1089 1110 1069
277 1 1 1 673 693 650
278 1 1 1 542 565 586
279 1 1 1 1029 1006 987
280 1 1 1 1047 1088 1068
281 1 1 1 1040 1019 997
282 1 1 1 1087 1108 1067
283 1 1 1 1024 1005 982
284 1 1 1 1085 1107 1066
285 1 1 1 1046 1087 1067
286 1 1 1 747 725 704
287 1 1 1 588 632 609
288 1 1 1 473 513 534
289 1 1 1 558 536 578
290 1 1 1 926 947 966
291 1 1 1 522 480 500
292 1 1 1 926 966 946
293 1 1 1 633 653 611
294 1 1 1 772 816 792
295 1 1 1 747 704 726
296 1 1 1 1029 987 1007
297 1 1 1 1088 1109 1068
298 1 1 1 491 512 533
299 1 1 1 1030 1050 1007
300 1 1 1 527 481 502
301 1 1 1 496 476 518
302 1 1 1 521 562 539
303 1 1 1 568 523 542
304 1 1 1 1321 1282 1302
305 1 1 1 1143 1120 1100
306 1 1 1 545 527 502
307 1 1 1 1029 1049 1006
308 1 1 1 1281 1260 1301
309 1 1 1 1048 1085 1066
310 1 1 1 523 568 545
311 1 1 1 500 459 484
312 1 1 1 490 511 532
313 1 1 1 607 629 652
314 1 1 1 947 926 907
315 1 1 1 725 683 704
316 1 1 1 439 460 484
317 1 1 1 460 481 505
318 1 1 1 523 545 502
319 1 1 1 781 801 760
320 1 1 1 876 856 834
321 1 1 1 1025 1003 1045
322 1 1 1 562 581 539
323 1 1 1 458 480 501
324 1 1 1 521 479 501
325 1 1 1 522 540 501
326 1 1 1 1005 1023 980
327 1 1 1 631 607 652
328 1 1 1 307 265 285
329 1 1 1 683 663 704
330 1 1 1 254 235 211
331 1 1 1 513 553 534
332 1 1 1 672 629 650
333 1 1 1 1337 1320 1301
334 1 1 1 693 672 650
335 1 1 1 235 215 198
336 1 1 1 231 254 211
337 1 1 1 629 672 652
338 1 1 1 632 673 650
339 1 1 1 211 235 198
340 1 1 1 481 527 505
341 1 1 1 465 507 486
342 1 1 1 1023 1043 998
343 1 1 1 20 21 47
344 1 1 1 609 632 650
345 1 1 1 632 588 611
346 1 1 1 1337 1383 1367
347 1 1 1 6 7 59
348 1 1 1 1242 1220 1261
349 1 1 1 1107 1086 1066
350 1 1 1 653 632 611
351 1 1 1 1312 1269 1290
352 1 1 1 373 353 344
353 1 1 1 437 416 394
354 1 1 1 589 633 611
355 1 1 1 1302 1282 1261
356 1 1 1 1282 1321 1301
357 1 1 1 547 528 507
358 1 1 1 416 372 394
359 1 1 1 45 20 47
360 1 1 1 174 194 150
361 1 1 1 1243 1262 1283
362 1 1 1 801 780 760
363 1 1 1 490 469 511
364 1 1 1 569 528 547
365 1 1 1 768 725 747
366 1 1 1 568 542 586
367 1 1 1 569 589 611
368 1 1 1 524 500 484
369 1 1 1 683 642 663
370 1 1 1 685 663 643
371 1 1 1 480 438 459
372 1 1 1 511 551 532
373 1 1 1 1269 1250 1290
374 1 1 1 1005 1048 1023
375 1 1 1 1320 1281 1301
376 1 1 1 7 57 59
377 1 1 1 512 552 533
378 1 1 1 173 152 120
379 1 1 1 765 766 806
380 1 1 1 448 469 490
381 1 1 1 150 120 110
382 1 1 1 603 625 645
383 1 1 1 1320 1337 1367
384 1 1 1 1191 1209 1168
385 1 1 1 589 569 547
386 1 1 1 1111 1089 1070
387 1 1 1 1090 1111 1070
388 1 1 1 1260 1282 1301
389 1 1 1 960 1005 980
390 1 1 1 836 815 794
391 1 1 1 1191 1232 1209
392 1 1 1 866 884 843
393 1 1 1 5 6 55
394 1 1 1 448 405 428
395 1 1 1 21 48 47
396 1 1 1 647 627 668
397 1 1 1 460 505 484
398 1 1 1 174 150 125
399 1 1 1 766 809 806
400 1 1 1 469 448 428
401 1 1 1 765 806 786
402 1 1 1 768 747 788
403 1 1 1 173 120 150
404 1 1 1 499 521 539
405 1 1 1 1356 1312 1331
406 1 1 1 747 726 767
407 1 1 1 24 73 61
408 1 1 1 1243 1283 1261
409 1 1 1 194 173 150
410 1 1 1 1410 1374 1411
411 1 1 1 1026 1047 1068
412 1 1 1 51 55 92
413 1 1 1 815 773 794
414 1 1 1 500 480 459
415 1 1 1 1046 1026 1068
416 1 1 1 688 708 667
417 1 1 1 1166 1147 1182
418 1 1 1 580 603 624
419 1 1 1 1491 1492 1460
420 1 1 1 1282 1242 1261
421 1 1 1 220 239 199
422 1 1 1 47 48 98
423 1 1 1 1426 1398 1379
424 1 1 1 767 789 811
425 1 1 1 647 688 667
426 1 1 1 884 865 843
427 1 1 1 830 810 788
428 1 1 1 809 849 806
429 1 1 1 1191 1168 1144
430 1 1 1 1191 1210 1232
431 1 1 1 1210 1252 1232
432 1 1 1 417 437 394
433 1 1 1 1220 1243 1261
434 1 1 1 415 393 436
435 1 1 1 816 859 834
436 1 1 1 416 393 372
437 1 1 1 21 22 48
438 1 1 1 1462 1491 1460
439 1 1 1 837 817 795
440 1 1 1 1451 1410 1411
441 1 1 1 817 774 795
442 1 1 1 5 55 51
443 1 1 1 810 768 788
444 1 1 1 549 509 531
445 1 1 1 507 528 486
446 1 1 1 1168 1121 1144
447 1 1 1 320 298 327
448 1 1 1 1412 1455 1413
449 1 1 1 1451 1448 1410
450 1 1 1 92 55 96
451 1 1 1 1495 1448 1451
452 1 1 1 152 173 199
453 1 1 1 1070 1049 1029
454 1 1 1 1497 1449 1455
455 1 1 1 178 157 130
456 1 1 1 1247 1227 1211
457 1 1 1 520 499 539
458 1 1 1 1244 1262 1221
459 1 1 1 1492 1435 1460
460 1 1 1 884 927 907
461 1 1 1 66 34 68
462 1 1 1 623 644 664
463 1 1 1 1262 1243 1221
464 1 1 1 788 767 811
465 1 1 1 193 157 178
466 1 1 1 1262 1284 1303
467 1 1 1 688 647 668
468 1 1 1 809 851 849
469 1 1 1 664 644 684
470 1 1 1 1247 1275 1227
471 1 1 1 1272 1291 1251
472 1 1 1 239 219 199
473 1 1 1 48 22 52
474 1 1 1 623 602 644
475 1 1 1 1295 1275 1247
476 1 1 1 509 489 531
477 1 1 1 406 384 365
478 1 1 1 1455 1449 1413
479 1 1 1 1227 1249 1206
480 1 1 1 669 649 690
481 1 1 1 55 6 59
482 1 1 1 173 220 199
483 1 1 1 1414 1456 1415
484 1 1 1 1157 1115 1136
485 1 1 1 420 441 461
486 1 1 1 747 767 788
487 1 1 1 1168 1209 1190
488 1 1 1 1232 1251 1209
489 1 1 1 860 837 818
490 1 1 1 602 580 624
491 1 1 1 1283 1262 1303
492 1 1 1 724 766 765
493 1 1 1 1030 988 1008
494 1 1 1 466 508 487
495 1 1 1 818 837 795
496 1 1 1 1321 1337 1301
497 1 1 1 386 366 343
498 1 1 1 508 529 487
499 1 1 1 1252 1272 1232
500 1 1 1 4 5 51
501 1 1 1 125 150 110
502 1 1 1 473 453 513
503 1 1 1 1496 1497 1455
504 1 1 1 1169 1191 1144
505 1 1 1 1245 1265 1225
506 1 1 1 393 416 436
507 1 1 1 384 341 365
508 1 1 1 815 835 793
509 1 1 1 1272 1251 1232
510 1 1 1 1274 1234 1249
511 1 1 1 298 278 263
512 1 1 1 184 177 156
513 1 1 1 278 237 263
514 1 1 1 1050 1029 1007
515 1 1 1 154 131 101
516 1 1 1 1492 1493 1435
517 1 1 1 865 823 843
518 1 1 1 664 684 706
519 1 1 1 496 455 476
520 1 1 1 512 473 534
521 1 1 1 366 319 343
522 1 1 1 154 164 131
523 1 1 1 710 669 690
524 1 1 1 1294 1274 1249
525 1 1 1 580 561 603
526 1 1 1 489 509 467
527 1 1 1 927 967 947
528 1 1 1 178 130 152
529 1 1 1 35 36 43
530 1 1 1 320 327 348
531 1 1 1 572 549 531
532 1 1 1 35 43 68
533 1 1 1 287 333 309
534 1 1 1 23 24 61
535 1 1 1 1041 1020 1062
536 1 1 1 1170 1186 1207
537 1 1 1 927 948 967
538 1 1 1 1283 1302 1261
539 1 1 1 152 130 99
540 1 1 1 1186 1234 1207
541 1 1 1 644 602 624
542 1 1 1 343 320 348
543 1 1 1 603 581 625
544 1 1 1 441 482 461
545 1 1 1 353 330 322
546 1 1 1 1245 1225 1204
547 1 1 1 1414 1449 1456
548 1 1 1 185 164 154
549 1 1 1 1286 1265 1245
550 1 1 1 378 359 400
551 1 1 1 1384 1362 1404
552 1 1 1 538 520 561
553 1 1 1 19 20 45
554 1 1 1 912 888 870
555 1 1 1 440 420 461
556 1 1 1 453 473 432
557 1 1 1 837 860 877
558 1 1 1 130 157 103
559 1 1 1 1500 1501 1459
560 1 1 1 455 434 413
561 1 1 1 1435 1493 1452
562 1 1 1 407 430 432
563 1 1 1 1427 1384 1404
564 1 1 1 52 23 61
565 1 1 1 219 193 178
566 1 1 1 1249 1234 1206
567 1 1 1 405 384 428
568 1 1 1 193 180 157
569 1 1 1 1331 1312 1290
570 1 1 1 125 110 76
571 1 1 1 222 195 223
572 1 1 1 1265 1295 1247
573 1 1 1 1399 1437 1422
574 1 1 1 1452 1451 1411
575 1 1 1 1449 1498 1456
576 1 1 1 49 50 97
577 1 1 1 475 455 496
578 1 1 1 155 166 198
579 1 1 1 359 379 400
580 1 1 1 223 195 201
581 1 1 1 447 427 468
582 1 1 1 447 404 427
583 1 1 1 374 354 331
584 1 1 1 603 561 581
585 1 1 1 465 487 507
586 1 1 1 850 889 848
587 1 1 1 959 978 937
588 1 1 1 817 836 794
589 1 1 1 335 358 311
590 1 1 1 171 141 181
591 1 1 1 251 232 274
592 1 1 1 499 479 521
593 1 1 1 1415 1416 1377
594 1 1 1 927 908 948
595 1 1 1 1410 1412 1372
596 1 1 1 1042 1061 1021
597 1 1 1 1413 1449 1414
598 1 1 1 333 356 309
599 1 1 1 1413 1414 1373
600 1 1 1 1410 1448 1412
601 1 1 1 850 848 808
602 1 1 1 115 147 135
603 1 1 1 1339 1363 1385
604 1 1 1 1410 1372 1374
605 1 1 1 628 608 649
606 1 1 1 1456 1450 1415
607 1 1 1 237 222 263
608 1 1 1 1323 1363 1339
609 1 1 1 371 329 352
610 1 1 1 538 561 580
611 1 1 1 1494 1495 1451
612 1 1 1 1227 1275 1249
613 1 1 1 1323 1340 1363
614 1 1 1 908 928 948
615 1 1 1 1246 1266 1235
616 1 1 1 860 899 877
617 1 1 1 430 453 432
618 1 1 1 458 438 480
619 1 1 1 28 50 49
620 1 1 1 230 250 271
621 1 1 1 1275 1294 1249
622 1 1 1 824 844 866
623 1 1 1 152 99 120
624 1 1 1 1158 1179 1136
625 1 1 1 1452 1494 1451
626 1 1 1 445 466 487
627 1 1 1 888 847 870
628 1 1 1 585 608 628
629 1 1 1 132 154 101
630 1 1 1 165 185 154
631 1 1 1 146 132 113
632 1 1 1 1225 1247 1211
633 1 1 1 630 670 649
634 1 1 1 73 25 63
635 1 1 1 397 420 440
636 1 1 1 1244 1284 1262
637 1 1 1 183 144 161
638 1 1 1 579 602 623
639 1 1 1 1362 1385 1404
640 1 1 1 377 357 334
641 1 1 1 265 225 244
642 1 1 1 131 164 156
643 1 1 1 311 358 334
644 1 1 1 1415 1450 1416
645 1 1 1 1031 1051 1008
646 1 1 1 372 330 353
647 1 1 1 1339 1385 1362
648 1 1 1 297 278 320
649 1 1 1 1385 1403 1429
650 1 1 1 372 352 330
651 1 1 1 1179 1157 1136
652 1 1 1 451 389 410
653 1 1 1 488 446 467
654 1 1 1 319 297 343
655 1 1 1 164 184 156
656 1 1 1 1284 1304 1323
657 1 1 1 132 165 154
658 1 1 1 561 520 539
659 1 1 1 151 111 126
660 1 1 1 511 491 533
661 1 1 1 626 605 647
662 1 1 1 1288 1266 1246
663 1 1 1 889 912 870
664 1 1 1 33 34 66
665 1 1 1 767 726 748
666 1 1 1 427 405 448
667 1 1 1 320 278 298
668 1 1 1 608 630 649
669 1 1 1 988 967 1008
670 1 1 1 391 369 413
671 1 1 1 336 379 359
672 1 1 1 1396 1427 1438
673 1 1 1 1490 1491 1462
674 1 1 1 739 761 781
675 1 1 1 312 359 335
676 1 1 1 1502 1503 1441
677 1 1 1 1338 1362 1384
678 1 1 1 799 841 821
679 1 1 1 188 212 231
680 1 1 1 1363 1371 1403
681 1 1 1 944 958 985
682 1 1 1 481 461 502
683 1 1 1 412 389 451
684 1 1 1 1317 1297 1334
685 1 1 1 379 423 400
686 1 1 1 429 407 432
687 1 1 1 1225 1265 1247
688 1 1 1 268 227 247
689 1 1 1 1051 1030 1008
690 1 1 1 1385 1429 1404
691 1 1 1 318 296 342
692 1 1 1 96 55 59
693 1 1 1 248 289 269
694 1 1 1 332 308 286
695 1 1 1 252 294 272
696 1 1 1 1115 1093 1136
697 1 1 1 1021 1061 1040
698 1 1 1 309 286 267
699 1 1 1 222 175 195
700 1 1 1 1201 1244 1221
701 1 1 1 289 335 311
702 1 1 1 676 717 696
703 1 1 1 1308 1286 1266
704 1 1 1 208 228 247
705 1 1 1 1338 1384 1361
706 1 1 1 882 863 841
707 1 1 1 605 627 647
708 1 1 1 1499 1450 1456
709 1 1 1 371 351 329
710 1 1 1 360 401 379
711 1 1 1 222 223 263
712 1 1 1 391 350 369
713 1 1 1 1361 1384 1396
714 1 1 1 1022 1063 1042
715 1 1 1 1244 1263 1284
716 1 1 1 404 383 427
717 1 1 1 185 207 164
718 1 1 1 384 406 428
719 1 1 1 874 919 897
720 1 1 1 1060 1101 1079
721 1 1 1 342 319 366
722 1 1 1 628 649 669
723 1 1 1 1169 1210 1191
724 1 1 1 1313 1357 1346
725 1 1 1 1054 1093 1074
726 1 1 1 336 359 312
727 1 1 1 358 377 334
728 1 1 1 1235 1245 1204
729 1 1 1 1064 1104 1082
730 1 1 1 1044 1082 1063
731 1 1 1 1448 1496 1455
732 1 1 1 536 517 496
733 1 1 1 34 35 68
734 1 1 1 1075 1116 1093
735 1 1 1 402 445 424
736 1 1 1 231 212 251
737 1 1 1 380 424 401
738 1 1 1 739 781 760
739 1 1 1 230 213 250
740 1 1 1 959 1000 978
741 1 1 1 342 296 319
742 1 1 1 401 444 423
743 1 1 1 1009 1031 989
744 1 1 1 407 366 386
745 1 1 1 1297 1318 1334
746 1 1 1 789 831 811
747 1 1 1 430 386 408
748 1 1 1 1022 1042 1000
749 1 1 1 892 889 850
750 1 1 1 1108 1128 1085
751 1 1 1 1499 1500 1450
752 1 1 1 186 208 165
753 1 1 1 379 401 423
754 1 1 1 989 1031 1008
755 1 1 1 419 397 440
756 1 1 1 297 256 278
757 1 1 1 165 208 185
758 1 1 1 1105 1125 1084
759 1 1 1 415 371 393
760 1 1 1 460 440 481
761 1 1 1 312 335 289
762 1 1 1 1044 1063 1022
763 1 1 1 924 904 881
764 1 1 1 1266 1286 1245
765 1 1 1 31 32 62
766 1 1 1 212 232 251
767 1 1 1 288 310 268
768 1 1 1 656 677 697
769 1 1 1 407 386 430
770 1 1 1 947 967 988
771 1 1 1 196 221 174
772 1 1 1 1060 1079 1039
773 1 1 1 475 434 455
774 1 1 1 1080 1122 1101
775 1 1 1 1080 1101 1060
776 1 1 1 627 606 648
777 1 1 1 841 863 821
778 1 1 1 1497 1498 1449
779 1 1 1 1107 1127 1086
780 1 1 1 431 408 412
781 1 1 1 125 76 106
782 1 1 1 1106 1126 1083
783 1 1 1 1064 1082 1044
784 1 1 1 1061 1102 1080
785 1 1 1 1084 1104 1064
786 1 1 1 430 408 431
787 1 1 1 269 289 311
788 1 1 1 230 271 249
789 1 1 1 582 605 626
790 1 1 1 1436 1398 1426
791 1 1 1 1084 1125 1104
792 1 1 1 1042 1081 1061
793 1 1 1 401 424 444
794 1 1 1 1085 1128 1107
795 1 1 1 454 412 451
796 1 1 1 864 882 841
797 1 1 1 1086 1127 1106
798 1 1 1 184 206 177
799 1 1 1 1504 1505 1445
800 1 1 1 335 359 378
801 1 1 1 227 208 247
802 1 1 1 1385 1363 1403
803 1 1 1 911 930 887
804 1 1 1 58 27 49
805 1 1 1 1083 1126 1105
806 1 1 1 426 404 447
807 1 1 1 1074 1093 1115
808 1 1 1 1075 1093 1054
809 1 1 1 1396 1384 1427
810 1 1 1 334 357 310
811 1 1 1 246 287 267
812 1 1 1 383 364 405
813 1 1 1 360 379 336
814 1 1 1 1495 1496 1448
815 1 1 1 425 466 445
816 1 1 1 26 58 63
817 1 1 1 174 125 142
818 1 1 1 385 366 407
819 1 1 1 412 368 389
820 1 1 1 364 341 384
821 1 1 1 234 216 255
822 1 1 1 431 412 454
823 1 1 1 558 517 536
824 1 1 1 439 419 460
825 1 1 1 509 488 467
826 1 1 1 919 959 937
827 1 1 1 1361 1396 1383
828 1 1 1 546 588 566
829 1 1 1 1000 1042 1021
830 1 1 1 606 585 628
831 1 1 1 928 968 948
832 1 1 1 213 233 250
833 1 1 1 885 928 908
834 1 1 1 1307 1288 1267
835 1 1 1 1407 1359 1381
836 1 1 1 1229 1270 1264
837 1 1 1 848 870 829
838 1 1 1 1133 1113 1155
839 1 1 1 1308 1266 1288
840 1 1 1 28 29 50
841 1 1 1 376 356 333
842 1 1 1 872 915 895
843 1 1 1 968 1009 989
844 1 1 1 1009 1052 1031
845 1 1 1 209 248 228
846 1 1 1 1306 1295 1265
847 1 1 1 761 802 781
848 1 1 1 1248 1267 1226
849 1 1 1 252 275 294
850 1 1 1 186 228 208
851 1 1 1 402 424 380
852 1 1 1 821 863 840
853 1 1 1 1363 1340 1371
854 1 1 1 164 207 184
855 1 1 1 1322 1362 1338
856 1 1 1 649 670 690
857 1 1 1 335 378 358
858 1 1 1 781 824 801
859 1 1 1 1122 1169 1144
860 1 1 1 460 419 440
861 1 1 1 904 862 881
862 1 1 1 1031 1072 1051
863 1 1 1 898 917 875
864 1 1 1 228 269 247
865 1 1 1 844 885 866
866 1 1 1 449 429 470
867 1 1 1 288 334 310
868 1 1 1 424 445 465
869 1 1 1 621 619 598
870 1 1 1 491 470 512
871 1 1 1 1316 1294 1275
872 1 1 1 468 427 448
873 1 1 1 26 27 58
874 1 1 1 583 606 627
875 1 1 1 640 597 619
876 1 1 1 836 857 815
877 1 1 1 866 908 884
878 1 1 1 512 470 473
879 1 1 1 947 988 966
880 1 1 1 146 165 132
881 1 1 1 383 405 427
882 1 1 1 802 844 824
883 1 1 1 332 355 308
884 1 1 1 209 228 186
885 1 1 1 1287 1267 1248
886 1 1 1 981 1000 959
887 1 1 1 1248 1226 1212
888 1 1 1 468 448 490
889 1 1 1 1104 1146 1124
890 1 1 1 415 392 371
891 1 1 1 434 391 413
892 1 1 1 898 938 917
893 1 1 1 1323 1304 1340
894 1 1 1 233 252 272
895 1 1 1 468 490 510
896 1 1 1 918 938 898
897 1 1 1 24 25 73
898 1 1 1 804 827 846
899 1 1 1 930 970 950
900 1 1 1 802 824 781
901 1 1 1 1031 1052 1072
902 1 1 1 386 343 348
903 1 1 1 517 475 496
904 1 1 1 341 318 365
905 1 1 1 836 875 857
906 1 1 1 1201 1222 1244
907 1 1 1 779 822 799
908 1 1 1 1079 1101 1121
909 1 1 1 22 23 52
910 1 1 1 676 656 697
911 1 1 1 661 619 621
912 1 1 1 897 919 937
913 1 1 1 1133 1091 1113
914 1 1 1 481 440 461
915 1 1 1 1274 1253 1234
916 1 1 1 380 401 360
917 1 1 1 449 470 491
918 1 1 1 858 875 836
919 1 1 1 297 320 343
920 1 1 1 1098 1141 1119
921 1 1 1 978 1000 1021
922 1 1 1 815 857 835
923 1 1 1 1235 1266 1245
924 1 1 1 288 268 247
925 1 1 1 529 548 570
926 1 1 1 319 277 297
927 1 1 1 1061 1081 1102
928 1 1 1 465 445 487
929 1 1 1 1042 1063 1081
930 1 1 1 862 840 881
931 1 1 1 1450 1500 1459
932 1 1 1 1080 1102 1122
933 1 1 1 940 959 919
934 1 1 1 618 576 597
935 1 1 1 1154 1176 1196
936 1 1 1 885 908 866
937 1 1 1 393 352 372
938 1 1 1 775 796 818
939 1 1 1 911 951 930
940 1 1 1 1087 1129 1108
941 1 1 1 1267 1288 1246
942 1 1 1 145 188 166
943 1 1 1 804 846 826
944 1 1 1 900 919 874
945 1 1 1 177 206 196
946 1 1 1 822 864 841
947 1 1 1 1338 1321 1302
948 1 1 1 1498 1499 1456
949 1 1 1 868 887 910
950 1 1 1 948 989 967
951 1 1 1 718 761 739
952 1 1 1 884 908 927
953 1 1 1 233 272 250
954 1 1 1 1016 1057 1037
955 1 1 1 1318 1278 1298
956 1 1 1 564 585 606
957 1 1 1 848 889 870
958 1 1 1 389 368 347
959 1 1 1 318 276 296
960 1 1 1 228 248 269
961 1 1 1 27 28 49
962 1 1 1 1493 1494 1452
963 1 1 1 773 815 793
964 1 1 1 869 911 887
965 1 1 1 1300 1320 1336
966 1 1 1 412 408 368
967 1 1 1 583 627 605
968 1 1 1 597 576 554
969 1 1 1 1359 1317 1334
970 1 1 1 1252 1292 1272
971 1 1 1 1116 1158 1136
972 1 1 1 342 366 385
973 1 1 1 405 364 384
974 1 1 1 1307 1267 1287
975 1 1 1 546 569 588
976 1 1 1 1091 1072 1113
977 1 1 1 269 311 288
978 1 1 1 701 680 660
979 1 1 1 358 378 399
980 1 1 1 1211 1227 1185
981 1 1 1 1176 1217 1196
982 1 1 1 1051 1072 1091
983 1 1 1 270 289 248
984 1 1 1 1051 1091 1071
985 1 1 1 395 418 438
986 1 1 1 508 548 529
987 1 1 1 146 113 135
988 1 1 1 25 26 63
989 1 1 1 918 957 938
990 1 1 1 378 400 422
991 1 1 1 968 989 948
992 1 1 1 799 822 841
993 1 1 1 898 858 877
994 1 1 1 1335 1360 1390
995 1 1 1 226 246 267
996 1 1 1 1107 1149 1127
997 1 1 1 437 458 479
998 1 1 1 1175 1132 1154
999 1 1 1 269 288 247
1000 1 1 1 457 479 499
1001 1 1 1 898 875 858
1002 1 1 1 385 407 429
1003 1 1 1 417 438 458
1004 1 1 1 796 838 818
1005 1 1 1 827 869 846
1006 1 1 1 635 676 655
1007 1 1 1 933 974 973
1008 1 1 1 287 309 267
1009 1 1 1 1009 1032 1052
1010 1 1 1 229 248 209
1011 1 1 1 879 899 860
1012 1 1 1 905 924 881
1013 1 1 1 134 166 155
1014 1 1 1 1256 1277 1237
1015 1 1 1 648 606 628
1016 1 1 1 194 220 173
1017 1 1 1 1108 1150 1128
1018 1 1 1 1335 1319 1360
1019 1 1 1 968 990 1009
1020 1 1 1 332 286 309
1021 1 1 1 122 147 115
1022 1 1 1 885 909 928
1023 1 1 1 1325 1365 1342
1024 1 1 1 1106 1148 1126
1025 1 1 1 1022 981 1001
1026 1 1 1 430 431 453
1027 1 1 1 525 543 565
1028 1 1 1 1105 1147 1125
1029 1 1 1 899 939 918
1030 1 1 1 174 221 194
1031 1 1 1 928 949 968
1032 1 1 1 1092 1114 1134
1033 1 1 1 1052 1073 1092
1034 1 1 1 618 595 576
1035 1 1 1 1390 1360 1402
1036 1 1 1 967 989 1008
1037 1 1 1 930 951 970
1038 1 1 1 721 701 743
1039 1 1 1 1299 1319 1335
1040 1 1 1 1299 1335 1325
1041 1 1 1 882 905 863
1042 1 1 1 375 355 332
1043 1 1 1 1284 1323 1303
1044 1 1 1 425 445 402
1045 1 1 1 1071 1112 1090
1046 1 1 1 1109 1129 1087
1047 1 1 1 478 499 520
1048 1 1 1 166 188 211
1049 1 1 1 1044 1022 1001
1050 1 1 1 582 626 604
1051 1 1 1 858 836 817
1052 1 1 1 1257 1216 1239
1053 1 1 1 219 178 199
1054 1 1 1 639 617 595
1055 1 1 1 1022 1000 981
1056 1 1 1 185 227 207
1057 1 1 1 639 595 618
1058 1 1 1 1226 1267 1246
1059 1 1 1 237 197 222
1060 1 1 1 1238 1216 1257
1061 1 1 1 861 819 839
1062 1 1 1 185 208 227
1063 1 1 1 1176 1133 1155
1064 1 1 1 1284 1263 1304
1065 1 1 1 470 429 432
1066 1 1 1 1354 1309 1330
1067 1 1 1 838 879 860
1068 1 1 1 659 617 639
1069 1 1 1 1064 1044 1025
1070 1 1 1 1219 1198 1178
1071 1 1 1 858 837 877
1072 1 1 1 613 591 635
1073 1 1 1 1132 1112 1154
1074 1 1 1 1257 1239 1279
1075 1 1 1 268 310 287
1076 1 1 1 800 822 779
1077 1 1 1 469 491 511
1078 1 1 1 109 71 84
1079 1 1 1 560 580 602
1080 1 1 1 1335 1365 1325
1081 1 1 1 1095 1116 1075
1082 1 1 1 595 617 575
1083 1 1 1 364 317 341
1084 1 1 1 1112 1133 1154
1085 1 1 1 638 594 617
1086 1 1 1 1071 1091 1112
1087 1 1 1 383 340 364
1088 1 1 1 616 574 594
1089 1 1 1 879 920 899
1090 1 1 1 523 503 542
1091 1 1 1 1090 1112 1132
1092 1 1 1 616 594 638
1093 1 1 1 1255 1236 1214
1094 1 1 1 1361 1383 1337
1095 1 1 1 1277 1255 1237
1096 1 1 1 425 402 381
1097 1 1 1 618 597 640
1098 1 1 1 446 426 467
1099 1 1 1 462 483 503
1100 1 1 1 404 363 383
1101 1 1 1 356 375 332
1102 1 1 1 268 287 246
1103 1 1 1 1381 1334 1364
1104 1 1 1 1110 1130 1088
1105 1 1 1 899 918 877
1106 1 1 1 1339 1362 1322
1107 1 1 1 406 429 449
1108 1 1 1 1025 1044 1001
1109 1 1 1 791 814 833
1110 1 1 1 844 867 885
1111 1 1 1 1090 1132 1111
1112 1 1 1 677 718 697
1113 1 1 1 1299 1280 1319
1114 1 1 1 385 406 365
1115 1 1 1 482 503 523
1116 1 1 1 1052 1032 1073
1117 1 1 1 842 864 822
1118 1 1 1 1398 1356 1379
1119 1 1 1 1195 1175 1216
1120 1 1 1 1306 1265 1286
1121 1 1 1 1212 1226 1184
1122 1 1 1 830 788 811
1123 1 1 1 1244 1222 1263
1124 1 1 1 640 619 661
1125 1 1 1 869 887 846
1126 1 1 1 1279 1258 1299
1127 1 1 1 1093 1116 1136
1128 1 1 1 1338 1361 1321
1129 1 1 1 932 912 889
1130 1 1 1 1028 986 1006
1131 1 1 1 421 399 442
1132 1 1 1 594 552 575
1133 1 1 1 922 943 962
1134 1 1 1 1092 1073 1114
1135 1 1 1 341 295 318
1136 1 1 1 1051 1071 1030
1137 1 1 1 1072 1052 1092
1138 1 1 1 147 187 167
1139 1 1 1 1112 1091 1133
1140 1 1 1 880 861 839
1141 1 1 1 917 938 958
1142 1 1 1 986 965 1006
1143 1 1 1 565 543 584
1144 1 1 1 1328 1287 1309
1145 1 1 1 503 483 525
1146 1 1 1 95 92 138
1147 1 1 1 1002 1046 1024
1148 1 1 1 234 192 216
1149 1 1 1 1279 1299 1325
1150 1 1 1 168 212 188
1151 1 1 1 444 424 465
1152 1 1 1 368 408 348
1153 1 1 1 219 238 193
1154 1 1 1 356 332 309
1155 1 1 1 1365 1390 1401
1156 1 1 1 447 489 467
1157 1 1 1 838 860 818
1158 1 1 1 617 594 575
1159 1 1 1 279 299 321
1160 1 1 1 1153 1132 1175
1161 1 1 1 426 382 404
1162 1 1 1 342 385 365
1163 1 1 1 1297 1278 1318
1164 1 1 1 618 640 660
1165 1 1 1 639 618 660
1166 1 1 1 1239 1216 1196
1167 1 1 1 473 470 432
1168 1 1 1 525 565 542
1169 1 1 1 613 635 655
1170 1 1 1 1378 1359 1407
1171 1 1 1 553 595 575
1172 1 1 1 566 588 609
1173 1 1 1 904 880 862
1174 1 1 1 1111 1132 1153
1175 1 1 1 1175 1154 1196
1176 1 1 1 1154 1133 1176
1177 1 1 1 1354 1330 1376
1178 1 1 1 637 616 658
1179 1 1 1 634 613 655
1180 1 1 1 462 503 482
1181 1 1 1 1088 1130 1109
1182 1 1 1 802 825 844
1183 1 1 1 1092 1134 1113
1184 1 1 1 638 617 659
1185 1 1 1 635 591 614
1186 1 1 1 616 638 658
1187 1 1 1 418 396 439
1188 1 1 1 1322 1338 1302
1189 1 1 1 721 680 701
1190 1 1 1 680 639 660
1191 1 1 1 1279 1239 1258
1192 1 1 1 981 959 940
1193 1 1 1 637 593 616
1194 1 1 1 1316 1275 1295
1195 1 1 1 752 730 709
1196 1 1 1 564 606 583
1197 1 1 1 1257 1279 1298
1198 1 1 1 1206 1234 1186
1199 1 1 1 751 729 708
1200 1 1 1 1072 1092 1113
1201 1 1 1 375 396 355
1202 1 1 1 227 268 246
1203 1 1 1 918 939 957
1204 1 1 1 1402 1360 1382
1205 1 1 1 952 972 993
1206 1 1 1 840 863 881
1207 1 1 1 863 905 881
1208 1 1 1 955 977 996
1209 1 1 1 1299 1258 1280
1210 1 1 1 1255 1214 1237
1211 1 1 1 1335 1390 1365
1212 1 1 1 761 782 802
1213 1 1 1 659 639 680
1214 1 1 1 449 491 469
1215 1 1 1 278 256 237
1216 1 1 1 1101 1122 1144
1217 1 1 1 984 1026 1002
1218 1 1 1 1236 1254 1213
1219 1 1 1 587 630 608
1220 1 1 1 1278 1257 1298
1221 1 1 1 1300 1281 1320
1222 1 1 1 594 574 552
1223 1 1 1 842 822 800
1224 1 1 1 1137 1158 1116
1225 1 1 1 657 636 615
1226 1 1 1 945 924 905
1227 1 1 1 1476 1477 1440
1228 1 1 1 800 779 759
1229 1 1 1 376 397 356
1230 1 1 1 1195 1216 1238
1231 1 1 1 1199 1219 1178
1232 1 1 1 447 468 489
1233 1 1 1 940 919 900
1234 1 1 1 355 374 331
1235 1 1 1 462 442 483
1236 1 1 1 1216 1175 1196
1237 1 1 1 1069 1028 1049
1238 1 1 1 915 936 955
1239 1 1 1 718 740 761
1240 1 1 1 1381 1359 1334
1241 1 1 1 576 595 553
1242 1 1 1 1082 1104 1124
1243 1 1 1 125 106 142
1244 1 1 1 377 398 357
1245 1 1 1 186 165 146
1246 1 1 1 1153 1175 1195
1247 1 1 1 1217 1239 1196
1248 1 1 1 421 442 462
1249 1 1 1 899 920 939
1250 1 1 1 468 510 489
1251 1 1 1 1238 1257 1278
1252 1 1 1 456 435 415
1253 1 1 1 1365 1386 1342
1254 1 1 1 1318 1298 1342
1255 1 1 1 1333 1317 1359
1256 1 1 1 944 923 903
1257 1 1 1 1179 1199 1157
1258 1 1 1 872 896 915
1259 1 1 1 1319 1280 1300
1260 1 1 1 943 984 962
1261 1 1 1 918 898 877
1262 1 1 1 371 392 351
1263 1 1 1 714 694 736
1264 1 1 1 1111 1131 1089
1265 1 1 1 677 636 657
1266 1 1 1 656 614 636
1267 1 1 1 1298 1279 1325
1268 1 1 1 1344 1286 1308
1269 1 1 1 753 731 710
1270 1 1 1 371 352 393
1271 1 1 1 674 654 695
1272 1 1 1 262 242 283
1273 1 1 1 588 569 611
1274 1 1 1 1113 1134 1155
1275 1 1 1 1009 990 1032
1276 1 1 1 928 909 949
1277 1 1 1 1343 1288 1307
1278 1 1 1 394 353 373
1279 1 1 1 657 615 637
1280 1 1 1 648 628 669
1281 1 1 1 374 395 354
1282 1 1 1 288 311 334
1283 1 1 1 1416 1450 1459
1284 1 1 1 396 419 439
1285 1 1 1 911 931 951
1286 1 1 1 1023 1048 1066
1287 1 1 1 862 880 839
1288 1 1 1 1089 1131 1110
1289 1 1 1 635 656 676
1290 1 1 1 835 857 878
1291 1 1 1 1095 1075 1055
1292 1 1 1 1217 1176 1197
1293 1 1 1 985 958 999
1294 1 1 1 968 949 990
1295 1 1 1 297 277 256
1296 1 1 1 308 355 331
1297 1 1 1 616 593 574
1298 1 1 1 565 584 607
1299 1 1 1 774 817 794
1300 1 1 1 613 571 591
1301 1 1 1 372 353 394
1302 1 1 1 1107 1128 1149
1303 1 1 1 791 833 813
1304 1 1 1 1047 1004 1028
1305 1 1 1 1412 1448 1455
1306 1 1 1 1255 1276 1236
1307 1 1 1 239 257 219
1308 1 1 1 767 748 789
1309 1 1 1 784 827 804
1310 1 1 1 805 764 785
1311 1 1 1 184 226 206
1312 1 1 1 195 175 151
1313 1 1 1 885 867 909
1314 1 1 1 831 854 872
1315 1 1 1 1002 1024 982
1316 1 1 1 327 368 348
1317 1 1 1 691 711 670
1318 1 1 1 700 742 720
1319 1 1 1 1080 1060 1040
1320 1 1 1 581 561 539
1321 1 1 1 637 615 593
1322 1 1 1 1319 1300 1336
1323 1 1 1 1321 1361 1337
1324 1 1 1 634 655 675
1325 1 1 1 567 608 585
1326 1 1 1 901 876 859
1327 1 1 1 756 735 777
1328 1 1 1 357 376 333
1329 1 1 1 1106 1127 1148
1330 1 1 1 385 429 406
1331 1 1 1 1024 1046 1067
1332 1 1 1 312 289 270
1333 1 1 1 119 77 104
1334 1 1 1 750 771 791
1335 1 1 1 984 1002 962
1336 1 1 1 985 999 1027
1337 1 1 1 627 648 668
1338 1 1 1 1360 1319 1336
1339 1 1 1 952 993 971
1340 1 1 1 858 817 837
1341 1 1 1 635 614 656
1342 1 1 1 750 791 770
1343 1 1 1 782 740 762
1344 1 1 1 318 342 365
1345 1 1 1 658 638 679
1346 1 1 1 377 399 421
1347 1 1 1 1258 1239 1217
1348 1 1 1 1386 1401 1431
1349 1 1 1 752 709 731
1350 1 1 1 607 584 629
1351 1 1 1 374 396 418
1352 1 1 1 525 504 543
1353 1 1 1 196 241 221
1354 1 1 1 1277 1296 1255
1355 1 1 1 764 721 743
1356 1 1 1 925 905 882
1357 1 1 1 1105 1126 1147
1358 1 1 1 892 850 891
1359 1 1 1 546 528 569
1360 1 1 1 1104 1125 1146
1361 1 1 1 1260 1242 1282
1362 1 1 1 310 357 333
1363 1 1 1 1047 1028 1069
1364 1 1 1 754 732 711
1365 1 1 1 420 398 441
1366 1 1 1 751 708 730
1367 1 1 1 638 659 679
1368 1 1 1 498 520 538
1369 1 1 1 653 673 632
1370 1 1 1 970 951 992
1371 1 1 1 319 296 277
1372 1 1 1 1307 1287 1328
1373 1 1 1 563 605 582
1374 1 1 1 921 900 876
1375 1 1 1 674 695 715
1376 1 1 1 1109 1151 1129
1377 1 1 1 1108 1129 1150
1378 1 1 1 375 397 419
1379 1 1 1 169 187 147
1380 1 1 1 785 764 743
1381 1 1 1 358 399 377
1382 1 1 1 1110 1131 1152
1383 1 1 1 209 186 167
1384 1 1 1 1236 1276 1254
1385 1 1 1 1002 1026 1046
1386 1 1 1 753 710 732
1387 1 1 1 657 637 678
1388 1 1 1 526 506 546
1389 1 1 1 791 771 814
1390 1 1 1 789 812 831
1391 1 1 1 408 386 348
1392 1 1 1 626 647 667
1393 1 1 1 399 378 422
1394 1 1 1 943 904 924
1395 1 1 1 1298 1325 1342
1396 1 1 1 1256 1278 1297
1397 1 1 1 749 728 770
1398 1 1 1 659 680 700
1399 1 1 1 1220 1200 1243
1400 1 1 1 906 882 864
1401 1 1 1 780 759 738
1402 1 1 1 637 658 678
1403 1 1 1 1110 1152 1130
1404 1 1 1 651 670 630
1405 1 1 1 883 864 842
1406 1 1 1 1111 1153 1131
1407 1 1 1 945 905 925
1408 1 1 1 1365 1401 1386
1409 1 1 1 636 614 592
1410 1 1 1 844 825 867
1411 1 1 1 964 924 945
1412 1 1 1 526 546 566
1413 1 1 1 654 612 634
1414 1 1 1 442 399 422
1415 1 1 1 674 633 654
1416 1 1 1 1328 1309 1354
1417 1 1 1 634 590 613
1418 1 1 1 732 710 690
1419 1 1 1 654 634 675
1420 1 1 1 762 740 719
1421 1 1 1 799 821 778
1422 1 1 1 852 810 830
1423 1 1 1 382 403 362
1424 1 1 1 1382 1360 1336
1425 1 1 1 694 653 674
1426 1 1 1 252 235 275
1427 1 1 1 406 449 428
1428 1 1 1 694 674 715
1429 1 1 1 503 525 542
1430 1 1 1 730 708 688
1431 1 1 1 446 466 425
1432 1 1 1 922 880 904
1433 1 1 1 1219 1241 1198
1434 1 1 1 945 925 965
1435 1 1 1 906 883 926
1436 1 1 1 421 462 441
1437 1 1 1 462 482 441
1438 1 1 1 677 698 718
1439 1 1 1 136 138 160
1440 1 1 1 376 398 420
1441 1 1 1 587 608 567
1442 1 1 1 789 748 769
1443 1 1 1 693 713 672
1444 1 1 1 1430 1380 1395
1445 1 1 1 698 678 719
1446 1 1 1 659 700 679
1447 1 1 1 756 713 735
1448 1 1 1 838 861 879
1449 1 1 1 879 902 920
1450 1 1 1 1300 1280 1259
1451 1 1 1 1197 1176 1155
1452 1 1 1 802 782 825
1453 1 1 1 700 720 679
1454 1 1 1 796 755 776
1455 1 1 1 754 711 733
1456 1 1 1 488 508 466
1457 1 1 1 168 188 145
1458 1 1 1 700 680 721
1459 1 1 1 728 686 707
1460 1 1 1 584 543 566
1461 1 1 1 583 605 563
1462 1 1 1 754 733 775
1463 1 1 1 909 867 886
1464 1 1 1 1063 1082 1103
1465 1 1 1 691 670 651
1466 1 1 1 800 759 780
1467 1 1 1 1333 1359 1378
1468 1 1 1 233 215 252
1469 1 1 1 776 755 734
1470 1 1 1 775 733 755
1471 1 1 1 718 739 697
1472 1 1 1 574 593 551
1473 1 1 1 525 483 504
1474 1 1 1 714 673 694
1475 1 1 1 1157 1199 1178
1476 1 1 1 222 197 175
1477 1 1 1 1238 1278 1256
1478 1 1 1 544 585 564
1479 1 1 1 773 731 753
1480 1 1 1 1256 1297 1277
1481 1 1 1 718 698 740
1482 1 1 1 713 734 692
1483 1 1 1 796 819 838
1484 1 1 1 1109 1130 1151
1485 1 1 1 1255 1296 1276
1486 1 1 1 1339 1322 1303
1487 1 1 1 629 584 609
1488 1 1 1 776 734 756
1489 1 1 1 672 713 692
1490 1 1 1 143 182 163
1491 1 1 1 925 882 906
1492 1 1 1 709 730 688
1493 1 1 1 1026 1004 1047
1494 1 1 1 356 397 375
1495 1 1 1 883 842 865
1496 1 1 1 692 734 712
1497 1 1 1 922 904 943
1498 1 1 1 184 207 226
1499 1 1 1 761 740 782
1500 1 1 1 943 924 964
1501 1 1 1 615 636 592
1502 1 1 1 614 591 572
1503 1 1 1 355 396 374
1504 1 1 1 943 964 984
1505 1 1 1 906 864 883
1506 1 1 1 123 170 139
1507 1 1 1 775 755 796
1508 1 1 1 177 196 142
1509 1 1 1 207 227 246
1510 1 1 1 993 972 1015
1511 1 1 1 921 876 901
1512 1 1 1 612 633 589
1513 1 1 1 357 398 376
1514 1 1 1 670 711 690
1515 1 1 1 1137 1116 1095
1516 1 1 1 530 548 508
1517 1 1 1 1028 1004 986
1518 1 1 1 347 368 327
1519 1 1 1 774 732 754
1520 1 1 1 733 711 691
1521 1 1 1 656 636 677
1522 1 1 1 610 630 587
1523 1 1 1 610 587 568
1524 1 1 1 955 936 977
1525 1 1 1 1300 1259 1281
1526 1 1 1 270 248 229
1527 1 1 1 383 363 340
1528 1 1 1 984 1004 1026
1529 1 1 1 984 964 1004
1530 1 1 1 915 896 936
1531 1 1 1 845 825 803
1532 1 1 1 996 977 1019
1533 1 1 1 960 941 982
1534 1 1 1 543 504 526
1535 1 1 1 1256 1237 1215
1536 1 1 1 483 442 463
1537 1 1 1 51 92 95
1538 1 1 1 1277 1297 1317
1539 1 1 1 700 721 742
1540 1 1 1 364 340 317
1541 1 1 1 740 698 719
1542 1 1 1 404 382 363
1543 1 1 1 651 630 610
1544 1 1 1 753 732 774
1545 1 1 1 756 734 713
1546 1 1 1 362 403 381
1547 1 1 1 735 693 714
1548 1 1 1 902 861 880
1549 1 1 1 1281 1259 1241
1550 1 1 1 939 920 960
1551 1 1 1 565 607 586
1552 1 1 1 658 679 699
1553 1 1 1 869 888 911
1554 1 1 1 648 669 689
1555 1 1 1 752 731 773
1556 1 1 1 651 610 631
1557 1 1 1 902 880 922
1558 1 1 1 784 804 763
1559 1 1 1 375 419 396
1560 1 1 1 213 191 233
1561 1 1 1 772 730 752
1562 1 1 1 1049 1028 1006
1563 1 1 1 695 654 675
1564 1 1 1 720 742 763
1565 1 1 1 178 152 199
1566 1 1 1 446 403 426
1567 1 1 1 831 812 854
1568 1 1 1 567 544 527
1569 1 1 1 742 764 784
1570 1 1 1 932 889 892
1571 1 1 1 374 418 395
1572 1 1 1 1122 1145 1169
1573 1 1 1 771 729 751
1574 1 1 1 530 488 509
1575 1 1 1 216 192 171
1576 1 1 1 546 506 528
1577 1 1 1 1027 999 1041
1578 1 1 1 1127 1149 1171
1579 1 1 1 945 965 986
1580 1 1 1 1041 999 1020
1581 1 1 1 872 854 896
1582 1 1 1 755 733 712
1583 1 1 1 571 590 548
1584 1 1 1 186 146 167
1585 1 1 1 322 330 299
1586 1 1 1 1121 1101 1144
1587 1 1 1 1081 1063 1103
1588 1 1 1 1258 1217 1240
1589 1 1 1 921 901 942
1590 1 1 1 1371 1366 1406
1591 1 1 1 376 420 397
1592 1 1 1 190 232 212
1593 1 1 1 942 901 923
1594 1 1 1 231 251 273
1595 1 1 1 567 585 544
1596 1 1 1 736 694 715
1597 1 1 1 963 923 944
1598 1 1 1 341 317 295
1599 1 1 1 403 425 381
1600 1 1 1 584 566 609
1601 1 1 1 728 707 750
1602 1 1 1 526 504 485
1603 1 1 1 629 609 650
1604 1 1 1 591 571 549
1605 1 1 1 543 526 566
1606 1 1 1 714 736 757
1607 1 1 1 426 403 382
1608 1 1 1 1153 1195 1174
1609 1 1 1 838 819 861
1610 1 1 1 711 732 690
1611 1 1 1 830 853 871
1612 1 1 1 449 469 428
1613 1 1 1 593 615 573
1614 1 1 1 229 209 187
1615 1 1 1 796 776 819
1616 1 1 1 940 900 921
1617 1 1 1 1308 1288 1343
1618 1 1 1 677 657 698
1619 1 1 1 1277 1317 1296
1620 1 1 1 742 721 764
1621 1 1 1 942 923 963
1622 1 1 1 698 657 678
1623 1 1 1 911 888 931
1624 1 1 1 879 861 902
1625 1 1 1 775 818 795
1626 1 1 1 196 206 241
1627 1 1 1 318 295 276
1628 1 1 1 774 754 795
1629 1 1 1 965 925 946
1630 1 1 1 526 485 506
1631 1 1 1 426 447 467
1632 1 1 1 784 805 827
1633 1 1 1 754 775 795
1634 1 1 1 756 777 797
1635 1 1 1 964 945 986
1636 1 1 1 789 769 812
1637 1 1 1 1201 1181 1222
1638 1 1 1 1291 1314 1341
1639 1 1 1 1327 1295 1306
1640 1 1 1 226 207 246
1641 1 1 1 749 705 728
1642 1 1 1 615 592 573
1643 1 1 1 287 310 333
1644 1 1 1 777 735 757
1645 1 1 1 551 593 573
1646 1 1 1 1296 1317 1333
1647 1 1 1 1180 1159 1201
1648 1 1 1 516 557 555
1649 1 1 1 1195 1238 1215
1650 1 1 1 1485 1486 1446
1651 1 1 1 1482 1483 1457
1652 1 1 1 750 707 729
1653 1 1 1 751 730 772
1654 1 1 1 960 920 941
1655 1 1 1 544 564 524
1656 1 1 1 679 720 699
1657 1 1 1 735 714 757
1658 1 1 1 1272 1314 1291
1659 1 1 1 1483 1484 1442
1660 1 1 1 735 713 693
1661 1 1 1 613 590 571
1662 1 1 1 1481 1482 1453
1663 1 1 1 951 931 971
1664 1 1 1 400 423 443
1665 1 1 1 674 653 633
1666 1 1 1 742 784 763
1667 1 1 1 654 633 612
1668 1 1 1 1115 1157 1135
1669 1 1 1 634 612 590
1670 1 1 1 733 691 712
1671 1 1 1 377 421 398
1672 1 1 1 187 209 167
1673 1 1 1 1342 1386 1364
1674 1 1 1 145 166 134
1675 1 1 1 1032 990 1010
1676 1 1 1 827 847 869
1677 1 1 1 415 435 392
1678 1 1 1 474 516 494
1679 1 1 1 398 421 441
1680 1 1 1 251 274 292
1681 1 1 1 694 673 653
1682 1 1 1 1259 1280 1240
1683 1 1 1 992 951 971
1684 1 1 1 1280 1258 1240
1685 1 1 1 214 253 232
1686 1 1 1 380 360 337
1687 1 1 1 1004 964 986
1688 1 1 1 149 170 123
1689 1 1 1 784 764 805
1690 1 1 1 1174 1195 1215
1691 1 1 1 296 276 255
1692 1 1 1 728 705 686
1693 1 1 1 134 155 114
1694 1 1 1 975 934 954
1695 1 1 1 925 906 946
1696 1 1 1 433 474 452
1697 1 1 1 1181 1159 1138
1698 1 1 1 1322 1283 1303
1699 1 1 1 572 591 549
1700 1 1 1 840 862 820
1701 1 1 1 1074 1115 1094
1702 1 1 1 776 756 797
1703 1 1 1 734 755 712
1704 1 1 1 504 483 463
1705 1 1 1 906 926 946
1706 1 1 1 920 902 941
1707 1 1 1 714 693 673
1708 1 1 1 1180 1158 1137
1709 1 1 1 382 362 339
1710 1 1 1 797 777 820
1711 1 1 1 395 438 417
1712 1 1 1 571 548 530
1713 1 1 1 1281 1241 1260
1714 1 1 1 821 840 798
1715 1 1 1 1131 1153 1174
1716 1 1 1 922 962 941
1717 1 1 1 1334 1318 1364
1718 1 1 1 1217 1197 1240
1719 1 1 1 252 215 235
1720 1 1 1 1238 1256 1215
1721 1 1 1 750 729 771
1722 1 1 1 1095 1055 1077
1723 1 1 1 1152 1131 1174
1724 1 1 1 937 978 956
1725 1 1 1 267 286 260
1726 1 1 1 1122 1102 1145
1727 1 1 1 941 962 982
1728 1 1 1 563 540 522
1729 1 1 1 1345 1294 1316
1730 1 1 1 614 572 592
1731 1 1 1 1328 1354 1375
1732 1 1 1 564 583 541
1733 1 1 1 463 442 422
1734 1 1 1 568 587 545
1735 1 1 1 276 234 255
1736 1 1 1 1243 1200 1221
1737 1 1 1 612 589 570
1738 1 1 1 1015 994 1036
1739 1 1 1 1200 1179 1158
1740 1 1 1 349 390 388
1741 1 1 1 1381 1364 1400
1742 1 1 1 1260 1241 1219
1743 1 1 1 530 508 488
1744 1 1 1 583 563 541
1745 1 1 1 1001 981 961
1746 1 1 1 678 658 699
1747 1 1 1 1318 1342 1364
1748 1 1 1 489 510 531
1749 1 1 1 381 402 361
1750 1 1 1 931 912 952
1751 1 1 1 719 678 699
1752 1 1 1 1304 1263 1285
1753 1 1 1 854 812 832
1754 1 1 1 1201 1159 1181
1755 1 1 1 1242 1219 1199
1756 1 1 1 563 522 541
1757 1 1 1 1220 1199 1179
1758 1 1 1 169 147 122
1759 1 1 1 1306 1286 1344
1760 1 1 1 485 504 463
1761 1 1 1 1315 1274 1294
1762 1 1 1 952 932 972
1763 1 1 1 194 221 240
1764 1 1 1 902 922 941
1765 1 1 1 728 750 770
1766 1 1 1 1322 1302 1283
1767 1 1 1 1017 975 995
1768 1 1 1 488 466 446
1769 1 1 1 194 240 220
1770 1 1 1 1323 1339 1303
1771 1 1 1 141 162 181
1772 1 1 1 749 770 790
1773 1 1 1 1058 1017 1038
1774 1 1 1 417 458 437
1775 1 1 1 190 212 168
1776 1 1 1 931 888 912
1777 1 1 1 233 191 215
1778 1 1 1 402 380 361
1779 1 1 1 548 590 570
1780 1 1 1 1222 1181 1202
1781 1 1 1 819 776 797
1782 1 1 1 1180 1137 1159
1783 1 1 1 446 425 403
1784 1 1 1 931 952 971
1785 1 1 1 839 819 797
1786 1 1 1 1200 1158 1180
1787 1 1 1 530 509 549
1788 1 1 1 1273 1233 1253
1789 1 1 1 1237 1214 1194
1790 1 1 1 1478 1479 1444
1791 1 1 1 1103 1082 1124
1792 1 1 1 563 582 540
1793 1 1 1 827 805 847
1794 1 1 1 437 479 457
1795 1 1 1 524 564 541
1796 1 1 1 1260 1219 1242
1797 1 1 1 1015 972 994
1798 1 1 1 567 527 545
1799 1 1 1 457 499 478
1800 1 1 1 869 847 888
1801 1 1 1 258 240 281
1802 1 1 1 340 363 315
1803 1 1 1 1316 1295 1327
1804 1 1 1 1220 1179 1200
1805 1 1 1 214 232 190
1806 1 1 1 1354 1376 1394
1807 1 1 1 190 168 148
1808 1 1 1 210 189 230
1809 1 1 1 1036 994 1014
1810 1 1 1 1242 1199 1220
1811 1 1 1 1234 1253 1207
1812 1 1 1 1192 1170 1207
1813 1 1 1 221 241 259
1814 1 1 1 769 727 749
1815 1 1 1 587 567 545
1816 1 1 1 921 942 961
1817 1 1 1 1198 1241 1218
1818 1 1 1 262 283 303
1819 1 1 1 1371 1340 1366
1820 1 1 1 275 235 254
1821 1 1 1 276 253 234
1822 1 1 1 707 686 666
1823 1 1 1 283 242 261
1824 1 1 1 1148 1127 1171
1825 1 1 1 219 257 238
1826 1 1 1 952 912 932
1827 1 1 1 193 218 180
1828 1 1 1 1137 1095 1118
1829 1 1 1 155 198 176
1830 1 1 1 886 868 910
1831 1 1 1 1138 1159 1118
1832 1 1 1 981 940 961
1833 1 1 1 1259 1240 1218
1834 1 1 1 651 631 671
1835 1 1 1 1142 1099 1120
1836 1 1 1 1336 1320 1367
1837 1 1 1 769 748 727
1838 1 1 1 171 140 119
1839 1 1 1 1099 1058 1078
1840 1 1 1 1293 1253 1274
1841 1 1 1 571 530 549
1842 1 1 1 769 749 790
1843 1 1 1 167 146 135
1844 1 1 1 234 214 192
1845 1 1 1 529 570 547
1846 1 1 1 961 942 983
1847 1 1 1 1102 1081 1123
1848 1 1 1 940 921 961
1849 1 1 1 171 192 140
1850 1 1 1 456 415 436
1851 1 1 1 641 682 662
1852 1 1 1 1490 1462 1458
1853 1 1 1 1180 1201 1221
1854 1 1 1 237 217 197
1855 1 1 1 237 256 217
1856 1 1 1 804 826 783
1857 1 1 1 276 295 253
1858 1 1 1 590 612 570
1859 1 1 1 510 490 532
1860 1 1 1 224 264 245
1861 1 1 1 749 727 705
1862 1 1 1 812 769 790
1863 1 1 1 213 170 191
1864 1 1 1 1453 1457 1408
1865 1 1 1 363 382 339
1866 1 1 1 423 444 464
1867 1 1 1 230 189 213
1868 1 1 1 1159 1137 1118
1869 1 1 1 234 253 214
1870 1 1 1 790 770 813
1871 1 1 1 691 651 671
1872 1 1 1 206 226 260
1873 1 1 1 14 15 69
1874 1 1 1 119 105 77
1875 1 1 1 213 189 170
1876 1 1 1 1453 1482 1457
1877 1 1 1 12 13 64
1878 1 1 1 9 10 56
1879 1 1 1 277 296 255
1880 1 1 1 1081 1103 1123
1881 1 1 1 839 797 820
1882 1 1 1 538 580 560
1883 1 1 1 692 712 671
1884 1 1 1 10 11 67
1885 1 1 1 1001 961 983
1886 1 1 1 1315 1294 1345
1887 1 1 1 1483 1442 1457
1888 1 1 1 710 731 689
1889 1 1 1 516 555 494
1890 1 1 1 193 238 218
1891 1 1 1 119 140 105
1892 1 1 1 1212 1187 1228
1893 1 1 1 240 221 259
1894 1 1 1 95 138 136
1895 1 1 1 712 691 671
1896 1 1 1 77 105 65
1897 1 1 1 1272 1292 1314
1898 1 1 1 147 167 135
1899 1 1 1 762 719 741
1900 1 1 1 1311 1333 1353
1901 1 1 1 380 337 361
1902 1 1 1 1314 1358 1341
1903 1 1 1 1236 1213 1193
1904 1 1 1 1095 1077 1118
1905 1 1 1 1240 1197 1218
1906 1 1 1 1074 1094 1053
1907 1 1 1 452 474 494
1908 1 1 1 1293 1315 1329
1909 1 1 1 1406 1366 1389
1910 1 1 1 145 134 102
1911 1 1 1 962 1002 982
1912 1 1 1 1194 1214 1173
1913 1 1 1 1386 1431 1400
1914 1 1 1 1233 1192 1207
1915 1 1 1 226 267 260
1916 1 1 1 315 363 339
1917 1 1 1 669 710 689
1918 1 1 1 648 689 668
1919 1 1 1 220 240 258
1920 1 1 1 1200 1180 1221
1921 1 1 1 753 774 794
1922 1 1 1 832 812 790
1923 1 1 1 1293 1274 1315
1924 1 1 1 699 720 741
1925 1 1 1 1358 1405 1388
1926 1 1 1 456 477 435
1927 1 1 1 210 187 169
1928 1 1 1 229 187 210
1929 1 1 1 188 231 211
1930 1 1 1 1181 1138 1160
1931 1 1 1 1356 1331 1379
1932 1 1 1 1330 1311 1353
1933 1 1 1 232 253 274
1934 1 1 1 1405 1380 1430
1935 1 1 1 478 520 498
1936 1 1 1 1061 1080 1040
1937 1 1 1 255 216 236
1938 1 1 1 719 699 741
1939 1 1 1 1192 1145 1170
1940 1 1 1 437 457 416
1941 1 1 1 392 435 414
1942 1 1 1 531 510 550
1943 1 1 1 975 954 995
1944 1 1 1 443 423 464
1945 1 1 1 560 602 579
1946 1 1 1 1174 1215 1194
1947 1 1 1 978 1021 997
1948 1 1 1 281 240 259
1949 1 1 1 529 547 507
1950 1 1 1 832 790 813
1951 1 1 1 1169 1145 1192
1952 1 1 1 779 799 758
1953 1 1 1 1269 1230 1250
1954 1 1 1 1375 1354 1394
1955 1 1 1 671 631 652
1956 1 1 1 1155 1134 1177
1957 1 1 1 1083 1105 1065
1958 1 1 1 1241 1259 1218
1959 1 1 1 238 257 279
1960 1 1 1 196 174 142
1961 1 1 1 220 258 239
1962 1 1 1 295 317 274
1963 1 1 1 151 129 111
1964 1 1 1 1358 1332 1380
1965 1 1 1 1358 1380 1405
1966 1 1 1 1487 1488 1439
1967 1 1 1 886 867 845
1968 1 1 1 1273 1253 1293
1969 1 1 1 168 145 121
1970 1 1 1 720 763 741
1971 1 1 1 579 623 601
1972 1 1 1 8 9 53
1973 1 1 1 1053 1010 1033
1974 1 1 1 1169 1192 1210
1975 1 1 1 896 854 873
1976 1 1 1 1202 1181 1160
1977 1 1 1 1488 1489 1454
1978 1 1 1 1151 1130 1173
1979 1 1 1 266 303 325
1980 1 1 1 487 529 507
1981 1 1 1 351 392 370
1982 1 1 1 1038 1017 995
1983 1 1 1 1215 1237 1194
1984 1 1 1 1151 1173 1193
1985 1 1 1 197 217 162
1986 1 1 1 1489 1490 1458
1987 1 1 1 191 170 149
1988 1 1 1 783 826 803
1989 1 1 1 752 773 793
1990 1 1 1 166 211 198
1991 1 1 1 805 785 829
1992 1 1 1 1145 1102 1123
1993 1 1 1 180 200 158
1994 1 1 1 930 950 910
1995 1 1 1 317 340 292
1996 1 1 1 239 258 280
1997 1 1 1 1388 1405 1428
1998 1 1 1 336 312 290
1999 1 1 1 241 206 260
2000 1 1 1 1025 1001 983
2001 1 1 1 897 937 916
2002 1 1 1 1364 1386 1400
2003 1 1 1 148 168 121
2004 1 1 1 570 589 547
2005 1 1 1 140 192 159
2006 1 1 1 190 148 159
2007 1 1 1 119 104 141
2008 1 1 1 450 414 471
2009 1 1 1 210 169 189
2010 1 1 1 7 8 57
2011 1 1 1 151 175 129
2012 1 1 1 799 778 758
2013 1 1 1 239 280 257
2014 1 1 1 340 315 292
2015 1 1 1 862 839 820
2016 1 1 1 1058 1038 1078
2017 1 1 1 692 671 652
2018 1 1 1 200 218 242
2019 1 1 1 214 190 159
2020 1 1 1 456 498 477
2021 1 1 1 192 214 159
2022 1 1 1 203 242 262
2023 1 1 1 870 847 829
2024 1 1 1 1177 1134 1156
2025 1 1 1 256 277 236
2026 1 1 1 444 465 486
2027 1 1 1 1382 1336 1367
2028 1 1 1 826 845 803
2029 1 1 1 854 832 873
2030 1 1 1 1152 1174 1194
2031 1 1 1 1252 1273 1292
2032 1 1 1 478 498 456
2033 1 1 1 253 295 274
2034 1 1 1 909 886 929
2035 1 1 1 1252 1233 1273
2036 1 1 1 145 102 121
2037 1 1 1 262 303 266
2038 1 1 1 270 229 249
2039 1 1 1 847 805 829
2040 1 1 1 813 833 855
2041 1 1 1 149 123 100
2042 1 1 1 1314 1332 1358
2043 1 1 1 1211 1166 1182
2044 1 1 1 1273 1293 1310
2045 1 1 1 731 709 689
2046 1 1 1 1395 1380 1352
2047 1 1 1 773 753 794
2048 1 1 1 942 963 983
2049 1 1 1 1292 1273 1310
2050 1 1 1 249 271 290
2051 1 1 1 1193 1213 1172
2052 1 1 1 210 230 249
2053 1 1 1 780 801 823
2054 1 1 1 1120 1099 1078
2055 1 1 1 686 705 665
2056 1 1 1 759 779 737
2057 1 1 1 169 122 139
2058 1 1 1 217 256 236
2059 1 1 1 1170 1145 1123
2060 1 1 1 1150 1129 1172
2061 1 1 1 258 281 300
2062 1 1 1 274 317 292
2063 1 1 1 1210 1192 1233
2064 1 1 1 825 782 803
2065 1 1 1 1152 1194 1173
2066 1 1 1 1210 1233 1252
2067 1 1 1 1329 1315 1351
2068 1 1 1 180 218 200
2069 1 1 1 770 791 813
2070 1 1 1 15 16 54
2071 1 1 1 826 846 868
2072 1 1 1 550 510 532
2073 1 1 1 1315 1345 1351
2074 1 1 1 823 801 843
2075 1 1 1 200 242 203
2076 1 1 1 19 45 44
2077 1 1 1 762 741 783
2078 1 1 1 872 895 853
2079 1 1 1 170 189 139
2080 1 1 1 687 666 646
2081 1 1 1 10 67 56
2082 1 1 1 672 692 652
2083 1 1 1 1314 1292 1332
2084 1 1 1 865 884 907
2085 1 1 1 277 255 236
2086 1 1 1 846 887 868
2087 1 1 1 280 258 300
2088 1 1 1 392 414 370
2089 1 1 1 1130 1152 1173
2090 1 1 1 840 820 798
2091 1 1 1 833 814 856
2092 1 1 1 216 171 181
2093 1 1 1 853 895 871
2094 1 1 1 759 737 716
2095 1 1 1 286 308 282
2096 1 1 1 189 169 139
2097 1 1 1 229 210 249
2098 1 1 1 463 422 443
2099 1 1 1 887 930 910
2100 1 1 1 821 798 778
2101 1 1 1 708 729 687
2102 1 1 1 336 290 313
2103 1 1 1 416 457 436
2104 1 1 1 1293 1329 1310
2105 1 1 1 1253 1233 1207
2106 1 1 1 1173 1214 1193
2107 1 1 1 422 400 443
2108 1 1 1 464 444 486
2109 1 1 1 1134 1114 1156
2110 1 1 1 254 231 273
2111 1 1 1 572 531 550
2112 1 1 1 1332 1292 1310
2113 1 1 1 538 560 519
2114 1 1 1 1197 1155 1177
2115 1 1 1 763 804 783
2116 1 1 1 741 763 783
2117 1 1 1 779 758 737
2118 1 1 1 820 777 798
2119 1 1 1 457 478 436
2120 1 1 1 1310 1329 1352
2121 1 1 1 867 825 845
2122 1 1 1 777 757 798
2123 1 1 1 772 752 793
2124 1 1 1 667 708 687
2125 1 1 1 592 572 550
2126 1 1 1 312 270 290
2127 1 1 1 1214 1236 1193
2128 1 1 1 527 544 505
2129 1 1 1 762 783 803
2130 1 1 1 738 759 716
2131 1 1 1 689 709 668
2132 1 1 1 9 56 53
2133 1 1 1 478 456 436
2134 1 1 1 1198 1218 1177
2135 1 1 1 498 538 519
2136 1 1 1 1332 1310 1352
2137 1 1 1 461 482 502
2138 1 1 1 238 279 261
2139 1 1 1 560 579 537
2140 1 1 1 831 872 853
2141 1 1 1 1218 1197 1177
2142 1 1 1 482 523 502
2143 1 1 1 537 559 518
2144 1 1 1 270 249 290
2145 1 1 1 956 978 997
2146 1 1 1 916 937 956
2147 1 1 1 16 17 60
2148 1 1 1 782 762 803
2149 1 1 1 1010 990 969
2150 1 1 1 1164 1150 1187
2151 1 1 1 1439 1488 1454
2152 1 1 1 709 688 668
2153 1 1 1 604 626 646
2154 1 1 1 1129 1151 1172
2155 1 1 1 949 909 929
2156 1 1 1 57 8 53
2157 1 1 1 1358 1388 1341
2158 1 1 1 1010 969 991
2159 1 1 1 1156 1114 1135
2160 1 1 1 218 238 261
2161 1 1 1 1489 1458 1454
2162 1 1 1 552 512 534
2163 1 1 1 17 18 72
2164 1 1 1 242 218 261
2165 1 1 1 485 463 443
2166 1 1 1 438 418 459
2167 1 1 1 18 19 44
2168 1 1 1 69 15 54
2169 1 1 1 873 832 855
2170 1 1 1 886 845 868
2171 1 1 1 1140 1124 1165
2172 1 1 1 832 813 855
2173 1 1 1 950 929 910
2174 1 1 1 1151 1193 1172
2175 1 1 1 1198 1177 1156
2176 1 1 1 485 443 464
2177 1 1 1 845 826 868
2178 1 1 1 1205 1235 1183
2179 1 1 1 250 272 291
2180 1 1 1 331 354 323
2181 1 1 1 697 739 717
2182 1 1 1 929 886 910
2183 1 1 1 308 331 301
2184 1 1 1 707 666 687
2185 1 1 1 946 966 987
2186 1 1 1 337 360 313
2187 1 1 1 852 830 871
2188 1 1 1 1105 1084 1065
2189 1 1 1 824 866 843
2190 1 1 1 717 738 696
2191 1 1 1 939 960 980
2192 1 1 1 171 119 141
2193 1 1 1 738 716 696
2194 1 1 1 241 260 282
2195 1 1 1 1103 1124 1140
2196 1 1 1 560 537 519
2197 1 1 1 477 498 519
2198 1 1 1 954 934 914
2199 1 1 1 217 236 181
2200 1 1 1 506 485 464
2201 1 1 1 273 315 293
2202 1 1 1 1380 1332 1352
2203 1 1 1 987 966 1007
2204 1 1 1 573 592 550
2205 1 1 1 1178 1198 1156
2206 1 1 1 114 155 124
2207 1 1 1 417 394 373
2208 1 1 1 811 831 853
2209 1 1 1 988 1030 1007
2210 1 1 1 655 676 696
2211 1 1 1 798 757 778
2212 1 1 1 236 216 181
2213 1 1 1 291 272 314
2214 1 1 1 395 417 373
2215 1 1 1 551 511 533
2216 1 1 1 757 736 778
2217 1 1 1 575 552 534
2218 1 1 1 830 811 853
2219 1 1 1 290 271 313
2220 1 1 1 272 294 314
2221 1 1 1 260 286 282
2222 1 1 1 949 929 969
2223 1 1 1 1064 1025 1045
2224 1 1 1 667 687 646
2225 1 1 1 1178 1156 1135
2226 1 1 1 506 464 486
2227 1 1 1 1032 1010 1053
2228 1 1 1 573 550 532
2229 1 1 1 800 780 823
2230 1 1 1 544 524 505
2231 1 1 1 865 842 823
2232 1 1 1 1090 1070 1050
2233 1 1 1 1030 1071 1050
2234 1 1 1 729 707 687
2235 1 1 1 574 551 533
2236 1 1 1 929 950 969
2237 1 1 1 780 738 760
2238 1 1 1 551 573 532
2239 1 1 1 778 736 758
2240 1 1 1 1204 1225 1182
2241 1 1 1 990 949 969
2242 1 1 1 162 217 181
2243 1 1 1 528 506 486
2244 1 1 1 1186 1170 1140
2245 1 1 1 360 336 313
2246 1 1 1 301 331 323
2247 1 1 1 950 970 991
2248 1 1 1 751 772 792
2249 1 1 1 16 60 54
2250 1 1 1 1355 1388 1397
2251 1 1 1 814 771 792
2252 1 1 1 259 241 282
2253 1 1 1 282 308 301
2254 1 1 1 362 338 316
2255 1 1 1 1186 1140 1165
2256 1 1 1 1123 1103 1140
2257 1 1 1 1115 1135 1094
2258 1 1 1 969 950 991
2259 1 1 1 1074 1053 1033
2260 1 1 1 883 865 907
2261 1 1 1 1157 1178 1135
2262 1 1 1 935 955 976
2263 1 1 1 354 395 373
2264 1 1 1 915 955 935
2265 1 1 1 1086 1106 1062
2266 1 1 1 736 715 758
2267 1 1 1 934 894 914
2268 1 1 1 894 852 871
2269 1 1 1 957 939 980
2270 1 1 1 1170 1123 1140
2271 1 1 1 362 381 338
2272 1 1 1 970 992 1011
2273 1 1 1 1055 1034 1012
2274 1 1 1 60 17 72
2275 1 1 1 337 313 291
2276 1 1 1 1055 1075 1034
2277 1 1 1 18 44 72
2278 1 1 1 1065 1084 1045
2279 1 1 1 894 871 914
2280 1 1 1 1070 1029 1050
2281 1 1 1 1125 1147 1166
2282 1 1 1 299 330 321
2283 1 1 1 758 715 737
2284 1 1 1 715 695 737
2285 1 1 1 676 697 717
2286 1 1 1 1066 1086 1043
2287 1 1 1 871 895 914
2288 1 1 1 354 373 344
2289 1 1 1 965 946 987
2290 1 1 1 737 695 716
2291 1 1 1 717 739 760
2292 1 1 1 271 250 291
2293 1 1 1 1147 1126 1163
2294 1 1 1 1114 1073 1094
2295 1 1 1 314 294 338
2296 1 1 1 607 631 586
2297 1 1 1 626 667 646
2298 1 1 1 1094 1073 1053
2299 1 1 1 259 282 301
2300 1 1 1 1187 1213 1228
2301 1 1 1 1011 992 1034
2302 1 1 1 631 610 586
2303 1 1 1 352 329 321
2304 1 1 1 695 675 716
2305 1 1 1 993 1015 1035
2306 1 1 1 971 993 1012
2307 1 1 1 1226 1246 1205
2308 1 1 1 155 176 124
2309 1 1 1 1135 1114 1094
2310 1 1 1 323 354 344
2311 1 1 1 1073 1032 1053
2312 1 1 1 738 717 760
2313 1 1 1 1124 1146 1165
2314 1 1 1 215 191 176
2315 1 1 1 254 273 293
2316 1 1 1 339 316 293
2317 1 1 1 337 291 314
2318 1 1 1 339 362 316
2319 1 1 1 1165 1146 1185
2320 1 1 1 281 259 301
2321 1 1 1 895 915 935
2322 1 1 1 716 675 696
2323 1 1 1 313 271 291
2324 1 1 1 553 575 534
2325 1 1 1 675 655 696
2326 1 1 1 1054 1074 1033
2327 1 1 1 1171 1149 1184
2328 1 1 1 842 800 823
2329 1 1 1 279 257 299
2330 1 1 1 418 439 459
2331 1 1 1 552 574 533
2332 1 1 1 198 215 176
2333 1 1 1 1128 1150 1164
2334 1 1 1 1206 1186 1165
2335 1 1 1 1227 1206 1185
2336 1 1 1 1084 1064 1045
2337 1 1 1 1206 1165 1185
2338 1 1 1 954 935 976
2339 1 1 1 801 824 843
2340 1 1 1 476 450 471
2341 1 1 1 1043 1020 998
2342 1 1 1 281 301 323
2343 1 1 1 625 666 645
2344 1 1 1 1212 1184 1164
2345 1 1 1 1071 1090 1050
2346 1 1 1 771 751 792
2347 1 1 1 1211 1185 1166
2348 1 1 1 1012 993 1035
2349 1 1 1 361 337 314
2350 1 1 1 704 663 685
2351 1 1 1 954 914 935
2352 1 1 1 315 339 293
2353 1 1 1 1121 1168 1143
2354 1 1 1 251 292 273
2355 1 1 1 926 883 907
2356 1 1 1 353 322 344
2357 1 1 1 664 706 685
2358 1 1 1 1379 1355 1397
2359 1 1 1 300 281 323
2360 1 1 1 955 996 976
2361 1 1 1 292 315 273
2362 1 1 1 1171 1205 1183
2363 1 1 1 1010 991 1033
2364 1 1 1 338 294 316
2365 1 1 1 505 524 484
2366 1 1 1 914 895 935
2367 1 1 1 1248 1212 1228
2368 1 1 1 361 314 338
2369 1 1 1 381 361 338
2370 1 1 1 1182 1147 1163
2371 1 1 1 1034 992 1012
2372 1 1 1 1204 1182 1163
2373 1 1 1 1212 1164 1187
2374 1 1 1 1006 965 987
2375 1 1 1 1075 1054 1034
2376 1 1 1 1146 1125 1166
2377 1 1 1 814 792 834
2378 1 1 1 294 275 316
2379 1 1 1 1225 1211 1182
2380 1 1 1 283 302 324
2381 1 1 1 316 275 293
2382 1 1 1 1054 1011 1034
2383 1 1 1 280 300 322
2384 1 1 1 300 323 344
2385 1 1 1 958 938 979
2386 1 1 1 995 954 976
2387 1 1 1 992 971 1012
2388 1 1 1 999 958 979
2389 1 1 1 976 996 1018
2390 1 1 1 966 988 1007
2391 1 1 1 275 254 293
2392 1 1 1 1126 1148 1163
2393 1 1 1 280 322 299
2394 1 1 1 610 568 586
2395 1 1 1 991 970 1011
2396 1 1 1 191 149 176
2397 1 1 1 1033 991 1011
2398 1 1 1 283 261 302
2399 1 1 1 257 280 299
2400 1 1 1 1235 1204 1183
2401 1 1 1 1054 1033 1011
2402 1 1 1 1055 1012 1035
2403 1 1 1 1309 1287 1268
2404 1 1 1 1077 1055 1035
2405 1 1 1 1296 1333 1311
2406 1 1 1 1246 1235 1205
2407 1 1 1 995 976 1018
2408 1 1 1 1376 1330 1353
2409 1 1 1 1330 1309 1289
2410 1 1 1 330 352 321
2411 1 1 1 1020 1043 1062
2412 1 1 1 302 329 324
2413 1 1 1 1205 1171 1184
2414 1 1 1 1309 1268 1289
2415 1 1 1 666 686 645
2416 1 1 1 1330 1289 1311
2417 1 1 1 1226 1205 1184
2418 1 1 1 261 279 302
2419 1 1 1 1039 1079 1059
2420 1 1 1 1038 995 1018
2421 1 1 1 792 816 834
2422 1 1 1 321 329 302
2423 1 1 1 1185 1146 1166
2424 1 1 1 1149 1128 1164
2425 1 1 1 1172 1213 1187
2426 1 1 1 350 307 328
2427 1 1 1 176 149 124
2428 1 1 1 1163 1148 1183
2429 1 1 1 980 1023 998
2430 1 1 1 322 300 344
2431 1 1 1 1079 1121 1100
2432 1 1 1 896 873 916
2433 1 1 1 1204 1163 1183
2434 1 1 1 873 897 916
2435 1 1 1 1059 1079 1100
2436 1 1 1 684 727 706
2437 1 1 1 149 100 124
2438 1 1 1 537 579 559
2439 1 1 1 559 536 518
2440 1 1 1 519 537 497
2441 1 1 1 329 351 324
2442 1 1 1 727 748 706
2443 1 1 1 1148 1171 1183
2444 1 1 1 369 367 409
2445 1 1 1 622 600 578
2446 1 1 1 1168 1190 1143
2447 1 1 1 279 321 302
2448 1 1 1 476 497 518
2449 1 1 1 324 351 345
2450 1 1 1 351 370 345
2451 1 1 1 1184 1149 1164
2452 1 1 1 413 369 409
2453 1 1 1 1150 1172 1187
2454 1 1 1 938 957 979
2455 1 1 1 303 283 324
2456 1 1 1 1287 1248 1268
2457 1 1 1 1020 999 979
2458 1 1 1 536 559 578
2459 1 1 1 1213 1254 1228
2460 1 1 1 303 324 345
2461 1 1 1 1268 1254 1289
2462 1 1 1 1254 1276 1289
2463 1 1 1 325 303 345
2464 1 1 1 1289 1276 1311
2465 1 1 1 664 685 643
2466 1 1 1 1276 1296 1311
2467 1 1 1 601 623 643
2468 1 1 1 1333 1378 1353
2469 1 1 1 686 665 645
2470 1 1 1 642 600 622
2471 1 1 1 856 814 834
2472 1 1 1 1167 1190 1208
2473 1 1 1 477 519 497
2474 1 1 1 1023 1066 1043
2475 1 1 1 1142 1120 1167
2476 1 1 1 1251 1291 1271
2477 1 1 1 536 496 518
2478 1 1 1 936 896 916
2479 1 1 1 936 916 956
2480 1 1 1 977 936 956
2481 1 1 1 1018 1039 1059
2482 1 1 1 1271 1291 1324
2483 1 1 1 414 435 471
2484 1 1 1 979 957 998
2485 1 1 1 579 601 559
2486 1 1 1 1020 979 998
2487 1 1 1 977 956 997
2488 1 1 1 1209 1251 1231
2489 1 1 1 1043 1086 1062
2490 1 1 1 1019 977 997
2491 1 1 1 1038 1018 1059
2492 1 1 1 1248 1228 1268
2493 1 1 1 1250 1208 1231
2494 1 1 1 1250 1230 1208
2495 1 1 1 748 726 706
2496 1 1 1 1228 1254 1268
2497 1 1 1 1143 1190 1167
2498 1 1 1 600 558 578
2499 1 1 1 476 455 450
2500 1 1 1 601 643 622
2501 1 1 1 1353 1378 1393
2502 1 1 1 1376 1353 1393
2503 1 1 1 1120 1143 1167
2504 1 1 1 726 704 685
2505 1 1 1 706 726 685
2506 1 1 1 1291 1341 1324
2507 1 1 1 601 622 578
2508 1 1 1 477 497 471
2509 1 1 1 957 980 998
2510 1 1 1 497 476 471
2511 1 1 1 623 664 643
2512 1 1 1 1324 1341 1355
2513 1 1 1 663 642 622
2514 1 1 1 497 537 518
2515 1 1 1 307 285 328
2516 1 1 1 1231 1251 1271
2517 1 1 1 1341 1388 1355
2518 1 1 1 1078 1038 1059
2519 1 1 1 325 367 328
2520 1 1 1 455 413 450
2521 1 1 1 266 325 285
2522 1 1 1 1078 1059 1100
2523 1 1 1 369 350 328
2524 1 1 1 1120 1078 1100
2525 1 1 1 1426 1379 1397
2526 1 1 1 367 370 409
2527 1 1 1 367 369 328
2528 1 1 1 1189 1142 1167
2529 1 1 1 643 663 622
2530 1 1 1 370 414 409
2531 1 1 1 435 477 471
2532 1 1 1 1189 1167 1208
2533 1 1 1 325 345 367
2534 1 1 1 345 370 367
2535 1 1 1 1230 1189 1208
2536 1 1 1 1208 1190 1231
2537 1 1 1 559 601 578
2538 1 1 1 1190 1209 1231
2539 1 1 1 1290 1250 1271
2540 1 1 1 413 409 450
2541 1 1 1 1290 1271 1324
2542 1 1 1 1250 1231 1271
2543 1 1 1 285 325 328
2544 1 1 1 409 414 450
2545 1 1 1 1331 1290 1324
2546 1 1 1 1331 1324 1355
2547 1 1 1 1379 1331 1355
2548 1 1 1 1388 1428 1397
2549 1 1 1 1397 1428 1443
2550 1 1 1 1426 1397 1443
2551 1 1 1 118 75 107
2552 1 1 1 197 162 153
2553 1 1 1 129 175 153
2554 1 1 1 454 495 492
2555 1 1 1 326 304 346
2556 1 1 1 156 177 128
2557 1 1 1 142 106 128
2558 1 1 1 175 197 153
2559 1 1 1 306 349 346
2560 1 1 1 1160 1138 1117
2561 1 1 1 1077 1056 1096
2562 1 1 1 61 73 89
2563 1 1 1 1441 1418 1461
2564 1 1 1 1418 1395 1369
2565 1 1 1 177 142 128
2566 1 1 1 1264 1224 1223
2567 1 1 1 156 128 112
2568 1 1 1 45 79 74
2569 1 1 1 1425 1462 1433
2570 1 1 1 349 388 346
2571 1 1 1 128 78 112
2572 1 1 1 514 472 515
2573 1 1 1 1413 1373 1370
2574 1 1 1 1372 1412 1370
2575 1 1 1 1447 1422 1464
2576 1 1 1 454 451 493
2577 1 1 1 98 122 79
2578 1 1 1 79 115 74
2579 1 1 1 1393 1425 1433
2580 1 1 1 1415 1377 1368
2581 1 1 1 1373 1414 1368
2582 1 1 1 1224 1203 1223
2583 1 1 1 51 95 46
2584 1 1 1 3 4 46
2585 1 1 1 1431 1446 1467
2586 1 1 1 131 156 112
2587 1 1 1 451 472 493
2588 1 1 1 1461 1418 1419
2589 1 1 1 126 82 127
2590 1 1 1 1412 1413 1370
2591 1 1 1 1459 1501 1461
2592 1 1 1 1502 1441 1461
2593 1 1 1 1395 1352 1369
2594 1 1 1 1329 1351 1369
2595 1 1 1 1445 1430 1466
2596 1 1 1 103 157 137
2597 1 1 1 180 158 137
2598 1 1 1 723 702 744
2599 1 1 1 808 786 828
2600 1 1 1 891 849 890
2601 1 1 1 598 555 596
2602 1 1 1 1014 973 1013
2603 1 1 1 388 410 387
2604 1 1 1 410 388 411
2605 1 1 1 1389 1346 1387
2606 1 1 1 163 201 172
2607 1 1 1 201 163 204
2608 1 1 1 1422 1389 1387
2609 1 1 1 1037 1014 1013
2610 1 1 1 126 163 172
2611 1 1 1 163 126 127
2612 1 1 1 245 201 204
2613 1 1 1 452 410 411
2614 1 1 1 662 621 620
2615 1 1 1 78 64 40
2616 1 1 1 702 703 744
2617 1 1 1 60 72 90
2618 1 1 1 75 62 37
2619 1 1 1 513 453 492
2620 1 1 1 431 454 492
2621 1 1 1 1444 1429 1465
2622 1 1 1 1141 1188 1161
2623 1 1 1 161 202 205
2624 1 1 1 495 554 535
2625 1 1 1 99 130 86
2626 1 1 1 787 785 745
2627 1 1 1 1414 1415 1368
2628 1 1 1 1118 1077 1096
2629 1 1 1 1407 1381 1424
2630 1 1 1 913 891 890
2631 1 1 1 1446 1432 1470
2632 1 1 1 158 138 116
2633 1 1 1 554 576 535
2634 1 1 1 553 513 535
2635 1 1 1 1374 1343 1349
2636 1 1 1 893 913 890
2637 1 1 1 4 51 46
2638 1 1 1 1117 1138 1096
2639 1 1 1 1406 1447 1434
2640 1 1 1 1396 1438 1421
2641 1 1 1 765 786 744
2642 1 1 1 1343 1372 1350
2643 1 1 1 1378 1407 1425
2644 1 1 1 203 262 243
2645 1 1 1 266 244 243
2646 1 1 1 120 99 88
2647 1 1 1 111 129 94
2648 1 1 1 70 108 82
2649 1 1 1 98 48 85
2650 1 1 1 64 13 40
2651 1 1 1 14 69 40
2652 1 1 1 132 101 90
2653 1 1 1 117 97 81
2654 1 1 1 1440 1477 1465
2655 1 1 1 1478 1444 1465
2656 1 1 1 1441 1503 1466
2657 1 1 1 1504 1445 1466
2658 1 1 1 1446 1486 1467
2659 1 1 1 1487 1439 1467
2660 1 1 1 1435 1452 1420
2661 1 1 1 124 100 89
2662 1 1 1 161 144 133
2663 1 1 1 109 84 133
2664 1 1 1 1445 1505 1468
2665 1 1 1 31 62 39
2666 1 1 1 1444 1479 1469
2667 1 1 1 102 134 91
2668 1 1 1 12 64 38
2669 1 1 1 67 11 38
2670 1 1 1 33 66 37
2671 1 1 1 62 32 37
2672 1 1 1 115 135 93
2673 1 1 1 1376 1393 1417
2674 1 1 1 787 808 807
2675 1 1 1 556 598 577
2676 1 1 1 244 225 205
2677 1 1 1 183 161 205
2678 1 1 1 200 203 179
2679 1 1 1 56 67 88
2680 1 1 1 1351 1345 1391
2681 1 1 1 97 50 81
2682 1 1 1 82 126 80
2683 1 1 1 1442 1484 1470
2684 1 1 1 1485 1446 1470
2685 1 1 1 326 347 305
2686 1 1 1 1308 1343 1350
2687 1 1 1 1343 1307 1349
2688 1 1 1 1328 1375 1349
2689 1 1 1 703 765 744
2690 1 1 1 1437 1472 1464
2691 1 1 1 1472 1474 1464
2692 1 1 1 1473 1436 1463
2693 1 1 1 1507 1473 1463
2694 1 1 1 2 3 42
2695 1 1 1 71 2 42
2696 1 1 1 1426 1443 1463
2697 1 1 1 1501 1502 1461
2698 1 1 1 1352 1329 1369
2699 1 1 1 347 327 305
2700 1 1 1 1188 1229 1223
2701 1 1 1 1371 1406 1409
2702 1 1 1 786 806 828
2703 1 1 1 151 126 172
2704 1 1 1 201 195 172
2705 1 1 1 849 851 890
2706 1 1 1 410 389 387
2707 1 1 1 163 182 204
2708 1 1 1 143 163 127
2709 1 1 1 224 245 204
2710 1 1 1 433 452 411
2711 1 1 1 388 390 411
2712 1 1 1 1016 1037 1013
2713 1 1 1 973 974 1013
2714 1 1 1 1399 1422 1387
2715 1 1 1 555 557 596
2716 1 1 1 1346 1357 1387
2717 1 1 1 641 662 620
2718 1 1 1 45 47 79
2719 1 1 1 1458 1462 1425
2720 1 1 1 808 848 807
2721 1 1 1 597 554 577
2722 1 1 1 598 619 577
2723 1 1 1 829 785 807
2724 1 1 1 138 92 116
2725 1 1 1 1306 1344 1347
2726 1 1 1 1345 1316 1348
2727 1 1 1 1476 1440 1471
2728 1 1 1 138 158 179
2729 1 1 1 157 180 137
2730 1 1 1 1408 1457 1423
2731 1 1 1 49 97 83
2732 1 1 1 36 1 41
2733 1 1 1 1 70 41
2734 1 1 1 101 131 87
2735 1 1 1 1373 1368 1347
2736 1 1 1 131 112 87
2737 1 1 1 1416 1459 1419
2738 1 1 1 58 49 83
2739 1 1 1 1457 1442 1423
2740 1 1 1 1411 1375 1420
2741 1 1 1 453 431 492
2742 1 1 1 1453 1408 1421
2743 1 1 1 1119 1141 1161
2744 1 1 1 48 52 85
2745 1 1 1 1439 1454 1424
2746 1 1 1 701 681 722
2747 1 1 1 1406 1434 1409
2748 1 1 1 495 454 493
2749 1 1 1 57 53 86
2750 1 1 1 130 103 86
2751 1 1 1 66 68 94
2752 1 1 1 69 54 87
2753 1 1 1 160 138 179
2754 1 1 1 1368 1377 1348
2755 1 1 1 1440 1434 1471
2756 1 1 1 1368 1327 1347
2757 1 1 1 1138 1118 1096
2758 1 1 1 129 107 94
2759 1 1 1 100 123 85
2760 1 1 1 1381 1400 1424
2761 1 1 1 723 745 722
2762 1 1 1 1416 1419 1391
2763 1 1 1 576 553 535
2764 1 1 1 65 30 39
2765 1 1 1 1480 1438 1469
2766 1 1 1 82 108 127
2767 1 1 1 47 98 79
2768 1 1 1 121 102 83
2769 1 1 1 1402 1382 1423
2770 1 1 1 65 105 81
2771 1 1 1 1383 1396 1421
2772 1 1 1 1506 1443 1468
2773 1 1 1 122 115 79
2774 1 1 1 1393 1378 1425
2775 1 1 1 262 266 243
2776 1 1 1 1391 1419 1392
2777 1 1 1 110 120 88
2778 1 1 1 1377 1416 1391
2779 1 1 1 1327 1368 1348
2780 1 1 1 105 117 81
2781 1 1 1 126 111 80
2782 1 1 1 1375 1394 1420
2783 1 1 1 13 14 40
2784 1 1 1 113 132 90
2785 1 1 1 1447 1475 1471
2786 1 1 1 1434 1440 1409
2787 1 1 1 77 65 39
2788 1 1 1 1438 1427 1469
2789 1 1 1 137 158 116
2790 1 1 1 1477 1478 1465
2791 1 1 1 1503 1504 1466
2792 1 1 1 556 514 515
2793 1 1 1 1486 1487 1467
2794 1 1 1 1452 1411 1420
2795 1 1 1 114 124 89
2796 1 1 1 144 109 133
2797 1 1 1 1505 1506 1468
2798 1 1 1 1443 1428 1468
2799 1 1 1 30 31 39
2800 1 1 1 1479 1480 1469
2801 1 1 1 134 114 91
2802 1 1 1 11 12 38
2803 1 1 1 514 495 493
2804 1 1 1 681 723 722
2805 1 1 1 785 743 745
2806 1 1 1 32 33 37
2807 1 1 1 135 113 93
2808 1 1 1 1394 1376 1417
2809 1 1 1 225 183 205
2810 1 1 1 1203 1202 1162
2811 1 1 1 555 556 515
2812 1 1 1 786 787 746
2813 1 1 1 158 200 179
2814 1 1 1 1372 1370 1350
2815 1 1 1 3 46 42
2816 1 1 1 1484 1485 1470
2817 1 1 1 745 743 722
2818 1 1 1 494 555 515
2819 1 1 1 1344 1308 1350
2820 1 1 1 1417 1393 1433
2821 1 1 1 115 93 74
2822 1 1 1 1307 1328 1349
2823 1 1 1 43 36 41
2824 1 1 1 1422 1437 1464
2825 1 1 1 1436 1426 1463
2826 1 1 1 84 71 42
2827 1 1 1 745 723 746
2828 1 1 1 744 786 746
2829 1 1 1 1370 1344 1350
2830 1 1 1 96 137 116
2831 1 1 1 743 701 722
2832 1 1 1 1369 1351 1392
2833 1 1 1 1316 1327 1348
2834 1 1 1 1475 1476 1471
2835 1 1 1 1202 1160 1162
2836 1 1 1 1351 1391 1392
2837 1 1 1 1327 1306 1347
2838 1 1 1 92 96 116
2839 1 1 1 1162 1160 1139
2840 1 1 1 848 829 807
2841 1 1 1 619 597 577
2842 1 1 1 806 849 828
2843 1 1 1 1357 1399 1387
2844 1 1 1 851 893 890
2845 1 1 1 974 1016 1013
2846 1 1 1 599 641 620
2847 1 1 1 557 599 596
2848 1 1 1 599 620 596
2849 1 1 1 389 347 387
2850 1 1 1 390 433 411
2851 1 1 1 195 151 172
2852 1 1 1 182 224 204
2853 1 1 1 108 143 127
2854 1 1 1 1403 1371 1409
2855 1 1 1 1229 1264 1223
2856 1 1 1 1462 1460 1433
2857 1 1 1 44 45 74
2858 1 1 1 327 298 305
2859 1 1 1 46 84 42
2860 1 1 1 1160 1117 1139
2861 1 1 1 723 744 746
2862 1 1 1 1434 1447 1471
2863 1 1 1 472 514 493
2864 1 1 1 82 43 41
2865 1 1 1 70 82 41
2866 1 1 1 1418 1369 1392
2867 1 1 1 1161 1203 1162
2868 1 1 1 1419 1418 1392
2869 1 1 1 43 82 80
2870 1 1 1 787 745 746
2871 1 1 1 93 44 74
2872 1 1 1 1460 1417 1433
