1 1 1 1 1461 1280 1273 1412 1371 1326 1279 1277 1275 1318 1365 1411 1368 1323 1320
2 1 1 1 1111 959 944 1072 1032 996 955 949 946 985 1027 1070 1029 990 987
3 1 1 1 471 360 292 443 411 389 343 328 316 336 384 428 401 369 359
4 1 1 1 360 471 519 389 411 443 481 489 512 479 441 402 429 448 470
5 1 1 1 1625 1626 1451 1640 1641 1642 1584 1544 1502 1503 1545 1585 1583 1586 1546
6 1 1 1 968 1123 1143 1006 1045 1082 1131 1135 1140 1100 1057 1010 1048 1090 1096
7 1 1 1 1623 1624 1480 1634 1635 1636 1597 1558 1519 1520 1559 1598 1599 1600 1560
8 1 1 1 1286 1481 1316 1337 1381 1433 1439 1400 1356 1310 1303 1295 1341 1387 1350
9 1 1 1 1461 1273 1480 1411 1365 1318 1331 1379 1431 1476 1471 1469 1417 1374 1423
10 1 1 1 1280 1461 1451 1326 1371 1412 1458 1456 1454 1404 1362 1322 1367 1410 1407
11 1 1 1 1481 1286 1451 1433 1381 1337 1328 1366 1406 1462 1470 1474 1424 1378 1413
12 1 1 1 1273 1187 1357 1258 1231 1211 1230 1271 1313 1340 1314 1300 1272 1257 1299
13 1 1 1 877 846 709 872 864 860 815 783 748 751 795 836 832 824 789
14 1 1 1 1111 944 1106 1070 1027 985 984 1025 1066 1108 1109 1110 1069 1026 1067
15 1 1 1 1624 1461 1480 1587 1548 1506 1469 1471 1476 1519 1558 1597 1554 1512 1517
16 1 1 1 957 968 1143 960 964 966 1010 1057 1100 1097 1047 1003 1005 1008 1054
17 1 1 1 959 811 944 922 882 848 841 876 908 946 949 955 917 880 914
18 1 1 1 1480 1273 1357 1431 1379 1331 1300 1314 1340 1388 1419 1446 1396 1347 1369
19 1 1 1 1626 1481 1451 1601 1562 1521 1474 1470 1462 1502 1544 1584 1553 1514 1511
20 1 1 1 1461 1625 1451 1507 1549 1588 1585 1545 1503 1454 1456 1458 1505 1547 1504
21 1 1 1 1123 1286 1143 1164 1207 1246 1247 1215 1178 1140 1135 1131 1169 1209 1177
22 1 1 1 846 877 1011 860 864 872 913 945 982 971 930 889 901 905 940
23 1 1 1 709 846 669 748 783 815 801 753 712 677 682 700 729 768 720
24 1 1 1 1623 1480 1508 1598 1559 1520 1487 1495 1500 1540 1577 1613 1573 1529 1538
25 1 1 1 1187 1273 1106 1211 1231 1258 1232 1191 1146 1129 1145 1171 1189 1212 1172
26 1 1 1 374 299 191 361 334 320 277 245 213 237 286 330 314 289 268
27 1 1 1 360 167 292 317 273 228 204 239 272 316 328 343 294 250 285
28 1 1 1 668 663 519 667 666 664 629 592 557 558 594 632 631 630 593
29 1 1 1 1011 1174 1018 1050 1091 1133 1134 1094 1056 1014 1013 1012 1053 1093 1055
30 1 1 1 1286 1316 1143 1295 1303 1310 1276 1233 1190 1178 1215 1247 1263 1266 1225
31 1 1 1 1473 1360 1292 1442 1414 1389 1345 1330 1307 1338 1382 1428 1398 1373 1352
32 1 1 1 1174 1011 1141 1133 1091 1050 1046 1077 1113 1154 1162 1166 1125 1087 1119
33 1 1 1 957 1143 1089 1003 1047 1097 1132 1116 1099 1052 1023 988 1033 1083 1071
34 1 1 1 1316 1481 1490 1356 1400 1439 1482 1485 1488 1444 1403 1358 1402 1440 1441
35 1 1 1 374 191 300 330 286 237 214 246 278 322 335 362 315 270 290
36 1 1 1 1286 1280 1451 1284 1283 1281 1322 1362 1404 1406 1366 1328 1325 1324 1364
37 1 1 1 1627 1628 1490 1646 1647 1648 1605 1568 1530 1531 1569 1606 1607 1608 1570
38 1 1 1 663 668 792 664 666 667 693 725 761 756 723 690 691 692 724
39 1 1 1 471 668 519 517 561 606 632 594 558 512 489 481 527 575 546
40 1 1 1 492 590 442 520 547 562 553 515 478 450 472 485 510 525 487
41 1 1 1 1481 1627 1490 1522 1563 1602 1606 1569 1531 1488 1485 1482 1525 1565 1527
42 1 1 1 1628 1497 1490 1609 1574 1536 1496 1494 1492 1530 1568 1605 1572 1534 1532
43 1 1 1 957 1089 921 988 1023 1052 1044 1002 962 931 942 947 980 1009 970
44 1 1 1 1473 1292 1361 1428 1382 1338 1308 1332 1346 1391 1418 1443 1399 1353 1375
45 1 1 1 921 1089 1035 962 1002 1044 1073 1065 1049 1007 981 948 989 1030 1024
46 1 1 1 921 1035 877 948 981 1007 998 958 918 894 903 911 943 969 928
47 1 1 1 1035 1089 1216 1049 1065 1073 1118 1150 1182 1176 1130 1081 1095 1107 1139
48 1 1 1 877 1035 1011 918 958 998 1031 1028 1021 982 945 913 952 991 986
49 1 1 1 921 877 755 911 903 894 852 822 790 797 839 879 870 863 831
50 1 1 1 755 877 709 790 822 852 836 795 751 719 730 749 780 808 765
51 1 1 1 755 709 590 749 730 719 678 646 613 634 675 717 708 689 665
52 1 1 1 187 360 348 231 275 319 357 355 353 310 267 227 271 313 311
53 1 1 1 8 187 182 66 105 146 186 185 183 142 100 62 104 145 144
54 1 1 1 348 360 504 353 355 357 399 433 468 467 426 388 391 394 431
55 1 1 1 6 7 178 23 24 25 58 96 138 139 97 59 60 61 98
56 1 1 1 480 299 374 437 393 349 320 334 361 403 432 449 407 364 386
57 1 1 1 933 1104 1015 975 1017 1062 1084 1060 1036 992 974 950 993 1038 1016
58 1 1 1 854 933 1015 871 895 910 950 974 992 979 939 898 912 938 954
59 1 1 1 854 1015 944 898 939 979 997 983 961 919 900 874 915 956 941
60 1 1 1 187 167 360 173 171 169 228 273 317 319 275 231 230 229 274
61 1 1 1 480 397 299 453 438 413 367 352 326 349 393 437 412 395 365
62 1 1 1 6 178 172 59 97 139 177 175 174 134 92 54 95 137 136
63 1 1 1 182 187 348 183 185 186 227 267 310 309 265 224 225 226 266
64 1 1 1 1626 1627 1481 1643 1644 1645 1602 1563 1522 1521 1562 1601 1603 1604 1561
65 1 1 1 571 397 480 529 484 440 413 438 453 508 524 555 509 455 482
66 1 1 1 1497 1629 1473 1537 1575 1610 1594 1556 1515 1479 1484 1491 1528 1564 1524
67 1 1 1 5 6 172 20 21 22 54 92 134 135 93 55 56 57 94
68 1 1 1 1104 1187 1015 1128 1144 1170 1142 1101 1059 1036 1060 1084 1102 1126 1079
69 1 1 1 187 9 167 147 106 67 50 88 127 169 171 173 133 91 131
70 1 1 1 397 202 299 351 297 252 235 254 283 326 352 367 325 282 298
71 1 1 1 934 758 846 887 844 800 785 802 827 869 890 907 867 825 845
72 1 1 1 757 933 854 799 843 886 910 895 871 829 804 786 826 868 847
73 1 1 1 178 182 342 179 180 181 223 262 306 305 260 220 221 222 261
74 1 1 1 1629 1630 1473 1652 1653 1654 1595 1557 1516 1515 1556 1594 1593 1596 1555
75 1 1 1 8 9 187 29 30 31 67 106 147 146 105 66 68 69 107
76 1 1 1 1628 1629 1497 1649 1650 1651 1610 1575 1537 1536 1574 1609 1611 1612 1576
77 1 1 1 9 10 167 32 33 34 51 89 128 127 88 50 52 53 90
78 1 1 1 178 342 338 220 260 305 341 340 339 302 258 219 259 304 303
79 1 1 1 1104 1288 1187 1151 1198 1243 1265 1240 1214 1170 1144 1128 1175 1217 1193
80 1 1 1 1123 1280 1286 1163 1205 1241 1281 1283 1284 1246 1207 1164 1206 1242 1245
81 1 1 1 7 8 182 26 27 28 62 100 142 143 101 63 64 65 102
82 1 1 1 570 757 668 627 672 715 731 710 681 638 615 599 640 686 670
83 1 1 1 814 968 957 856 896 929 966 964 960 920 883 851 888 926 924
84 1 1 1 164 5 172 124 84 46 55 93 135 170 166 165 126 87 130
85 1 1 1 1123 1111 1280 1121 1115 1114 1155 1197 1239 1241 1205 1163 1161 1159 1200
86 1 1 1 757 854 668 786 804 829 805 760 711 681 710 731 759 787 732
87 1 1 1 496 662 649 540 584 624 653 652 650 611 576 535 577 616 614
88 1 1 1 814 820 968 816 818 819 859 899 932 929 896 856 857 858 897
89 1 1 1 959 820 811 923 885 855 817 813 812 848 882 922 884 853 850
90 1 1 1 814 662 820 776 741 703 706 746 782 819 818 816 778 742 779
91 1 1 1 649 662 814 650 652 653 703 741 776 773 735 694 695 697 739
92 1 1 1 662 500 654 625 586 543 536 579 618 656 658 660 622 582 620
93 1 1 1 820 662 654 782 746 706 660 658 656 702 743 781 744 705 704
94 1 1 1 338 342 496 339 340 341 380 420 460 459 418 377 378 379 419
95 1 1 1 1280 1111 1273 1239 1197 1155 1153 1194 1235 1275 1277 1279 1238 1195 1237
96 1 1 1 968 959 1123 967 965 963 999 1041 1078 1082 1045 1006 1004 1001 1042
97 1 1 1 811 820 654 812 813 817 781 743 702 696 736 770 774 777 740
98 1 1 1 496 342 500 460 420 380 381 422 463 499 498 497 461 421 462
99 1 1 1 178 338 172 219 258 302 301 256 216 174 175 177 218 257 217
100 1 1 1 1624 1625 1461 1637 1638 1639 1588 1549 1507 1506 1548 1587 1590 1589 1550
101 1 1 1 968 820 959 932 899 859 855 885 923 963 965 967 927 893 925
102 1 1 1 164 172 327 165 166 170 211 253 288 287 247 207 209 210 248
103 1 1 1 496 500 662 497 498 499 543 586 625 624 584 540 541 542 585
104 1 1 1 811 654 663 770 736 696 657 659 661 701 738 772 737 698 699
105 1 1 1 471 570 668 490 521 551 599 615 638 606 561 517 549 564 595
106 1 1 1 178 7 182 138 96 58 63 101 143 181 180 179 140 99 141
107 1 1 1 1123 959 1111 1078 1041 999 996 1032 1072 1114 1115 1121 1076 1034 1074
108 1 1 1 396 570 471 439 483 528 551 521 490 446 434 408 452 507 476
109 1 1 1 172 338 327 216 256 301 333 331 329 288 253 211 255 293 291
110 1 1 1 338 496 492 377 418 459 495 494 493 454 416 376 417 458 457
111 1 1 1 4 5 164 17 18 19 46 84 124 125 85 47 48 49 86
112 1 1 1 1289 1105 1174 1244 1199 1152 1124 1138 1158 1203 1227 1261 1213 1168 1181
113 1 1 1 327 338 492 329 331 333 376 416 454 451 410 368 371 375 414
114 1 1 1 496 649 492 535 576 611 609 573 531 493 494 495 533 574 532
115 1 1 1 654 500 504 618 579 536 501 502 503 539 581 619 580 537 538
116 1 1 1 500 342 348 463 422 381 344 345 346 387 424 464 423 383 385
117 1 1 1 342 182 348 306 262 223 224 265 309 346 345 344 307 264 308
118 1 1 1 663 654 504 661 659 657 619 581 539 544 587 626 623 621 583
119 1 1 1 500 348 504 464 424 387 388 426 467 503 502 501 465 425 466
120 1 1 1 571 480 669 555 524 508 522 565 612 639 617 600 568 552 597
121 1 1 1 846 758 669 827 802 785 734 713 683 712 753 801 784 754 733
122 1 1 1 758 571 669 716 673 628 600 617 639 683 713 734 687 641 671
123 1 1 1 3 4 191 14 15 16 70 110 149 150 111 71 72 73 112
124 1 1 1 1464 1289 1360 1416 1377 1336 1306 1327 1343 1386 1409 1438 1393 1349 1370
125 1 1 1 201 396 292 251 296 350 366 347 323 279 249 234 280 324 295
126 1 1 1 327 492 442 368 410 451 485 472 450 409 382 356 400 444 430
127 1 1 1 1621 1623 1508 1631 1632 1633 1613 1577 1540 1541 1578 1614 1615 1616 1579
128 1 1 1 1465 1621 1508 1510 1552 1592 1614 1578 1541 1498 1486 1475 1518 1566 1533
129 1 1 1 944 1015 1106 961 983 997 1037 1061 1085 1066 1025 984 1000 1022 1043
130 1 1 1 1273 1111 1106 1235 1194 1153 1110 1109 1108 1146 1191 1232 1192 1148 1147
131 1 1 1 957 921 793 947 942 931 891 861 828 834 875 916 906 902 865
132 1 1 1 814 957 793 851 883 920 916 875 834 796 803 810 842 878 838
133 1 1 1 4 164 191 47 85 125 168 189 190 149 110 70 109 132 148
134 1 1 1 1289 1174 1360 1261 1227 1203 1221 1267 1312 1343 1327 1306 1274 1248 1297
135 1 1 1 396 471 292 408 434 446 428 384 336 323 347 366 390 405 363
136 1 1 1 846 1011 1018 889 930 971 1012 1013 1014 978 937 892 935 972 973
137 1 1 1 669 480 548 612 565 522 491 514 523 567 602 636 591 545 559
138 1 1 1 1288 1465 1357 1335 1376 1415 1436 1405 1383 1342 1321 1304 1348 1392 1363
139 1 1 1 1316 1490 1351 1358 1403 1444 1450 1420 1384 1344 1339 1333 1372 1408 1380
140 1 1 1 1360 1174 1292 1312 1267 1221 1204 1229 1264 1307 1330 1345 1301 1250 1278
141 1 1 1 504 360 519 468 433 399 402 441 479 516 513 511 474 435 475
142 1 1 1 1035 1216 1141 1081 1130 1176 1201 1179 1165 1120 1092 1068 1112 1157 1137
143 1 1 1 668 854 792 711 760 805 835 823 806 761 725 693 747 791 771
144 1 1 1 709 669 548 700 682 677 636 602 567 588 633 674 651 643 608
145 1 1 1 1143 1316 1226 1190 1233 1276 1298 1270 1249 1208 1183 1167 1210 1255 1228
146 1 1 1 2 3 154 11 12 13 44 79 117 118 80 42 43 45 81
147 1 1 1 1622 1464 1513 1591 1551 1509 1478 1489 1499 1542 1580 1617 1567 1523 1535
148 1 1 1 1 201 153 74 113 155 194 184 160 115 76 38 103 151 122
149 1 1 1 10 1 153 35 36 37 38 76 115 116 77 39 40 41 78
150 1 1 1 202 2 154 156 114 75 42 80 118 161 188 195 152 108 123
151 1 1 1 1630 1622 1513 1655 1656 1657 1617 1580 1542 1543 1581 1618 1619 1620 1582
152 1 1 1 934 846 1018 907 890 869 892 937 978 994 976 951 936 909 953
153 1 1 1 1174 1105 1018 1158 1138 1124 1086 1063 1039 1056 1094 1134 1117 1098 1075
154 1 1 1 1089 1143 1226 1099 1116 1132 1167 1183 1208 1188 1160 1122 1136 1149 1173
155 1 1 1 1216 1292 1141 1234 1252 1268 1254 1219 1180 1165 1179 1201 1218 1236 1202
156 1 1 1 590 492 644 562 547 520 530 566 604 635 610 601 578 560 596
157 1 1 1 649 814 793 694 735 773 810 803 796 762 722 688 727 769 764
158 1 1 1 1015 1187 1106 1059 1101 1142 1171 1145 1129 1085 1061 1037 1080 1127 1103
159 1 1 1 921 755 793 879 839 797 766 775 788 828 861 891 849 809 821
160 1 1 1 1497 1473 1361 1491 1484 1479 1443 1418 1391 1397 1434 1466 1455 1448 1426
161 1 1 1 191 164 300 190 189 168 203 240 276 278 246 214 208 206 243
162 1 1 1 480 374 548 449 432 403 415 456 505 523 514 491 473 445 486
163 1 1 1 944 811 792 908 876 841 807 798 794 830 866 904 873 837 833
164 1 1 1 1490 1497 1351 1492 1494 1496 1460 1425 1385 1384 1420 1450 1453 1457 1421
165 1 1 1 590 709 548 613 646 678 674 633 588 556 563 572 603 637 598
166 1 1 1 1357 1465 1508 1383 1405 1436 1475 1486 1498 1472 1435 1395 1422 1445 1459
167 1 1 1 649 793 644 688 722 762 752 718 679 645 647 648 685 721 680
168 1 1 1 811 663 792 772 738 701 690 723 756 794 798 807 767 728 763
169 1 1 1 793 755 644 788 775 766 726 707 676 679 718 752 750 745 714
170 1 1 1 1187 1288 1357 1214 1240 1265 1304 1321 1342 1313 1271 1230 1260 1282 1302
171 1 1 1 548 374 442 505 456 415 398 406 427 469 488 518 477 436 447
172 1 1 1 590 548 442 572 563 556 518 488 469 478 515 553 534 526 506
173 1 1 1 663 504 519 626 587 544 511 513 516 557 592 629 589 550 554
174 1 1 1 1011 1035 1141 1021 1028 1031 1068 1092 1120 1113 1077 1046 1051 1058 1088
175 1 1 1 854 944 792 874 900 919 904 866 830 806 823 835 862 881 840
176 1 1 1 1292 1174 1141 1264 1229 1204 1166 1162 1154 1180 1219 1254 1224 1196 1185
177 1 1 1 1464 1360 1513 1438 1409 1386 1401 1437 1477 1499 1489 1478 1447 1427 1463
178 1 1 1 3 191 154 71 111 150 176 163 158 117 79 44 83 129 120
179 1 1 1 201 292 153 234 249 279 263 232 192 160 184 194 212 241 199
180 1 1 1 492 649 644 531 573 609 648 647 645 604 566 530 569 607 605
181 1 1 1 1316 1351 1226 1333 1339 1344 1317 1293 1262 1249 1270 1298 1305 1311 1285
182 1 1 1 755 590 644 717 675 634 601 610 635 676 707 726 684 642 655
183 1 1 1 299 202 154 283 254 235 195 188 161 193 233 269 242 215 200
184 1 1 1 1473 1630 1513 1516 1557 1595 1618 1581 1543 1501 1493 1483 1526 1571 1539
185 1 1 1 167 10 153 128 89 51 39 77 116 157 159 162 121 82 119
186 1 1 1 1216 1089 1226 1182 1150 1118 1122 1160 1188 1223 1222 1220 1184 1156 1186
187 1 1 1 1105 934 1018 1064 1020 977 951 976 994 1039 1063 1086 1040 995 1019
188 1 1 1 1292 1216 1361 1268 1252 1234 1256 1296 1334 1346 1332 1308 1294 1269 1309
189 1 1 1 164 327 300 207 247 287 321 318 312 276 240 203 244 284 281
190 1 1 1 1360 1473 1513 1389 1414 1442 1483 1493 1501 1477 1437 1401 1432 1449 1468
191 1 1 1 191 299 154 213 245 277 269 233 193 158 163 176 205 238 197
192 1 1 1 292 167 153 272 239 204 162 159 157 192 232 263 236 198 196
193 1 1 1 1480 1357 1508 1446 1419 1388 1395 1435 1472 1500 1495 1487 1452 1429 1467
194 1 1 1 1216 1351 1361 1251 1287 1315 1354 1355 1359 1334 1296 1256 1291 1319 1329
195 1 1 1 1351 1216 1226 1315 1287 1251 1220 1222 1223 1262 1293 1317 1290 1253 1259
196 1 1 1 1351 1497 1361 1385 1425 1460 1466 1434 1397 1359 1355 1354 1390 1430 1394
197 1 1 1 327 442 300 356 382 409 404 370 332 312 318 321 354 373 337
198 1 1 1 442 374 300 427 406 398 362 335 322 332 370 404 392 372 358
