1 1 1 1 58 45 40 53 44 49
2 1 1 1 39 45 57 43 52 48
3 1 1 1 45 58 63 53 62 54
4 1 1 1 57 45 63 52 54 61
5 1 1 1 45 26 40 38 34 44
6 1 1 1 39 24 45 33 37 43
7 1 1 1 76 57 63 66 61 70
8 1 1 1 51 30 39 42 35 46
9 1 1 1 4 5 26 8 16 17
10 1 1 1 96 97 76 100 85 86
11 1 1 1 50 72 58 59 65 56
12 1 1 1 58 78 63 67 71 62
13 1 1 1 3 4 24 7 14 15
14 1 1 1 73 51 57 60 55 64
15 1 1 1 29 50 40 41 47 36
16 1 1 1 95 96 78 99 87 88
17 1 1 1 24 26 45 25 38 37
18 1 1 1 4 26 24 17 25 14
19 1 1 1 51 39 57 46 48 55
20 1 1 1 50 58 40 56 49 47
21 1 1 1 96 76 78 86 77 87
22 1 1 1 2 3 21 6 12 13
23 1 1 1 94 73 80 84 74 89
24 1 1 1 30 2 21 19 13 28
25 1 1 1 5 1 20 9 10 11
26 1 1 1 1 29 20 18 27 10
27 1 1 1 97 94 80 101 89 90
28 1 1 1 72 93 82 83 91 75
29 1 1 1 93 95 82 98 92 91
30 1 1 1 3 24 21 15 22 12
31 1 1 1 73 57 80 64 68 74
32 1 1 1 29 40 20 36 32 27
33 1 1 1 95 78 82 88 81 92
34 1 1 1 39 30 21 35 28 31
35 1 1 1 76 97 80 85 90 79
36 1 1 1 26 5 20 16 11 23
37 1 1 1 58 72 82 65 75 69
38 1 1 1 24 39 21 33 31 22
39 1 1 1 40 26 20 34 23 32
40 1 1 1 57 76 80 66 79 68
41 1 1 1 78 58 82 67 69 81
42 1 1 1 78 76 63 77 70 71
