1 1 1 1 376 331 329 356 330 354
2 1 1 1 290 251 246 270 248 268
3 1 1 1 123 99 80 109 87 103
4 1 1 1 99 123 140 109 129 120
5 1 1 1 419 420 374 428 395 396
6 1 1 1 254 293 298 273 295 275
7 1 1 1 417 418 382 426 403 404
8 1 1 1 333 383 342 360 362 340
9 1 1 1 376 329 382 354 359 380
10 1 1 1 331 376 374 356 375 353
11 1 1 1 383 333 374 360 355 379
12 1 1 1 329 307 350 322 328 341
13 1 1 1 229 222 184 225 204 207
14 1 1 1 290 246 288 268 267 289
15 1 1 1 418 376 382 397 380 403
16 1 1 1 249 254 298 252 275 274
17 1 1 1 251 212 246 230 228 248
18 1 1 1 382 329 350 359 341 368
19 1 1 1 420 383 374 405 379 395
20 1 1 1 376 419 374 398 396 375
21 1 1 1 293 333 298 314 315 295
22 1 1 1 222 229 260 225 247 240
23 1 1 1 184 222 178 204 198 182
24 1 1 1 417 382 393 404 391 411
25 1 1 1 307 329 288 322 308 300
26 1 1 1 101 83 58 89 65 79
27 1 1 1 99 46 80 77 63 87
28 1 1 1 177 175 140 176 159 160
29 1 1 1 260 304 265 282 284 261
30 1 1 1 333 342 298 340 323 315
31 1 1 1 381 351 337 366 345 361
32 1 1 1 304 260 297 282 280 303
33 1 1 1 249 298 281 274 292 266
34 1 1 1 342 383 388 362 385 363
35 1 1 1 101 58 84 79 66 90
36 1 1 1 333 331 374 332 353 355
37 1 1 1 421 422 388 430 407 408
38 1 1 1 175 177 205 176 190 189
39 1 1 1 123 177 140 145 160 129
40 1 1 1 130 158 121 143 139 124
41 1 1 1 383 421 388 406 408 385
42 1 1 1 422 392 388 409 390 407
43 1 1 1 249 281 239 266 259 245
44 1 1 1 381 337 352 361 346 367
45 1 1 1 239 281 271 259 279 257
46 1 1 1 239 271 229 257 250 238
47 1 1 1 271 281 316 279 301 294
48 1 1 1 229 271 260 250 269 247
49 1 1 1 239 229 199 238 217 219
50 1 1 1 199 229 184 217 207 191
51 1 1 1 199 184 158 191 167 181
52 1 1 1 55 99 96 78 98 76
53 1 1 1 8 55 52 34 54 32
54 1 1 1 96 99 136 98 117 115
55 1 1 1 6 7 50 15 30 31
56 1 1 1 125 83 101 104 89 116
57 1 1 1 241 286 262 263 276 255
58 1 1 1 223 241 262 234 255 244
59 1 1 1 223 262 246 244 258 237
60 1 1 1 55 46 99 47 77 78
61 1 1 1 125 106 83 119 97 104
62 1 1 1 6 50 48 31 49 28
63 1 1 1 52 55 96 54 76 75
64 1 1 1 420 421 383 429 406 405
65 1 1 1 150 106 125 127 119 142
66 1 1 1 392 423 381 410 401 384
67 1 1 1 5 6 48 14 28 29
68 1 1 1 286 307 262 299 285 276
69 1 1 1 55 9 46 35 26 47
70 1 1 1 106 60 83 82 70 97
71 1 1 1 242 201 222 221 209 233
72 1 1 1 200 241 223 220 234 211
73 1 1 1 50 52 93 51 74 73
74 1 1 1 423 424 381 432 402 401
75 1 1 1 8 9 55 17 35 34
76 1 1 1 422 423 392 431 410 409
77 1 1 1 9 10 46 18 27 26
78 1 1 1 50 93 91 73 92 72
79 1 1 1 286 335 307 311 324 299
80 1 1 1 293 331 333 313 332 314
81 1 1 1 7 8 52 16 32 33
82 1 1 1 149 200 177 179 185 163
83 1 1 1 214 254 249 235 252 231
84 1 1 1 44 5 48 24 29 45
85 1 1 1 293 290 331 291 310 313
86 1 1 1 200 223 177 211 202 185
87 1 1 1 132 174 169 155 170 152
88 1 1 1 214 216 254 215 236 235
89 1 1 1 251 216 212 232 213 230
90 1 1 1 214 174 216 195 197 215
91 1 1 1 169 174 214 170 195 192
92 1 1 1 174 134 171 156 153 172
93 1 1 1 216 174 171 197 172 196
94 1 1 1 91 93 132 92 112 111
95 1 1 1 331 290 329 310 309 330
96 1 1 1 254 251 293 253 272 273
97 1 1 1 212 216 171 213 196 193
98 1 1 1 132 93 134 112 113 133
99 1 1 1 50 91 48 72 71 49
100 1 1 1 418 419 376 427 398 397
101 1 1 1 254 216 251 236 232 253
102 1 1 1 44 48 86 45 69 67
103 1 1 1 132 134 174 133 156 155
104 1 1 1 212 171 175 193 173 194
105 1 1 1 123 149 177 141 163 145
106 1 1 1 50 7 52 30 33 51
107 1 1 1 293 251 290 272 270 291
108 1 1 1 105 149 123 126 141 118
109 1 1 1 48 91 86 71 88 69
110 1 1 1 91 132 130 111 131 110
111 1 1 1 4 5 44 13 24 25
112 1 1 1 336 287 304 312 296 320
113 1 1 1 86 91 130 88 110 108
114 1 1 1 132 169 130 152 151 131
115 1 1 1 171 134 136 153 135 154
116 1 1 1 134 93 96 113 94 114
117 1 1 1 93 52 96 74 75 94
118 1 1 1 175 171 136 173 154 157
119 1 1 1 134 96 136 114 115 135
120 1 1 1 150 125 178 142 147 164
121 1 1 1 222 201 178 209 186 198
122 1 1 1 201 150 178 180 164 186
123 1 1 1 3 4 58 12 36 37
124 1 1 1 377 336 351 358 344 365
125 1 1 1 59 105 80 81 95 68
126 1 1 1 86 130 121 108 124 102
127 1 1 1 415 417 393 425 411 412
128 1 1 1 378 415 393 400 412 386
129 1 1 1 246 262 288 258 277 267
130 1 1 1 329 290 288 309 289 308
131 1 1 1 249 239 206 245 224 227
132 1 1 1 214 249 206 231 227 210
133 1 1 1 4 44 58 25 57 36
134 1 1 1 336 304 351 320 326 344
135 1 1 1 105 123 80 118 103 95
136 1 1 1 222 260 265 240 261 243
137 1 1 1 178 125 144 147 138 161
138 1 1 1 335 378 350 357 364 343
139 1 1 1 342 388 348 363 369 347
140 1 1 1 351 304 337 326 321 345
141 1 1 1 136 99 140 117 120 137
142 1 1 1 271 316 297 294 305 283
143 1 1 1 177 223 205 202 218 190
144 1 1 1 184 178 144 182 161 165
145 1 1 1 298 342 319 323 327 306
146 1 1 1 2 3 41 11 22 23
147 1 1 1 416 377 394 399 387 413
148 1 1 1 1 59 40 38 53 20
149 1 1 1 10 1 40 19 20 21
150 1 1 1 60 2 41 39 23 56
151 1 1 1 424 416 394 433 413 414
152 1 1 1 242 222 265 233 243 256
153 1 1 1 304 287 265 296 278 284
154 1 1 1 281 298 319 292 306 302
155 1 1 1 316 337 297 325 317 305
156 1 1 1 158 130 166 143 148 162
157 1 1 1 169 214 206 192 210 188
158 1 1 1 262 307 288 285 300 277
159 1 1 1 239 199 206 219 203 224
160 1 1 1 392 381 352 384 367 371
161 1 1 1 58 44 84 57 64 66
162 1 1 1 125 101 144 116 122 138
163 1 1 1 246 212 205 228 208 226
164 1 1 1 388 392 348 390 370 369
165 1 1 1 158 184 144 167 165 146
166 1 1 1 350 378 393 364 386 372
167 1 1 1 169 206 166 188 187 168
168 1 1 1 212 175 205 194 189 208
169 1 1 1 206 199 166 203 183 187
170 1 1 1 307 335 350 324 343 328
171 1 1 1 144 101 121 122 107 128
172 1 1 1 158 144 121 146 128 139
173 1 1 1 175 136 140 157 137 159
174 1 1 1 260 271 297 269 283 280
175 1 1 1 223 246 205 237 226 218
176 1 1 1 337 304 297 321 303 317
177 1 1 1 377 351 394 365 373 387
178 1 1 1 3 58 41 37 43 22
179 1 1 1 59 80 40 68 61 53
180 1 1 1 130 169 166 151 168 148
181 1 1 1 342 348 319 347 338 327
182 1 1 1 199 158 166 181 162 183
183 1 1 1 83 60 41 70 56 62
184 1 1 1 381 424 394 402 414 389
185 1 1 1 46 10 40 27 21 42
186 1 1 1 316 281 319 301 302 318
187 1 1 1 287 242 265 264 256 278
188 1 1 1 337 316 352 325 339 346
189 1 1 1 44 86 84 67 85 64
190 1 1 1 351 381 394 366 389 373
191 1 1 1 58 83 41 65 62 43
192 1 1 1 80 46 40 63 42 61
193 1 1 1 382 350 393 368 372 391
194 1 1 1 316 348 352 334 349 339
195 1 1 1 348 316 319 334 318 338
196 1 1 1 348 392 352 370 371 349
197 1 1 1 86 121 84 102 100 85
198 1 1 1 121 101 84 107 90 100
