1 1 1 1 831 730 726 794 764 728 727 757 793 760
2 1 1 1 633 547 537 603 572 541 540 568 600 571
3 1 1 1 271 209 174 246 225 194 184 207 238 215
4 1 1 1 209 271 300 225 246 277 291 269 240 254
5 1 1 1 923 924 827 935 936 891 860 861 892 890
6 1 1 1 557 641 653 584 612 645 651 621 588 618
7 1 1 1 921 922 841 931 932 902 871 872 903 901
8 1 1 1 733 842 753 770 808 810 782 745 739 774
9 1 1 1 831 726 841 793 757 767 807 839 836 802
10 1 1 1 730 831 827 764 794 830 828 788 758 791
11 1 1 1 842 733 827 808 770 763 789 835 837 803
12 1 1 1 726 678 775 711 691 710 742 755 743 725
13 1 1 1 505 482 405 499 489 457 429 443 474 465
14 1 1 1 633 537 630 600 568 567 598 631 632 599
15 1 1 1 922 831 841 894 863 836 839 871 902 868
16 1 1 1 542 557 653 550 553 588 621 619 583 587
17 1 1 1 547 461 537 520 490 488 510 540 541 516
18 1 1 1 841 726 775 807 767 743 755 795 817 781
19 1 1 1 924 842 827 905 873 837 835 860 891 867
20 1 1 1 831 923 827 864 895 892 861 828 830 862
21 1 1 1 641 733 653 673 704 707 680 651 645 676
22 1 1 1 482 505 574 489 499 529 556 543 512 524
23 1 1 1 405 482 384 429 457 448 418 389 393 421
24 1 1 1 921 841 858 903 872 849 856 886 914 883
25 1 1 1 678 726 630 691 711 693 661 650 659 679
26 1 1 1 216 179 114 204 186 152 129 148 182 168
27 1 1 1 209 97 174 175 144 124 150 184 194 161
28 1 1 1 383 380 300 382 381 355 326 327 357 356
29 1 1 1 574 669 581 606 639 640 610 578 576 608
30 1 1 1 733 753 653 739 745 718 686 680 707 714
31 1 1 1 838 777 736 815 796 762 750 771 806 783
32 1 1 1 669 574 652 639 606 602 624 656 660 634
33 1 1 1 542 653 620 583 619 642 627 592 569 604
34 1 1 1 753 842 850 782 810 845 847 814 785 812
35 1 1 1 216 114 180 182 148 130 153 187 205 169
36 1 1 1 733 730 827 732 731 758 788 789 763 761
37 1 1 1 925 926 850 939 940 908 879 880 909 907
38 1 1 1 380 383 452 381 382 403 425 424 401 402
39 1 1 1 271 383 300 304 337 357 327 291 277 311
40 1 1 1 280 335 248 303 322 305 279 267 274 294
41 1 1 1 842 925 850 874 906 909 880 847 845 876
42 1 1 1 926 855 850 911 884 853 851 879 908 882
43 1 1 1 542 620 528 569 592 589 558 535 538 561
44 1 1 1 838 736 778 806 771 751 765 798 816 784
45 1 1 1 528 620 591 558 589 611 601 570 548 575
46 1 1 1 528 591 505 548 570 560 533 509 518 539
47 1 1 1 591 620 689 601 611 644 671 657 622 636
48 1 1 1 505 591 574 533 560 590 586 556 529 559
49 1 1 1 528 505 431 518 509 478 455 463 498 486
50 1 1 1 431 505 405 455 478 474 443 415 422 447
51 1 1 1 431 405 335 422 415 388 360 366 399 391
52 1 1 1 112 209 201 146 177 206 203 172 141 173
53 1 1 1 8 112 109 50 80 111 110 76 47 79
54 1 1 1 201 209 290 203 206 237 266 261 233 235
55 1 1 1 6 7 106 19 20 44 73 74 46 45
56 1 1 1 275 179 216 243 210 186 204 239 251 218
57 1 1 1 530 628 579 563 595 615 593 562 545 580
58 1 1 1 485 530 579 503 515 545 562 551 517 534
59 1 1 1 485 579 537 517 551 566 555 522 506 536
60 1 1 1 112 97 209 102 100 144 175 177 146 145
61 1 1 1 275 223 179 262 244 212 191 210 243 221
62 1 1 1 6 106 103 46 74 105 104 70 41 72
63 1 1 1 109 112 201 110 111 141 172 171 139 140
64 1 1 1 924 925 842 937 938 906 874 873 905 904
65 1 1 1 332 223 275 299 264 244 262 296 309 276
66 1 1 1 855 927 838 885 912 899 869 844 848 875
67 1 1 1 5 6 103 17 18 41 70 71 42 43
68 1 1 1 628 678 579 649 658 646 613 593 615 625
69 1 1 1 112 9 97 81 52 39 67 100 102 69
70 1 1 1 223 120 179 190 157 143 158 191 212 178
71 1 1 1 531 433 482 501 471 449 472 502 513 480
72 1 1 1 432 530 485 470 500 515 503 473 450 481
73 1 1 1 106 109 198 107 108 138 167 166 136 137
74 1 1 1 927 928 838 943 944 900 870 869 899 898
75 1 1 1 8 9 112 23 24 52 81 80 50 51
76 1 1 1 926 927 855 941 942 912 885 884 911 910
77 1 1 1 9 10 97 25 26 40 68 67 39 38
78 1 1 1 106 198 195 136 166 197 196 164 135 165
79 1 1 1 628 734 678 664 700 715 695 658 649 683
80 1 1 1 641 730 733 672 702 731 732 704 673 703
81 1 1 1 7 8 109 21 22 47 76 77 48 49
82 1 1 1 331 432 383 363 396 416 392 361 343 386
83 1 1 1 464 557 542 495 526 553 550 519 492 523
84 1 1 1 95 5 103 64 35 42 71 99 96 66
85 1 1 1 641 633 730 638 637 666 698 702 672 668
86 1 1 1 432 485 383 450 473 451 417 392 416 434
87 1 1 1 284 379 371 318 351 373 372 342 314 345
88 1 1 1 464 469 557 467 468 497 527 526 495 496
89 1 1 1 547 469 461 521 494 466 462 490 520 493
90 1 1 1 464 379 469 439 410 413 442 468 467 440
91 1 1 1 371 379 464 372 373 410 439 437 404 406
92 1 1 1 379 287 374 352 320 315 346 375 377 349
93 1 1 1 469 379 374 442 413 377 375 411 441 412
94 1 1 1 195 198 284 196 197 229 256 255 227 228
95 1 1 1 730 633 726 698 666 663 694 727 728 696
96 1 1 1 557 547 641 554 552 573 609 612 584 577
97 1 1 1 461 469 374 462 466 441 411 407 435 438
98 1 1 1 284 198 287 256 229 230 258 286 285 257
99 1 1 1 106 195 103 135 164 163 133 104 105 134
100 1 1 1 922 923 831 933 934 895 864 863 894 893
101 1 1 1 557 469 547 527 497 494 521 552 554 525
102 1 1 1 95 103 185 96 99 132 160 159 128 131
103 1 1 1 284 287 379 285 286 320 352 351 318 319
104 1 1 1 461 374 380 435 407 376 378 409 436 408
105 1 1 1 271 331 383 292 306 343 361 337 304 328
106 1 1 1 106 7 109 73 44 48 77 108 107 75
107 1 1 1 641 547 633 609 573 572 603 637 638 605
108 1 1 1 222 331 271 263 298 306 292 250 241 273
109 1 1 1 103 195 185 133 163 193 192 160 132 162
110 1 1 1 195 284 280 227 255 282 281 252 226 253
111 1 1 1 4 5 95 15 16 35 64 65 36 37
112 1 1 1 735 629 669 701 665 643 654 687 712 677
113 1 1 1 185 195 280 192 193 226 252 249 217 220
114 1 1 1 284 371 280 314 342 341 312 281 282 313
115 1 1 1 374 287 290 346 315 288 289 317 347 316
116 1 1 1 287 198 201 258 230 199 200 232 259 231
117 1 1 1 198 109 201 167 138 139 171 200 199 170
118 1 1 1 380 374 290 378 376 347 317 321 353 350
119 1 1 1 287 201 290 259 232 233 261 289 288 260
120 1 1 1 332 275 384 309 296 307 340 362 344 330
121 1 1 1 482 433 384 472 449 419 394 418 448 430
122 1 1 1 433 332 384 397 364 344 362 394 419 387
123 1 1 1 3 4 114 13 14 53 84 85 54 55
124 1 1 1 833 735 777 800 769 748 759 790 813 780
125 1 1 1 119 222 174 156 189 211 188 154 142 176
126 1 1 1 185 280 248 217 249 274 267 236 213 245
127 1 1 1 919 921 858 929 930 914 886 887 915 913
128 1 1 1 834 919 858 866 897 915 887 852 840 877
129 1 1 1 537 579 630 555 566 594 616 598 567 585
130 1 1 1 726 633 630 694 663 632 631 661 693 662
131 1 1 1 542 528 453 538 535 504 477 483 511 507
132 1 1 1 464 542 453 492 519 511 483 456 459 487
133 1 1 1 4 95 114 36 65 101 113 84 53 83
134 1 1 1 735 669 777 712 687 706 741 759 748 723
135 1 1 1 222 271 174 241 250 238 207 188 211 219
136 1 1 1 482 574 581 512 543 576 578 549 514 544
137 1 1 1 384 275 308 340 307 283 301 334 358 325
138 1 1 1 734 834 775 768 799 811 787 756 746 779
139 1 1 1 753 850 772 785 814 819 792 766 754 786
140 1 1 1 777 669 736 741 706 688 713 750 762 724
141 1 1 1 290 209 300 266 237 240 269 297 293 268
142 1 1 1 591 689 652 622 657 681 667 635 614 648
143 1 1 1 383 485 452 417 451 476 460 425 403 444
144 1 1 1 405 384 308 393 389 358 334 338 370 365
145 1 1 1 653 753 699 686 718 737 716 684 670 705
146 1 1 1 2 3 89 11 12 32 60 61 33 34
147 1 1 1 920 833 859 896 865 843 854 888 917 878
148 1 1 1 1 119 88 56 86 115 93 58 30 78
149 1 1 1 10 1 88 27 28 30 58 59 31 29
150 1 1 1 120 2 89 87 57 33 61 94 116 82
151 1 1 1 928 920 859 945 946 917 888 889 918 916
152 1 1 1 531 482 581 513 502 514 549 564 546 532
153 1 1 1 669 629 581 654 643 617 596 610 640 623
154 1 1 1 620 653 699 627 642 670 684 675 647 655
155 1 1 1 689 736 652 708 719 709 682 667 681 690
156 1 1 1 335 280 367 322 303 310 336 359 348 333
157 1 1 1 371 464 453 404 437 459 456 426 400 428
158 1 1 1 579 678 630 613 646 659 650 616 594 626
159 1 1 1 528 431 453 498 463 445 446 477 504 475
160 1 1 1 855 838 778 848 844 816 798 804 826 820
161 1 1 1 114 95 180 113 101 123 151 153 130 127
162 1 1 1 275 216 308 251 239 247 278 301 283 270
163 1 1 1 537 461 452 510 488 458 454 479 508 484
164 1 1 1 850 855 772 851 853 823 797 792 819 821
165 1 1 1 335 405 308 360 388 370 338 323 329 354
166 1 1 1 775 834 858 787 811 840 852 829 805 818
167 1 1 1 371 453 367 400 426 423 395 368 369 398
168 1 1 1 461 380 452 436 409 401 424 454 458 427
169 1 1 1 453 431 367 446 445 414 390 395 423 420
170 1 1 1 678 734 775 695 715 746 756 742 710 729
171 1 1 1 308 216 248 278 247 234 242 272 295 265
172 1 1 1 335 308 248 329 323 295 272 279 305 302
173 1 1 1 380 290 300 353 321 293 297 326 355 324
174 1 1 1 574 591 652 586 590 614 635 624 602 607
175 1 1 1 485 537 452 506 522 508 479 460 476 491
176 1 1 1 736 669 652 713 688 660 656 682 709 685
177 1 1 1 833 777 859 813 790 809 832 854 843 822
178 1 1 1 3 114 89 54 85 98 91 60 32 63
179 1 1 1 119 174 88 142 154 147 117 93 115 125
180 1 1 1 280 371 367 312 341 369 368 336 310 339
181 1 1 1 753 772 699 754 766 747 722 716 737 740
182 1 1 1 431 335 367 399 366 348 359 390 414 385
183 1 1 1 179 120 89 158 143 116 94 118 149 126
184 1 1 1 838 928 859 870 900 918 889 857 846 881
185 1 1 1 97 10 88 68 40 31 59 90 92 62
186 1 1 1 689 620 699 671 644 647 675 697 692 674
187 1 1 1 629 531 581 597 565 546 564 596 617 582
188 1 1 1 736 689 778 719 708 721 752 765 751 738
189 1 1 1 95 185 180 128 159 183 181 151 123 155
190 1 1 1 777 838 859 796 815 846 857 832 809 825
191 1 1 1 114 179 89 129 152 149 118 91 98 122
192 1 1 1 174 97 88 150 124 92 90 117 147 121
193 1 1 1 841 775 858 817 795 805 829 856 849 824
194 1 1 1 689 772 778 717 744 773 776 752 721 749
195 1 1 1 772 689 699 744 717 692 697 722 747 720
196 1 1 1 772 855 778 797 823 826 804 776 773 801
197 1 1 1 185 248 180 213 236 224 202 181 183 208
198 1 1 1 248 216 180 242 234 205 187 202 224 214
