1 1 1 1 18 14 13
2 1 1 1 12 14 17
3 1 1 1 14 18 19
4 1 1 1 17 14 19
5 1 1 1 14 9 13
6 1 1 1 12 8 14
7 1 1 1 22 17 19
8 1 1 1 16 11 12
9 1 1 1 4 5 9
10 1 1 1 29 30 22
11 1 1 1 15 20 18
12 1 1 1 18 23 19
13 1 1 1 3 4 8
14 1 1 1 21 16 17
15 1 1 1 10 15 13
16 1 1 1 28 29 23
17 1 1 1 8 9 14
18 1 1 1 4 9 8
19 1 1 1 16 12 17
20 1 1 1 15 18 13
21 1 1 1 29 22 23
22 1 1 1 2 3 7
23 1 1 1 27 21 24
24 1 1 1 11 2 7
25 1 1 1 5 1 6
26 1 1 1 1 10 6
27 1 1 1 30 27 24
28 1 1 1 20 26 25
29 1 1 1 26 28 25
30 1 1 1 3 8 7
31 1 1 1 21 17 24
32 1 1 1 10 13 6
33 1 1 1 28 23 25
34 1 1 1 12 11 7
35 1 1 1 22 30 24
36 1 1 1 9 5 6
37 1 1 1 18 20 25
38 1 1 1 8 12 7
39 1 1 1 13 9 6
40 1 1 1 17 22 24
41 1 1 1 23 18 25
42 1 1 1 23 22 19
