1 1 1 1 99 88 87
2 1 1 1 79 69 67
3 1 1 1 34 29 22
4 1 1 1 29 34 40
5 1 1 1 113 114 98
6 1 1 1 70 80 82
7 1 1 1 111 112 103
8 1 1 1 89 104 93
9 1 1 1 99 87 103
10 1 1 1 88 99 98
11 1 1 1 104 89 98
12 1 1 1 87 84 95
13 1 1 1 63 61 52
14 1 1 1 79 67 78
15 1 1 1 112 99 103
16 1 1 1 68 70 82
17 1 1 1 69 58 67
18 1 1 1 103 87 95
19 1 1 1 114 104 98
20 1 1 1 99 113 98
21 1 1 1 80 89 82
22 1 1 1 61 63 71
23 1 1 1 52 61 51
24 1 1 1 111 103 107
25 1 1 1 84 87 78
26 1 1 1 30 23 19
27 1 1 1 29 14 22
28 1 1 1 50 49 40
29 1 1 1 71 83 73
30 1 1 1 89 93 82
31 1 1 1 102 96 92
32 1 1 1 83 71 81
33 1 1 1 68 82 75
34 1 1 1 93 104 105
35 1 1 1 30 19 24
36 1 1 1 89 88 98
37 1 1 1 115 116 105
38 1 1 1 49 50 56
39 1 1 1 34 50 40
40 1 1 1 36 44 33
41 1 1 1 104 115 105
42 1 1 1 116 106 105
43 1 1 1 68 75 64
44 1 1 1 102 92 97
45 1 1 1 64 75 74
46 1 1 1 64 74 63
47 1 1 1 74 75 85
48 1 1 1 63 74 71
49 1 1 1 64 63 53
50 1 1 1 53 63 52
51 1 1 1 53 52 44
52 1 1 1 18 29 28
53 1 1 1 8 18 17
54 1 1 1 28 29 39
55 1 1 1 6 7 16
56 1 1 1 35 23 30
57 1 1 1 65 76 72
58 1 1 1 62 65 72
59 1 1 1 62 72 67
60 1 1 1 18 14 29
61 1 1 1 35 32 23
62 1 1 1 6 16 15
63 1 1 1 17 18 28
64 1 1 1 114 115 104
65 1 1 1 43 32 35
66 1 1 1 106 117 102
67 1 1 1 5 6 15
68 1 1 1 76 84 72
69 1 1 1 18 9 14
70 1 1 1 32 21 23
71 1 1 1 66 55 61
72 1 1 1 54 65 62
73 1 1 1 16 17 27
74 1 1 1 117 118 102
75 1 1 1 8 9 18
76 1 1 1 116 117 106
77 1 1 1 9 10 14
78 1 1 1 16 27 26
79 1 1 1 76 90 84
80 1 1 1 80 88 89
81 1 1 1 7 8 17
82 1 1 1 42 54 50
83 1 1 1 59 70 68
84 1 1 1 13 5 15
85 1 1 1 80 79 88
86 1 1 1 54 62 50
87 1 1 1 37 48 46
88 1 1 1 59 60 70
89 1 1 1 69 60 58
90 1 1 1 59 48 60
91 1 1 1 46 48 59
92 1 1 1 48 38 47
93 1 1 1 60 48 47
94 1 1 1 26 27 37
95 1 1 1 88 79 87
96 1 1 1 70 69 80
97 1 1 1 58 60 47
98 1 1 1 37 27 38
99 1 1 1 16 26 15
100 1 1 1 112 113 99
101 1 1 1 70 60 69
102 1 1 1 13 15 25
103 1 1 1 37 38 48
104 1 1 1 58 47 49
105 1 1 1 34 42 50
106 1 1 1 16 7 17
107 1 1 1 80 69 79
108 1 1 1 31 42 34
109 1 1 1 15 26 25
110 1 1 1 26 37 36
111 1 1 1 4 5 13
112 1 1 1 91 77 83
113 1 1 1 25 26 36
114 1 1 1 37 46 36
115 1 1 1 47 38 39
116 1 1 1 38 27 28
117 1 1 1 27 17 28
118 1 1 1 49 47 39
119 1 1 1 38 28 39
120 1 1 1 43 35 51
121 1 1 1 61 55 51
122 1 1 1 55 43 51
123 1 1 1 3 4 19
124 1 1 1 100 91 96
125 1 1 1 20 31 22
126 1 1 1 25 36 33
127 1 1 1 109 111 107
128 1 1 1 101 109 107
129 1 1 1 67 72 78
130 1 1 1 87 79 78
131 1 1 1 68 64 57
132 1 1 1 59 68 57
133 1 1 1 4 13 19
134 1 1 1 91 83 96
135 1 1 1 31 34 22
136 1 1 1 61 71 73
137 1 1 1 51 35 41
138 1 1 1 90 101 95
139 1 1 1 93 105 94
140 1 1 1 96 83 92
141 1 1 1 39 29 40
142 1 1 1 74 85 81
143 1 1 1 50 62 56
144 1 1 1 52 51 41
145 1 1 1 82 93 86
146 1 1 1 2 3 12
147 1 1 1 110 100 108
148 1 1 1 1 20 11
149 1 1 1 10 1 11
150 1 1 1 21 2 12
151 1 1 1 118 110 108
152 1 1 1 66 61 73
153 1 1 1 83 77 73
154 1 1 1 75 82 86
155 1 1 1 85 92 81
156 1 1 1 44 36 45
157 1 1 1 46 59 57
158 1 1 1 72 84 78
159 1 1 1 64 53 57
160 1 1 1 106 102 97
161 1 1 1 19 13 24
162 1 1 1 35 30 41
163 1 1 1 67 58 56
164 1 1 1 105 106 94
165 1 1 1 44 52 41
166 1 1 1 95 101 107
167 1 1 1 46 57 45
168 1 1 1 58 49 56
169 1 1 1 57 53 45
170 1 1 1 84 90 95
171 1 1 1 41 30 33
172 1 1 1 44 41 33
173 1 1 1 49 39 40
174 1 1 1 71 74 81
175 1 1 1 62 67 56
176 1 1 1 92 83 81
177 1 1 1 100 96 108
178 1 1 1 3 19 12
179 1 1 1 20 22 11
180 1 1 1 36 46 45
181 1 1 1 93 94 86
182 1 1 1 53 44 45
183 1 1 1 23 21 12
184 1 1 1 102 118 108
185 1 1 1 14 10 11
186 1 1 1 85 75 86
187 1 1 1 77 66 73
188 1 1 1 92 85 97
189 1 1 1 13 25 24
190 1 1 1 96 102 108
191 1 1 1 19 23 12
192 1 1 1 22 14 11
193 1 1 1 103 95 107
194 1 1 1 85 94 97
195 1 1 1 94 85 86
196 1 1 1 94 106 97
197 1 1 1 25 33 24
198 1 1 1 33 30 24
