1 0 0 0
2 0 1 0
3 0 0.888888888888426 0
4 0 0.777777777777932 0
5 0 0.666666666667592 0
6 0 0.555555555557251 0
7 0 0.444444444446294 0
8 0 0.333333333334721 0
9 0 0.222222222223147 0
10 0 0.111111111111574 0
11 0 0.944444444444245 0
12 0 0.833333333333182 0
13 0 0.722222222222796 0
14 0 0.611111111112326 0
15 0 0.500000000001982 0
16 0 0.388888888890507 0
17 0 0.277777777778934 0
18 0 0.16666666666736 0
19 0 0.0555555555557867 0
20 0.0406694893095315 0.0406694893096207 0
21 0.0406694893095315 0.0962250448654074 0
22 0.0406694893095743 0.903774955134639 0
23 0.0406694893095743 0.959330510690426 0
24 0.0462343801568537 0.691213706622075 0
25 0.0462343801568537 0.746769262177245 0
26 0.0470428913921317 0.194679853849752 0
27 0.0470428913921317 0.139124298293965 0
28 0.0477994987196826 0.582794877030953 0
29 0.0477994987196826 0.638350432586123 0
30 0.0481125224322686 0.472222222224033 0
31 0.0481125224322686 0.527777777779512 0
32 0.0481125224323303 0.361111111112893 0
33 0.0481125224323303 0.416666666668679 0
34 0.0481125224326691 0.305555555556827 0
35 0.0481125224326691 0.250000000001041 0
36 0.0504018303439707 0.801707601036388 0
37 0.0504018303439707 0.857263156591635 0
38 0.0555555555554416 0 0
39 0.0555555555557867 1 0
40 0.0813389786190631 0.0813389786192413 0
41 0.0813389786191486 0.918661021380851 0
42 0.0877123807016632 0.124238232047799 0
43 0.091071319653545 0.872149222837848 0
44 0.0924687603137074 0.715760746576557 0
45 0.0940338788765363 0.662897472540606 0
46 0.0940857827842633 0.167137485476357 0
47 0.0951554138248007 0.222457631627646 0
48 0.0955989974393651 0.610034198504655 0
49 0.0959120211519511 0.555017099253214 0
50 0.0962250448645372 0.500000000001773 0
51 0.0962250448645989 0.444444444446419 0
52 0.0962250448646607 0.388888888891064 0
53 0.0962250448649856 0.0406694893096207 0
54 0.0962250448649994 0.333333333334999 0
55 0.0962250448653381 0.277777777778934 0
56 0.0962250448653611 0.959330510690426 0
57 0.0966362105008245 0.770699085435701 0
58 0.100803660687941 0.825637424294844 0
59 0.111111111110908 0 0
60 0.111111111111574 1 0
61 0.123504253706605 0.0868844906224861 0
62 0.124172067797183 0.912350752467956 0
63 0.129877655789205 0.129783744051044 0
64 0.130255102691701 0.733039361767742 0
65 0.13390440883158 0.865838953924952 0
66 0.134422552878818 0.787977700626885 0
67 0.137363170249798 0.688275210729103 0
68 0.138390319952528 0.0462150013128654 0
69 0.138928288812627 0.635411936693151 0
70 0.139058134043396 0.95302024177753 0
71 0.144024543584183 0.582794877030875 0
72 0.144337567296769 0.527777777779434 0
73 0.144337567296844 0.472222222224149 0
74 0.144337567296906 0.416666666668795 0
75 0.14510402023916 0.359672334446776 0
76 0.145104020239499 0.30411677889071 0
77 0.147866653909677 0.186047193851389 0
78 0.148936284950214 0.241367340002678 0
79 0.157093282089495 0.823610314052935 0
80 0.165669528794147 0.0924300026257308 0
81 0.16666666666632 0 0
82 0.16666666666736 1 0
83 0.167005156975218 0.906040483555061 0
84 0.168041445069695 0.750317976958926 0
85 0.175149512627792 0.705553825920287 0
86 0.182257580185888 0.660789674881648 0
87 0.183658526914619 0.148693452426076 0
88 0.187353834957445 0.608172615219371 0
89 0.190194030233133 0.863811843683043 0
90 0.190712174280371 0.785950590384976 0
91 0.192450089729002 0.555555555557094 0
92 0.192450089729076 0.50000000000181 0
93 0.192450089729151 0.444444444446526 0
94 0.193216542671405 0.387450112224506 0
95 0.193945875507931 0.0462150013128654 0
96 0.193982995613659 0.330455780002487 0
97 0.194613689599183 0.95302024177753 0
98 0.197815260324375 0.267706341114454 0
99 0.201647525035091 0.204956902226422 0
100 0.209667882869792 0.73906840609474 0
101 0.213382903491048 0.821583203811026 0
102 0.216775950427889 0.694304255056101 0
103 0.216905561357465 0.0960092304772266 0
104 0.221302139155565 0.905947143850049 0
105 0.222222222221714 0 0
106 0.222222222223147 1 0
107 0.232338612080469 0.77470101952079 0
108 0.234595188505743 0.641556043115487 0
109 0.234894559477937 0.152272680277572 0
110 0.239691443277299 0.58893898345321 0
111 0.240562612161301 0.527777777779535 0
112 0.240562612161375 0.472222222224251 0
113 0.240562612161467 0.416666666668926 0
114 0.241329065103721 0.359672334446906 0
115 0.241329065103797 0.304116778891569 0
116 0.24449101241348 0.863718503978032 0
117 0.245161329814512 0.241367340003536 0
118 0.245181908071249 0.0497942291643612 0
119 0.248910671779529 0.952926902072519 0
120 0.250743604656243 0.195480568095952 0
121 0.25129432066989 0.727818835230555 0
122 0.263596286944834 0.817623970067454 0
123 0.268141593920783 0.0995884583287224 0
124 0.269113558747743 0.67507062328994 0
125 0.275599121335911 0.905853804145038 0
126 0.277777777777108 0 0
127 0.277777777778934 1 0
128 0.282551995534255 0.770741785777218 0
129 0.283990639099089 0.142796346147102 0
130 0.286932796825597 0.622322411349325 0
131 0.287803965709598 0.561161205675651 0
132 0.2886751345936 0.500000000001976 0
133 0.288675134593691 0.444444444446651 0
134 0.288675134593783 0.388888888891325 0
135 0.288675134593859 0.333333333335988 0
136 0.288675134593934 0.277777777780651 0
137 0.294257409435665 0.231891005873066 0
138 0.294704395867266 0.85975927023446 0
139 0.295931189346312 0.724052694533778 0
140 0.299839684277395 0.186004233965482 0
141 0.300737463626642 0.0497942291643612 0
142 0.304466227335316 0.952926902072519 0
143 0.313750427424165 0.671304482593163 0
144 0.31380967039862 0.813664736323882 0
145 0.326905025332438 0.10567289827619 0
146 0.327188864210677 0.766975645080441 0
147 0.331305399323138 0.905826613903597 0
148 0.331535746780472 0.631675611810901 0
149 0.333333333332501 0 0
150 0.333333333334721 1 0
151 0.334297689687706 0.585908714752249 0
152 0.335168858571708 0.524747509078575 0
153 0.336476146374357 0.360920121595278 0
154 0.336476146374433 0.305364566039941 0
155 0.336787657025932 0.472222222224394 0
156 0.336787657026023 0.416666666669068 0
157 0.336787657026188 0.250000000002948 0
158 0.340568058022734 0.720286553837001 0
159 0.342369931867918 0.204113228095364 0
160 0.342754070510744 0.148880786094569 0
161 0.350410673854492 0.859732079993019 0
162 0.358353377379041 0.680657683054738 0
163 0.359500895038297 0.0558786691118283 0
164 0.360172505322542 0.952899711831078 0
165 0.364405805980197 0.807155666790698 0
166 0.376138696735348 0.641028812272476 0
167 0.377784999792254 0.760466575547257 0
168 0.378900639642581 0.595261915213824 0
169 0.381662582549815 0.549495018155173 0
170 0.38328138100404 0.496969731300992 0
171 0.384277158154932 0.332951354299231 0
172 0.384588668806598 0.388697899373021 0
173 0.384588668806687 0.277586788262238 0
174 0.384900179458264 0.444444444446812 0
175 0.384900179458441 0.222222222225245 0
176 0.385284318101267 0.166989780224451 0
177 0.385668456744092 0.111757338223656 0
178 0.387011677310364 0.905799423662156 0
179 0.388888888887894 0 0
180 0.388888888890507 1 0
181 0.392488463165864 0.709647445364629 0
182 0.401006809436069 0.853223010459835 0
183 0.410273782522171 0.670018574582367 0
184 0.415001941561774 0.800646597257514 0
185 0.41505645059369 0.0558786691118283 0
186 0.415728060878329 0.952899711831078 0
187 0.421323554675422 0.621938884039767 0
188 0.424085497582656 0.576171986981115 0
189 0.424578550071972 0.201422692111615 0
190 0.424962688714798 0.146190250110821 0
191 0.429705404935384 0.749827467074886 0
192 0.430611835858947 0.523241814334608 0
193 0.430962471924791 0.304469578053526 0
194 0.431273982576545 0.249105012016534 0
195 0.432230634313171 0.470716527480427 0
196 0.432570846642727 0.360669172471379 0
197 0.432882357294393 0.41641571754517 0
198 0.444217899630266 0.903597213007971 0
199 0.444408868308995 0.699008336892258 0
200 0.444444444443288 0 0
201 0.444444444446294 1 0
202 0.444589622466777 0.102977714290825 0
203 0.455458640462246 0.650928646349658 0
204 0.458213031755971 0.851020799805649 0
205 0.464256920685504 0.180623161997985 0
206 0.466508412615497 0.602848955807058 0
207 0.468749024208985 0.788226877813366 0
208 0.470952353190077 0.228305481902904 0
209 0.472934283198231 0.950697501176893 0
210 0.473034750891788 0.54991878316055 0
211 0.473977616316375 0.0470990451789963 0
212 0.477647785694649 0.275987801807822 0
213 0.479256160412585 0.332187396225675 0
214 0.479561089168078 0.496988610514042 0
215 0.4802128121493 0.442687800578785 0
216 0.480864535130521 0.388386990643528 0
217 0.483452487582595 0.737407747630738 0
218 0.483883854437483 0.137410626177989 0
219 0.496887137939489 0.683352564971772 0
220 0.499999999998681 0 0
221 0.500000000001982 1 0
222 0.501424121950169 0.901395002353785 0
223 0.503510788189462 0.0941980903579926 0
224 0.50793691009274 0.635272874429172 0
225 0.511960114403182 0.838601080361501 0
226 0.513901750050135 0.190590278030194 0
227 0.519469564341681 0.582221345127409 0
228 0.520597182554708 0.238272597935113 0
229 0.522496106856196 0.775807158369218 0
230 0.525887415087175 0.302461676213941 0
231 0.525995902617971 0.529291172480901 0
232 0.527495789805111 0.358661270631794 0
233 0.52848983875371 0.950697501176893 0
234 0.529533171871923 0.0470990451789963 0
235 0.529813706466767 0.472660194703681 0
236 0.530465429447989 0.418359384768424 0
237 0.533528683802114 0.147377742210198 0
238 0.535930757213089 0.721751975710252 0
239 0.549365407569982 0.667696793051287 0
240 0.555116024462739 0.873294250566207 0
241 0.555555555554383 0 0
242 0.555555555557251 1 0
243 0.556267616531295 0.91802656050294 0
244 0.557253379292954 0.0939746262938057 0
245 0.560898061818924 0.614645263749523 0
246 0.563546579414767 0.200557394062403 0
247 0.565652016915753 0.810500328573924 0
248 0.568836811947234 0.264746472341232 0
249 0.572430716067865 0.561593734447759 0
250 0.573698528836734 0.759138752680999 0
251 0.5741270444797 0.32893555062006 0
252 0.57624851991666 0.50496275667054 0
253 0.577096684122578 0.38863366475669 0
254 0.580066323765456 0.44833177889332 0
255 0.583275762975415 0.0468755811148094 0
256 0.583333333334837 0.967329059326048 0
257 0.587133179193627 0.705083570022034 0
258 0.587271274905606 0.147154278146011 0
259 0.601723653451477 0.653360573224606 0
260 0.608807926975309 0.84519349877863 0
261 0.609959519043865 0.889925808715363 0
262 0.610995970396446 0.0937511622296187 0
263 0.611111111110085 0 0
264 0.611111111112326 1 0
265 0.611111111112422 0.934658118652095 0
266 0.613256307700419 0.600309043922842 0
267 0.615108469800729 0.188289604480494 0
268 0.616145036557461 0.237682920985409 0
269 0.61685443889629 0.793831922885705 0
270 0.621435269089928 0.301871999264238 0
271 0.624900950817271 0.742470346992781 0
272 0.625319011073084 0.361106123601256 0
273 0.628288650715961 0.420804237737886 0
274 0.632063590967288 0.544215514431954 0
275 0.635881394816083 0.487584536654735 0
276 0.638831318531117 0.0468755811148094 0
277 0.638833165291569 0.134886488564102 0
278 0.638888888890007 0.967329059326048 0
279 0.639491425075122 0.690747350195353 0
280 0.649913716745445 0.825567790866875 0
281 0.654081899332972 0.639024353397926 0
282 0.657861089025161 0.873842471739933 0
283 0.657960228666426 0.774206214973951 0
284 0.659012681093717 0.918574781676666 0
285 0.664508280072752 0.0954885802818026 0
286 0.666666666665787 0 0
287 0.666666666667592 1 0
288 0.666670360186692 0.176021814898585 0
289 0.667706926943423 0.2254151314035 0
290 0.668743493700155 0.274808447908415 0
291 0.672627235683311 0.334042572245433 0
292 0.672889182599842 0.582930823907037 0
293 0.676510977666467 0.393276696582451 0
294 0.679839183887693 0.730976987391049 0
295 0.684103721766589 0.4600569954993 0
296 0.686790458871302 0.951245722350619 0
297 0.691019506515581 0.80594208295512 0
298 0.691696465866711 0.526837294416149 0
299 0.692343628207423 0.0486129991669932 0
300 0.692345474967876 0.136623906616286 0
301 0.694429658145544 0.679253990593621 0
302 0.697112190492691 0.630614830540082 0
303 0.698966878795297 0.854216763828179 0
304 0.706914251075013 0.902491444701237 0
305 0.712898461736848 0.762712855372219 0
306 0.71591947375956 0.574521301049194 0
307 0.718020589749059 0.0972259983339864 0
308 0.719366628380021 0.188627591291066 0
309 0.720403195136752 0.238020907795981 0
310 0.721333264799838 0.304134011861765 0
311 0.72222222222149 0 0
312 0.722222222222796 1 0
313 0.725217006782994 0.363368136198783 0
314 0.72599143260276 0.419991559152836 0
315 0.733584176702882 0.486771858069685 0
316 0.734777416958116 0.719483627789317 0
317 0.735358246633889 0.813006789734378 0
318 0.737459949305263 0.670844467735778 0
319 0.74014248165241 0.622205307682239 0
320 0.742346014426472 0.951245722350619 0
321 0.743305618913605 0.861281470607437 0
322 0.745041743161204 0.149229683008766 0
323 0.745812795225626 0.543972721332605 0
324 0.747899183763125 0.0486129991669932 0
325 0.757237201855156 0.769777562151477 0
326 0.767176650009537 0.906063280095192 0
327 0.770035803118476 0.59165672796565 0
328 0.771518844982203 0.0934352709193284 0
329 0.77206289657335 0.201233367683546 0
330 0.772992966236436 0.267346471749331 0
331 0.773923035899521 0.333459575815115 0
332 0.774697461719288 0.390082998769168 0
333 0.775471887539054 0.446706421723221 0
334 0.777502459238912 0.692028371174028 0
335 0.777777777777192 0 0
336 0.777777777777932 1 0
337 0.779696986752197 0.820071496513637 0
338 0.780184991586059 0.643389211120489 0
339 0.781633207713308 0.73467671325453 0
340 0.787700506061798 0.503907284986141 0
341 0.798539998394348 0.145438955594108 0
342 0.799929124584542 0.561108148249062 0
343 0.801397438996269 0.0448222717523352 0
344 0.802608413360996 0.954817557744573 0
345 0.803568017848129 0.864853306001391 0
346 0.804092992610349 0.78497064761669 0
347 0.810078313052125 0.612840631403901 0
348 0.820227501519709 0.66457311455874 0
349 0.824358249994105 0.707221456639242 0
350 0.825017100215347 0.0896445435046704 0
351 0.827439048944061 0.909635115489146 0
352 0.8284889984685 0.749869798719744 0
353 0.82902901911413 0.361297116484044 0
354 0.829701119873047 0.239175061261115 0
355 0.829803444933896 0.417920539438097 0
356 0.830631189536133 0.3052881653269 0
357 0.833333333332894 0 0
358 0.833333333333182 1 0
359 0.835335333162796 0.182434680708656 0
360 0.837123400616699 0.473521839162152 0
361 0.837129085889453 0.822340783646675 0
362 0.849352019139443 0.530722702425072 0
363 0.85251634220472 0.586523878310042 0
364 0.856952994551971 0.0448222717523352 0
365 0.858163968916243 0.954817557744573 0
366 0.861000116985384 0.86712259313443 0
367 0.861525091747604 0.787239934749729 0
368 0.861812434983794 0.126640268619218 0
369 0.862665530672304 0.638256361464881 0
370 0.864644976208274 0.691338608048051 0
371 0.868775724682669 0.733986950128553 0
372 0.870580260812379 0.0867505610475685 0
373 0.87305003516252 0.914148068435086 0
374 0.884135002328738 0.389134657152973 0
375 0.885737172750741 0.333125705995829 0
376 0.887339343172745 0.277116754838684 0
377 0.888888888888426 1 0
378 0.888888888888596 0 0
379 0.891454958011541 0.444735956877028 0
380 0.892973556462493 0.220376374286225 0
381 0.894561185026708 0.824610070779714 0
382 0.898607769752242 0.163635993733766 0
383 0.898774913694344 0.500337256601082 0
384 0.901811817961773 0.771357086158538 0
385 0.901939236759622 0.556138432486052 0
386 0.902516155149004 0.0419282892952334 0
387 0.903774955134703 0.959330510690513 0
388 0.905103559824898 0.611939608371022 0
389 0.906611103203844 0.87163554608037 0
390 0.907083005360868 0.665021854954192 0
391 0.907375595580827 0.123746286162116 0
392 0.909062450896838 0.718104101537363 0
393 0.916143421409412 0.0838565785904667 0
394 0.918661021380979 0.918661021381025 0
395 0.942067501164369 0.416789550798131 0
396 0.942067501164369 0.361233995242737 0
397 0.943669671586372 0.249669488530199 0
398 0.943669671586372 0.305225044085593 0
399 0.944444444444245 1 0
400 0.944444444444298 0 0
401 0.947280592513354 0.801193924278453 0
402 0.947280592513354 0.856749479834155 0
403 0.949303884876121 0.19292910797774 0
404 0.949303884876121 0.137373552422337 0
405 0.949387456847172 0.472390850522185 0
406 0.949387456847172 0.527946406077733 0
407 0.952551779912449 0.639303137518405 0
408 0.952551779912449 0.583747581962703 0
409 0.954531225448419 0.692385384101575 0
410 0.954531225448419 0.747940939657277 0
411 0.958071710704706 0.0974838448506875 0
412 0.958071710704706 0.0419282892952334 0
413 0.95933051069049 0.959330510690513 0
414 0.95933051069049 0.903774955134811 0
415 1 0 0
416 1 1 0
417 1 0.111111111110908 0
418 1 0.222222222221714 0
419 1 0.333333333332501 0
420 1 0.444444444443288 0
421 1 0.555555555554383 0
422 1 0.666666666665787 0
423 1 0.777777777777192 0
424 1 0.888888888888596 0
425 1 0.0555555555554416 0
426 1 0.16666666666632 0
427 1 0.277777777777108 0
428 1 0.388888888887894 0
429 1 0.499999999998681 0
430 1 0.611111111110085 0
431 1 0.72222222222149 0
432 1 0.833333333332894 0
433 1 0.944444444444298 0
