1 0 0 0
2 0 1 0
3 0 0.971428571428453 0
4 0 0.942857142856905 0
5 0 0.914285714285357 0
6 0 0.88571428571381 0
7 0 0.857142857142461 0
8 0 0.82857142857123 0
9 0 0.8 0
10 0 0.77142857142877 0
11 0 0.742857142857539 0
12 0 0.714285714286309 0
13 0 0.685714285715079 0
14 0 0.657142857143848 0
15 0 0.628571428572618 0
16 0 0.600000000001387 0
17 0 0.571428571430157 0
18 0 0.542857142858927 0
19 0 0.514285714287696 0
20 0 0.485714285716307 0
21 0 0.45714285714476 0
22 0 0.428571428573212 0
23 0 0.400000000001665 0
24 0 0.371428571430117 0
25 0 0.34285714285857 0
26 0 0.314285714287023 0
27 0 0.285714285715475 0
28 0 0.257142857143927 0
29 0 0.22857142857238 0
30 0 0.200000000000833 0
31 0 0.171428571429285 0
32 0 0.142857142857738 0
33 0 0.11428571428619 0
34 0 0.0857142857146426 0
35 0 0.0571428571430951 0
36 0 0.0285714285715476 0
37 0.0189071939810292 0.128571428571964 0
38 0.0190541962788009 0.728571428571925 0
39 0.0191297976939192 0.185020142621202 0
40 0.0196303207987026 0.671428571429463 0
41 0.0199790238281135 0.0195022477113449 0
42 0.0209157373591984 0.979084262640802 0
43 0.0222578882520354 0.0406612180926295 0
44 0.0223963300557737 0.526815750908063 0
45 0.022561046149494 0.499490304328962 0
46 0.0234339062696656 0.956266470692645 0
47 0.0238358032396396 0.470846889969217 0
48 0.0241753640575014 0.442934923802244 0
49 0.0243078594960222 0.27082139893637 0
50 0.0245514135800641 0.241892295128382 0
51 0.0246087631390877 0.928337913782159 0
52 0.0247134205317934 0.414649711121361 0
53 0.0247435829650962 0.814285714285614 0
54 0.0247435829650971 0.614285714287002 0
55 0.0247435829652966 0.899999999999594 0
56 0.0251627107575343 0.786032055794116 0
57 0.0252319963652824 0.84218995774564 0
58 0.0254912286489634 0.298602253637945 0
59 0.0255578147004186 0.87087100391569 0
60 0.0256556728716646 0.587291917112349 0
61 0.0257196204276325 0.387569452958222 0
62 0.0257369849297611 0.157709643092872 0
63 0.0259167856782806 0.326202936413382 0
64 0.0259953061879151 0.701114764288184 0
65 0.0268557525342682 0.210942504803045 0
66 0.0269220221612478 0.103960867571863 0
67 0.0272436903342743 0.75484644935789 0
68 0.027249283786205 0.0693882766702957 0
69 0.0273459225637491 0.647154196567696 0
70 0.0285714285713743 0 0
71 0.0285714285715476 1 0
72 0.028795110911325 0.55614983307273 0
73 0.0288608444968317 0.356949486613925 0
74 0.0393864264605593 0.512585246752778 0
75 0.0423918853451599 0.132498361948088 0
76 0.043001282789786 0.72799908839183 0
77 0.0431022181705117 0.183631707592261 0
78 0.0432350778769488 0.676005892639287 0
79 0.0450163509055948 0.48809855838627 0
80 0.0450671200443361 0.0440198187178681 0
81 0.0451216574787625 0.229463499432721 0
82 0.0452678461248762 0.0221921103395498 0
83 0.0453454838173974 0.283954134007128 0
84 0.0454807319732586 0.97412293578724 0
85 0.0456510050107554 0.429352897119916 0
86 0.0457942112785333 0.827881726771005 0
87 0.0464864317788306 0.628767285646268 0
88 0.046812934905823 0.774435143498878 0
89 0.0476165370568424 0.377296727953374 0
90 0.0476457723407842 0.576012856816685 0
91 0.0478426383333284 0.335949167859592 0
92 0.047892662536435 0.914246795153797 0
93 0.0479854835537462 0.532832772540562 0
94 0.0480996666877892 0.086112862408845 0
95 0.0483963865747934 0.943027283140929 0
96 0.0494871659305648 0.885714285713826 0
97 0.0501698075179309 0.257183803085322 0
98 0.0527788130949358 0.45605708056847 0
99 0.0530868448589379 0.801425288681486 0
100 0.0531099880669099 0.403736136165498 0
101 0.0533840855280768 0.602660355291403 0
102 0.0533862219936448 0.309767698684307 0
103 0.0538841429413677 0.854464637178808 0
104 0.0565004126583482 0.158369503163485 0
105 0.0567235178689574 0.20792510524486 0
106 0.0568404742328351 0.702560265299412 0
107 0.0569494295840618 0.108622945143581 0
108 0.0571428571427411 0 0
109 0.0571428571430951 1 0
110 0.0571428571463894 0.752564170347779 0
111 0.0574812255131398 0.0636579246228579 0
112 0.0576912479144939 0.651957081252455 0
113 0.0582242757450668 0.555030989404859 0
114 0.0589636608601283 0.356818138159167 0
115 0.060406003850609 0.507526603432451 0
116 0.0654984911274649 0.900154752737607 0
117 0.0702614925479452 0.232257571614844 0
118 0.0709723943331851 0.133423670161278 0
119 0.0713317063904913 0.183517687205782 0
120 0.0714285714319791 0.777307753313121 0
121 0.0714285714324749 0.28243609400883 0
122 0.0714285714325855 0.480384757730828 0
123 0.0714285714326097 0.430897591800348 0
124 0.0714285714327093 0.381410425870055 0
125 0.0714287896446753 0.727820713367725 0
126 0.0715275737897577 0.0361498652224721 0
127 0.0715592308218692 0.0151137551463907 0
128 0.0716089039496965 0.677770930827278 0
129 0.0718963723942918 0.0849342980356273 0
130 0.072024489261982 0.827043035963475 0
131 0.0720766467902055 0.628719194786305 0
132 0.0721697166477879 0.578931189202086 0
133 0.0722355023787018 0.981104389284871 0
134 0.0722461174439259 0.332395270349319 0
135 0.0730073890982915 0.530834356060293 0
136 0.0731025513197337 0.956785954086431 0
137 0.0737232036595283 0.877074579901539 0
138 0.0745982003373171 0.925234534214199 0
139 0.0849869450429764 0.455710492399431 0
140 0.0851330954650781 0.20854089546213 0
141 0.085506247071752 0.158560022315161 0
142 0.0857023207901941 0.70301307008644 0
143 0.0857142857141217 0 0
144 0.0857142857146426 1 0
145 0.0857142857181631 0.30717967697418 0
146 0.0857142857181849 0.554615506626492 0
147 0.0857142857182451 0.505128340696078 0
148 0.0857142857182708 0.257692511043539 0
149 0.0857142857183784 0.406154008835126 0
150 0.0857145333561053 0.752564313322003 0
151 0.0857190134105549 0.0617164556937035 0
152 0.0858254870239463 0.802085843720703 0
153 0.0858340333747372 0.109161876910417 0
154 0.0858378099206516 0.604031355825272 0
155 0.0858505433867994 0.356745511306415 0
156 0.0859797809582559 0.653520844121549 0
157 0.0861415727046765 0.851291808239025 0
158 0.0878947241326878 0.899853012580802 0
159 0.0993219447085369 0.233340403485669 0
160 0.0996655554506549 0.943723661794106 0
161 0.0997370857427791 0.974613056550687 0
162 0.0999472547542041 0.133869332030333 0
163 0.0999999999998141 0.0247435829652192 0
164 0.100000000003717 0.628846255522076 0
165 0.100000000003808 0.57935908959171 0
166 0.100000000003861 0.33192325993951 0
167 0.100000000003897 0.529871923661316 0
168 0.100000000003961 0.282436094008893 0
169 0.100000000003968 0.48038475773088 0
170 0.10000000000405 0.430897591800391 0
171 0.100000000004211 0.183461762147668 0
172 0.100000000004657 0.0451591450179789 0
173 0.100000074432943 0.777307796285139 0
174 0.100001061640065 0.72782120031895 0
175 0.100023838658282 0.0844736670334396 0
176 0.100026494550742 0.38142572250362 0
177 0.100031997235964 0.678351895063147 0
178 0.100071215581636 0.82675380420583 0
179 0.100290037867737 0.919423411273313 0
180 0.100366246067238 0.876070633243366 0
181 0.1142422503072 0.158674275673438 0
182 0.114285714285507 0 0
183 0.11428571428619 1 0
184 0.114285714289331 0.653589838487285 0
185 0.11428571428943 0.604102672556924 0
186 0.114285714289526 0.554615506626542 0
187 0.114285714289611 0.50512834069613 0
188 0.11428571428965 0.307179676974234 0
189 0.114285714289709 0.455641174765671 0
190 0.114285714289758 0.257692511043609 0
191 0.114285714289809 0.406154008835187 0
192 0.114285714289875 0.208205345112996 0
193 0.114285715493706 0.851538502904489 0
194 0.114286064053075 0.752564372284336 0
195 0.114290241786579 0.0614343801471695 0
196 0.114291047161289 0.703080083352766 0
197 0.114305672232858 0.109219490528336 0
198 0.11430842390118 0.356679954305017 0
199 0.114316150730881 0.802050254427533 0
200 0.114346755387013 0.899947992454961 0
201 0.123114383337939 0.038309814998034 0
202 0.124753799086928 0.958248037721146 0
203 0.126337135782321 0.927919916032556 0
204 0.127627702131741 0.0162979664071487 0
205 0.128571428571964 0.981355353276463 0
206 0.12857142857494 0.678333421452498 0
207 0.128571428575047 0.628846255522139 0
208 0.128571428575149 0.579359089591764 0
209 0.128571428575246 0.529871923661366 0
210 0.128571428575345 0.480384757730938 0
211 0.128571428575346 0.331923259939547 0
212 0.128571428575445 0.282436094008952 0
213 0.128571428575466 0.43089759180045 0
214 0.128571428575553 0.232948928078334 0
215 0.128571428575577 0.381410425869918 0
216 0.12857142857569 0.183461762147746 0
217 0.128571428575848 0.13397459621721 0
218 0.128571429100384 0.876282085477773 0
219 0.128571433853163 0.82679492229126 0
220 0.128571525388448 0.777307809208675 0
221 0.128572465522174 0.727821186064684 0
222 0.128574754899754 0.0844855098327394 0
223 0.142473246396158 0.0572769777838721 0
224 0.142857142856867 0 0
225 0.142857142857738 1 0
226 0.142857142860658 0.653589838487353 0
227 0.142857142860765 0.604102672556984 0
228 0.142857142860872 0.554615506626597 0
229 0.142857142860972 0.505128340696188 0
230 0.142857142861104 0.455641174765736 0
231 0.142857142861134 0.307179676974299 0
232 0.14285714286123 0.257692511043667 0
233 0.142857142861234 0.406154008835223 0
234 0.142857142861343 0.208205345113069 0
235 0.14285714286135 0.356666842904671 0
236 0.142857142861492 0.158718179182513 0
237 0.142857142861627 0.109231013251979 0
238 0.142857144811086 0.851538503335268 0
239 0.142857168105151 0.802051350853591 0
240 0.142857373978989 0.752564303784429 0
241 0.142858031672551 0.703077517573567 0
242 0.142867316464121 0.900846055575947 0
243 0.146698390248346 0.947681624754737 0
244 0.153004098517513 0.973375560855902 0
245 0.153351383269242 0.0266601017705855 0
246 0.157142857146382 0.628846255522208 0
247 0.157142857146493 0.579359089591823 0
248 0.157142857146598 0.529871923661425 0
249 0.157142857146708 0.480384757731006 0
250 0.157142857146857 0.430897591800535 0
251 0.157142857146921 0.282436094008965 0
252 0.157142857147012 0.381410425869981 0
253 0.157142857147013 0.232948928078394 0
254 0.157142857147128 0.331923259939422 0
255 0.15714285714714 0.183461762147827 0
256 0.157142857147277 0.133974596217287 0
257 0.157142863572812 0.826794922954283 0
258 0.15714291180143 0.777307784868595 0
259 0.157142991044769 0.727820664689331 0
260 0.157143005281593 0.678333506978556 0
261 0.157152840936738 0.876245719579217 0
262 0.157431035153795 0.925717364212956 0
263 0.157710839337173 0.0836127689610864 0
264 0.171428571428212 0 0
265 0.171428571429285 1 0
266 0.171428571431404 0.950512834070048 0
267 0.171428571431992 0.653589838487435 0
268 0.17142857143211 0.60410267255705 0
269 0.171428571432222 0.554615506626657 0
270 0.171428571432329 0.505128340696252 0
271 0.171428571432459 0.455641174765822 0
272 0.171428571432619 0.406154008835316 0
273 0.17142857143268 0.307179676974176 0
274 0.171428571432683 0.257692511043707 0
275 0.171428571432793 0.356666842904735 0
276 0.171428571432798 0.208205345113142 0
277 0.171428571432926 0.15871817918259 0
278 0.171428571433049 0.109231013252058 0
279 0.171428572827762 0.851538503015144 0
280 0.171428584748319 0.802051343966909 0
281 0.171428619060732 0.752564197846762 0
282 0.17142876657285 0.703077117082515 0
283 0.171478296700086 0.90098708489696 0
284 0.175217034713625 0.0569646693590251 0
285 0.18502605697855 0.9749425221619 0
286 0.185714285717588 0.678333421452683 0
287 0.185714285717722 0.628846255522286 0
288 0.18571428571784 0.579359089591887 0
289 0.185714285717956 0.529871923661484 0
290 0.185714285718076 0.480384757731067 0
291 0.185714285718206 0.430897591800624 0
292 0.185714285718368 0.282436094008998 0
293 0.185714285718402 0.33192325993953 0
294 0.18571428571841 0.381410425870075 0
295 0.185714285718459 0.232948928078453 0
296 0.185714285718577 0.183461762147898 0
297 0.185714285718697 0.133974596217358 0
298 0.185714285718823 0.0844874302868448 0
299 0.185714289805443 0.826794921604222 0
300 0.185714292738807 0.777307757367195 0
301 0.185714317747078 0.727820605875351 0
302 0.185724237612058 0.876269593923756 0
303 0.185770602929851 0.925754172749138 0
304 0.186019972053887 0.0263667588432251 0
305 0.199919005616907 0.0679591011781983 0
306 0.199999999999557 0 0
307 0.200000000000833 1 0
308 0.200000000003184 0.703077004417938 0
309 0.200000000003334 0.653589838487532 0
310 0.200000000003459 0.604102672557121 0
311 0.200000000003575 0.554615506626717 0
312 0.200000000003691 0.505128340696309 0
313 0.200000000003812 0.455641174765876 0
314 0.200000000003965 0.406154008835395 0
315 0.200000000004019 0.307179676974309 0
316 0.20000000000406 0.356666842904905 0
317 0.200000000004123 0.257692511043761 0
318 0.200000000004232 0.208205345113206 0
319 0.20000000000435 0.158718179182661 0
320 0.200000000004466 0.109231013252132 0
321 0.200000000916818 0.85153850273694 0
322 0.20000000339258 0.802051338235695 0
323 0.200000014449736 0.752564178689067 0
324 0.200005032383963 0.901022798118155 0
325 0.200009386204646 0.950510321010537 0
326 0.200107151144608 0.047625182430722 0
327 0.213646347127396 0.0862746968673194 0
328 0.214173162073168 0.975203517843443 0
329 0.214285714288309 0.876282085174568 0
330 0.214285714288416 0.82679491924405 0
331 0.214285714288793 0.727820587383171 0
332 0.21428571428894 0.678333421452801 0
333 0.214285714289073 0.628846255522368 0
334 0.214285714289194 0.579359089591953 0
335 0.214285714289314 0.529871923661546 0
336 0.214285714289434 0.480384757731124 0
337 0.214285714289529 0.430897591800657 0
338 0.214285714289707 0.381410425870203 0
339 0.214285714289735 0.33192325993963 0
340 0.214285714289783 0.282436094009068 0
341 0.214285714289894 0.232948928078518 0
342 0.214285714290004 0.183461762147965 0
343 0.214285714290124 0.133974596217439 0
344 0.214285718431626 0.777307755705489 0
345 0.21429750358757 0.92576584086543 0
346 0.218566728361777 0.0284408677041186 0
347 0.22474822060466 0.060045853607679 0
348 0.228462701547789 0.109530141460639 0
349 0.228571428570902 0 0
350 0.22857142857238 1 0
351 0.228571428573857 0.901025668140009 0
352 0.228571428573993 0.851538502209448 0
353 0.228571428574212 0.802051336278837 0
354 0.228571428574408 0.752564170348436 0
355 0.228571428574557 0.703077004418057 0
356 0.228571428574689 0.653589838487618 0
357 0.228571428574811 0.60410267255719 0
358 0.228571428574931 0.554615506626781 0
359 0.228571428575057 0.505128340696365 0
360 0.22857142857517 0.455641174765917 0
361 0.228571428575301 0.406154008835458 0
362 0.228571428575385 0.356666842904935 0
363 0.228571428575444 0.307179676974373 0
364 0.228571428575556 0.257692511043829 0
365 0.228571428575661 0.208205345113273 0
366 0.228571428575772 0.158718179182732 0
367 0.228574957823867 0.950511846853417 0
368 0.242844147855896 0.0844949329571225 0
369 0.242857142858729 0.975256417034807 0
370 0.242857142859495 0.925769251105129 0
371 0.242857142859631 0.876282085174773 0
372 0.242857142859776 0.826794919244236 0
373 0.242857142860012 0.777307753313704 0
374 0.242857142860181 0.727820587383326 0
375 0.242857142860309 0.678333421452871 0
376 0.242857142860431 0.628846255522435 0
377 0.242857142860549 0.579359089592018 0
378 0.242857142860676 0.529871923661609 0
379 0.2428571428608 0.480384757731176 0
380 0.242857142860904 0.430897591800705 0
381 0.242857142861032 0.381410425870223 0
382 0.2428571428611 0.331923259939675 0
383 0.242857142861213 0.282436094009133 0
384 0.242857142861331 0.232948928078596 0
385 0.242857142861424 0.183461762148029 0
386 0.242857142861543 0.133974596217515 0
387 0.243013157459135 0.042562210899798 0
388 0.247663183297047 0.0198891340290453 0
389 0.25712769630735 0.0614457472138725 0
390 0.257142857142247 0 0
391 0.257142857143927 1 0
392 0.257142857145291 0.901025668140075 0
393 0.257142857145441 0.851538502209545 0
394 0.257142857145624 0.802051336279021 0
395 0.257142857145808 0.752564170348586 0
396 0.257142857145935 0.703077004418132 0
397 0.257142857146058 0.653589838487689 0
398 0.257142857146171 0.604102672557258 0
399 0.257142857146288 0.554615506626848 0
400 0.257142857146413 0.505128340696435 0
401 0.257142857146547 0.455641174765973 0
402 0.257142857146655 0.406154008835489 0
403 0.257142857146757 0.356666842904974 0
404 0.25714285714687 0.307179676974437 0
405 0.257142857146983 0.257692511043889 0
406 0.257142857147081 0.208205345113327 0
407 0.25714285714719 0.158718179182805 0
408 0.257142857147307 0.109231013252307 0
409 0.257143445353104 0.950512669533921 0
410 0.267271987919562 0.037795583707553 0
411 0.271042513283864 0.0157127991130796 0
412 0.271350601398375 0.0845324463076228 0
413 0.271428571430043 0.975256417034928 0
414 0.271428571430796 0.925769251104968 0
415 0.271428571431093 0.876282085174836 0
416 0.271428571431232 0.826794919244335 0
417 0.271428571431422 0.777307753313855 0
418 0.271428571431547 0.727820587383388 0
419 0.271428571431686 0.678333421452945 0
420 0.271428571431801 0.628846255522508 0
421 0.271428571431907 0.579359089592084 0
422 0.271428571432024 0.529871923661681 0
423 0.271428571432161 0.480384757731251 0
424 0.271428571432299 0.430897591800767 0
425 0.271428571432411 0.381410425870266 0
426 0.271428571432523 0.331923259939739 0
427 0.271428571432641 0.282436094009203 0
428 0.271428571432744 0.232948928078644 0
429 0.27142857143284 0.183461762148093 0
430 0.271428571432949 0.133974596217587 0
431 0.285246465510567 0.109501109375473 0
432 0.285608159838055 0.158779450988586 0
433 0.285714285713592 0 0
434 0.285714285715475 1 0
435 0.285714285716747 0.901025668139971 0
436 0.285714285716892 0.85153850220964 0
437 0.285714285717048 0.802051336279138 0
438 0.285714285717176 0.752564170348658 0
439 0.285714285717367 0.703077004418123 0
440 0.285714285717433 0.653589838487764 0
441 0.285714285717529 0.604102672557323 0
442 0.285714285717639 0.554615506626915 0
443 0.285714285717763 0.505128340696512 0
444 0.285714285717913 0.455641174766055 0
445 0.285714285718057 0.406154008835556 0
446 0.285714285718173 0.356666842905038 0
447 0.285714285718294 0.307179676974505 0
448 0.285714285718415 0.257692511043969 0
449 0.285714285718492 0.20820534511338 0
450 0.285714383750862 0.95051280664715 0
451 0.288988160367873 0.0594006311666393 0
452 0.295567173255403 0.0262941425139235 0
453 0.299454209761529 0.13428970836127 0
454 0.299834367420887 0.0879254264127331 0
455 0.300000000001286 0.975256417034801 0
456 0.300000000002546 0.876282085174955 0
457 0.300000000002704 0.82679491924444 0
458 0.300000000002872 0.777307753313923 0
459 0.300000000003006 0.727820587383339 0
460 0.300000000003061 0.678333421453018 0
461 0.300000000003158 0.628846255522564 0
462 0.300000000003258 0.579359089592149 0
463 0.300000000003372 0.529871923661747 0
464 0.300000000003503 0.480384757731324 0
465 0.300000000003687 0.430897591800838 0
466 0.300000000003819 0.381410425870335 0
467 0.300000000003935 0.331923259939808 0
468 0.300000000004062 0.282436094009275 0
469 0.30000000000416 0.232948928078702 0
470 0.300000000004252 0.183461762148159 0
471 0.300000016341304 0.92576924653448 0
472 0.311827355638754 0.0499866006500257 0
473 0.314194749249571 0.158770697873601 0
474 0.314285714284938 0 0
475 0.314285714287023 1 0
476 0.314285714287532 0.95051283406985 0
477 0.314285714288192 0.901025668140004 0
478 0.314285714288334 0.851538502209731 0
479 0.314285714288515 0.802051336279202 0
480 0.314285714288607 0.752564170348674 0
481 0.314285714288804 0.653589838487837 0
482 0.314285714288882 0.604102672557382 0
483 0.314285714288989 0.554615506626979 0
484 0.314285714289013 0.703077004417949 0
485 0.314285714289096 0.50512834069657 0
486 0.314285714289274 0.455641174766109 0
487 0.314285714289467 0.406154008835606 0
488 0.314285714289581 0.356666842905109 0
489 0.314285714289701 0.307179676974577 0
490 0.314285714289822 0.257692511044041 0
491 0.314285714289923 0.208205345113477 0
492 0.314651689248281 0.111062387269388 0
493 0.315102777084839 0.0705542117972062 0
494 0.327904117868597 0.0238502047081619 0
495 0.328543924688653 0.0893154643110436 0
496 0.328571428572802 0.97525641703463 0
497 0.328571428573695 0.925769251104935 0
498 0.328571428573972 0.876282085175021 0
499 0.328571428574106 0.826794919244518 0
500 0.328571428574203 0.727820587383331 0
501 0.328571428574362 0.777307753313891 0
502 0.328571428574498 0.628846255522573 0
503 0.328571428574608 0.579359089592212 0
504 0.328571428574719 0.529871923661806 0
505 0.328571428574814 0.678333421452783 0
506 0.328571428574832 0.480384757731388 0
507 0.328571428575115 0.430897591800863 0
508 0.328571428575224 0.381410425870398 0
509 0.32857142857534 0.331923259939878 0
510 0.328571428575476 0.282436094009373 0
511 0.328571428575602 0.23294892807886 0
512 0.328571428575719 0.183461762148341 0
513 0.328597023981649 0.134161889313661 0
514 0.336678812152032 0.0652111912292424 0
515 0.342857142856283 0.0425318080203809 0
516 0.342857142856283 0 0
517 0.34285714285857 1 0
518 0.342857142859148 0.950512834070014 0
519 0.342857142859621 0.901025668140155 0
520 0.34285714285975 0.851538502209814 0
521 0.342857142859862 0.802051336279315 0
522 0.342857142860155 0.7525641703485 0
523 0.342857142860307 0.604102672557395 0
524 0.342857142860315 0.703077004418014 0
525 0.34285714286034 0.554615506627042 0
526 0.342857142860452 0.50512834069663 0
527 0.342857142860465 0.653589838487617 0
528 0.342857142860597 0.455641174766188 0
529 0.342857142860873 0.406154008835665 0
530 0.342857142860982 0.356666842905183 0
531 0.342857142861108 0.307179676974676 0
532 0.342857142861232 0.257692511044177 0
533 0.342857142861351 0.208205345113669 0
534 0.34297392775413 0.158831863799494 0
535 0.345219620546345 0.110834344329313 0
536 0.357142857144756 0.975256417035066 0
537 0.357142857145288 0.925769251105318 0
538 0.357142857145384 0.876282085175096 0
539 0.357142857145541 0.826794919244598 0
540 0.35714285714583 0.777307753313766 0
541 0.357142857145893 0.727820587383266 0
542 0.357142857146003 0.579359089592261 0
543 0.357142857146073 0.529871923661871 0
544 0.357142857146116 0.678333421452826 0
545 0.357142857146177 0.62884625552247 0
546 0.357142857146193 0.48038475773145 0
547 0.357142857146508 0.430897591800907 0
548 0.357142857146623 0.381410425870453 0
549 0.357142857146736 0.331923259939961 0
550 0.357142857146871 0.28243609400949 0
551 0.357142857146996 0.232948928078992 0
552 0.357142857147123 0.183461762148507 0
553 0.357799496282045 0.134353706999299 0
554 0.359118209358632 0.0829321165810364 0
555 0.360030178319924 0.0242886770646415 0
556 0.361054106202249 0.0528930566436424 0
557 0.371428571427628 0 0
558 0.371428571430117 1 0
559 0.371428571430819 0.950512834070282 0
560 0.371428571431024 0.901025668140382 0
561 0.371428571431153 0.851538502209896 0
562 0.371428571431359 0.8020513362792 0
563 0.371428571431618 0.752564170348434 0
564 0.371428571431725 0.703077004418049 0
565 0.371428571431751 0.554615506627104 0
566 0.371428571431811 0.505128340696697 0
567 0.371428571431835 0.653589838487662 0
568 0.371428571431858 0.604102672557365 0
569 0.371428571431965 0.45564117476625 0
570 0.371428571432264 0.40615400883571 0
571 0.371428571432373 0.356666842905252 0
572 0.371428571432497 0.307179676974769 0
573 0.371428571432628 0.257692511044304 0
574 0.371428571432742 0.208205345113839 0
575 0.371538011288675 0.158781364313553 0
576 0.371991404977106 0.109555965351132 0
577 0.380059156484866 0.0647267179253956 0
578 0.385714285716355 0.975256417035205 0
579 0.385714285716745 0.925769251105624 0
580 0.385714285716789 0.876282085175173 0
581 0.385714285716952 0.826794919244598 0
582 0.385714285717211 0.77730775331373 0
583 0.385714285717342 0.727820587383272 0
584 0.385714285717434 0.529871923661937 0
585 0.38571428571745 0.678333421452888 0
586 0.385714285717501 0.579359089592254 0
587 0.385714285717561 0.628846255522511 0
588 0.385714285717577 0.480384757731505 0
589 0.38571428571788 0.430897591800973 0
590 0.385714285718009 0.381410425870515 0
591 0.385714285718125 0.331923259940053 0
592 0.385714285718247 0.28243609400959 0
593 0.385714285718361 0.23294892807912 0
594 0.385714285718481 0.183461762148645 0
595 0.385714285718601 0.133974596218179 0
596 0.385940592604407 0.0148945313372869 0
597 0.387246522151372 0.0853720674045808 0
598 0.388466805254743 0.0386538373007179 0
599 0.399999999998973 0 0
600 0.400000000001665 1 0
601 0.400000000002429 0.950512834070545 0
602 0.400000000002433 0.901025668140454 0
603 0.400000000002628 0.851538502209842 0
604 0.400000000002753 0.802051336279167 0
605 0.400000000002958 0.752564170348492 0
606 0.400000000003065 0.703077004418113 0
607 0.400000000003166 0.554615506627133 0
608 0.400000000003172 0.653589838487725 0
609 0.400000000003197 0.505128340696747 0
610 0.400000000003284 0.604102672557384 0
611 0.400000000003388 0.455641174766286 0
612 0.400000000003635 0.406154008835777 0
613 0.400000000003758 0.356666842905319 0
614 0.400000000003878 0.307179676974856 0
615 0.400000000003998 0.257692511044389 0
616 0.400000000004115 0.208205345113917 0
617 0.400000000004233 0.158718179183446 0
618 0.400000000004351 0.109231013252984 0
619 0.401936820644978 0.0606091885548908 0
620 0.412992776329608 0.0159321932253947 0
621 0.41417309023897 0.0386224911463799 0
622 0.414285714287839 0.975256417035149 0
623 0.414285714288087 0.925769251105562 0
624 0.414285714288195 0.876282085175262 0
625 0.414285714288466 0.826794919244292 0
626 0.414285714288565 0.777307753313701 0
627 0.414285714288682 0.72782058738332 0
628 0.414285714288789 0.678333421452956 0
629 0.414285714288821 0.529871923661983 0
630 0.414285714288894 0.628846255522572 0
631 0.414285714288946 0.579359089592273 0
632 0.41428571428903 0.480384757731521 0
633 0.414285714289225 0.43089759180105 0
634 0.414285714289386 0.381410425870583 0
635 0.414285714289509 0.331923259940123 0
636 0.414285714289631 0.282436094009658 0
637 0.414285714289751 0.232948928079188 0
638 0.414285714289867 0.183461762148715 0
639 0.414285714289985 0.133974596218248 0
640 0.415743816648728 0.0838119699621465 0
641 0.428571428570318 0 0
642 0.428571428573212 1 0
643 0.428571428573785 0.950512834070127 0
644 0.428571428573835 0.901025668140419 0
645 0.428571428574034 0.851538502209595 0
646 0.428571428574174 0.802051336278974 0
647 0.428571428574289 0.75256417034851 0
648 0.428571428574405 0.703077004418152 0
649 0.428571428574504 0.653589838487792 0
650 0.428571428574592 0.505128340696791 0
651 0.428571428574615 0.604102672557419 0
652 0.42857142857467 0.554615506627087 0
653 0.428571428574851 0.455641174766296 0
654 0.428571428575006 0.406154008835843 0
655 0.428571428575114 0.356666842905402 0
656 0.428571428575266 0.307179676974927 0
657 0.428571428575387 0.257692511044458 0
658 0.428571428575503 0.208205345113986 0
659 0.428571428575619 0.158718179183515 0
660 0.429921268009625 0.108462698653814 0
661 0.429941657303251 0.0562119907024253 0
662 0.438986973243128 0.0267063098132226 0
663 0.442857142859378 0.975256417034938 0
664 0.442857142859601 0.925769251105357 0
665 0.442857142859667 0.876282085174877 0
666 0.442857142859827 0.826794919244134 0
667 0.442857142859888 0.777307753313725 0
668 0.442857142860004 0.72782058738334 0
669 0.442857142860118 0.678333421452994 0
670 0.442857142860222 0.628846255522633 0
671 0.442857142860321 0.579359089592283 0
672 0.442857142860419 0.529871923661906 0
673 0.442857142860468 0.480384757731539 0
674 0.44285714286063 0.430897591801094 0
675 0.44285714286074 0.381410425870664 0
676 0.442857142860864 0.331923259940201 0
677 0.442857142861023 0.28243609400973 0
678 0.442857142861139 0.232948928079257 0
679 0.442857142861255 0.183461762148786 0
680 0.442857142861371 0.133974596218316 0
681 0.44949807710619 0.0805530030180804 0
682 0.457142857141663 0 0
683 0.45714285714476 1 0
684 0.457142857145336 0.901025668139936 0
685 0.457142857145345 0.950512834069907 0
686 0.457142857145424 0.851538502209165 0
687 0.457142857145542 0.802051336278827 0
688 0.457142857145604 0.752564170348503 0
689 0.457142857145725 0.703077004418186 0
690 0.457142857145828 0.653589838487845 0
691 0.457142857145942 0.604102672557487 0
692 0.457142857146041 0.554615506627125 0
693 0.457142857146098 0.505128340696767 0
694 0.45714285714625 0.45564117476634 0
695 0.457142857146375 0.406154008835913 0
696 0.457142857146441 0.35666684290549 0
697 0.457142857146629 0.307179676974995 0
698 0.457142857146779 0.257692511044528 0
699 0.457142857146892 0.208205345114054 0
700 0.457142857147007 0.158718179183585 0
701 0.457142857147123 0.109231013253112 0
702 0.458623098411861 0.0515941803098139 0
703 0.471324471493732 0.0255589558293638 0
704 0.471428571430755 0.975256417034855 0
705 0.471428571430946 0.876282085174511 0
706 0.471428571431017 0.925769251104851 0
707 0.471428571431085 0.826794919244003 0
708 0.471428571431193 0.777307753313695 0
709 0.471428571431319 0.72782058738337 0
710 0.471428571431434 0.678333421453051 0
711 0.471428571431546 0.628846255522697 0
712 0.47142857143166 0.579359089592341 0
713 0.471428571431764 0.529871923661967 0
714 0.47142857143187 0.480384757731578 0
715 0.471428571431989 0.430897591801168 0
716 0.471428571432048 0.381410425870749 0
717 0.471428571432193 0.331923259940284 0
718 0.471428571432418 0.282436094009804 0
719 0.471428571432532 0.232948928079324 0
720 0.471428571432645 0.183461762148855 0
721 0.471428571432762 0.133974596218381 0
722 0.471974110619011 0.0929212590963723 0
723 0.477724955829079 0.0717801024011696 0
724 0.485714285713009 0 0
725 0.485714285716307 1 0
726 0.485714285716589 0.950512834069744 0
727 0.485714285716613 0.901025668139679 0
728 0.485714285716643 0.851538502209204 0
729 0.485714285716786 0.802051336278878 0
730 0.485714285716898 0.752564170348564 0
731 0.485714285717031 0.703077004418244 0
732 0.485714285717146 0.653589838487905 0
733 0.485714285717264 0.604102672557554 0
734 0.485714285717377 0.554615506627189 0
735 0.485714285717492 0.505128340696808 0
736 0.485714285717607 0.45564117476641 0
737 0.485714285717671 0.406154008835986 0
738 0.485714285717766 0.356666842905548 0
739 0.485714285718006 0.307179676975072 0
740 0.485714285718174 0.257692511044598 0
741 0.485714285718282 0.208205345114122 0
742 0.4857142857184 0.158718179183654 0
743 0.485804501842506 0.109735332694921 0
744 0.486713468390137 0.0477276102953555 0
745 0.497451181927069 0.0889674403767966 0
746 0.499535104828994 0.0670848220453656 0
747 0.500000000001954 0.975256417034808 0
748 0.500000000002207 0.925769251104631 0
749 0.500000000002226 0.876282085174372 0
750 0.500000000002352 0.826794919244065 0
751 0.500000000002465 0.777307753313767 0
752 0.500000000002622 0.727820587383459 0
753 0.50000000000274 0.678333421453114 0
754 0.500000000002865 0.628846255522767 0
755 0.500000000002985 0.579359089592407 0
756 0.500000000003101 0.529871923662034 0
757 0.500000000003209 0.480384757731653 0
758 0.500000000003295 0.430897591801236 0
759 0.500000000003351 0.381410425870786 0
760 0.50000000000358 0.331923259940347 0
761 0.500000000003815 0.282436094009877 0
762 0.500000000003922 0.232948928079394 0
763 0.500000000004039 0.183461762148924 0
764 0.500000000004157 0.133974596218445 0
765 0.500166530444923 0.0246632555983175 0
766 0.514285714284433 0 0
767 0.514285714287692 0.950512834069733 0
768 0.514285714287696 1 0
769 0.514285714287795 0.901025668139501 0
770 0.514285714287911 0.851538502209251 0
771 0.514285714288047 0.802051336278959 0
772 0.514285714288271 0.752564170348753 0
773 0.514285714288336 0.703077004418335 0
774 0.514285714288464 0.653589838487988 0
775 0.514285714288588 0.604102672557625 0
776 0.514285714288708 0.554615506627257 0
777 0.514285714288828 0.505128340696877 0
778 0.514285714288918 0.455641174766488 0
779 0.514285714288977 0.406154008836034 0
780 0.514285714289122 0.356666842905606 0
781 0.514285714289409 0.307179676975151 0
782 0.51428571428957 0.257692511044669 0
783 0.514285714289678 0.2082053451142 0
784 0.5142857142898 0.158718179183724 0
785 0.516365159861438 0.106298630124687 0
786 0.517169727155905 0.0491631933602555 0
787 0.518616190842778 0.0777857637932506 0
788 0.528571428573257 0.975256417034841 0
789 0.528571428573367 0.925769251104658 0
790 0.528571428573473 0.876282085174416 0
791 0.528571428573627 0.826794919244135 0
792 0.52857142857382 0.777307753314003 0
793 0.528571428574011 0.727820587383642 0
794 0.528571428574076 0.678333421453223 0
795 0.528571428574195 0.628846255522851 0
796 0.528571428574315 0.579359089592479 0
797 0.528571428574433 0.529871923662103 0
798 0.528571428574539 0.480384757731716 0
799 0.528571428574613 0.430897591801285 0
800 0.52857142857469 0.381410425870833 0
801 0.528571428574986 0.331923259940422 0
802 0.528571428575215 0.282436094009949 0
803 0.52857142857532 0.232948928079473 0
804 0.528571428575441 0.183461762149007 0
805 0.528571428575558 0.133974596218511 0
806 0.529279455753655 0.0230417054715873 0
807 0.536819427915121 0.0892115974133838 0
808 0.540873724778559 0.064203316441326 0
809 0.542857142855937 0 0
810 0.542857142858927 1 0
811 0.542857142858952 0.950512834069803 0
812 0.542857142859029 0.90102566813957 0
813 0.542857142859186 0.851538502209332 0
814 0.542857142859328 0.802051336279119 0
815 0.542857142859697 0.703077004418482 0
816 0.542857142859735 0.752564170349037 0
817 0.542857142859801 0.653589838488086 0
818 0.542857142859922 0.604102672557703 0
819 0.54285714286004 0.554615506627324 0
820 0.542857142860158 0.505128340696936 0
821 0.542857142860246 0.455641174766527 0
822 0.542857142860322 0.406154008836067 0
823 0.542857142860522 0.356666842905657 0
824 0.542857142860837 0.307179676975217 0
825 0.542857142860972 0.257692511044745 0
826 0.54285714286108 0.208205345114276 0
827 0.542857142861208 0.158718179183797 0
828 0.543169975172834 0.0421496160451635 0
829 0.54480840304123 0.109572710501134 0
830 0.557142857144542 0.975256417034902 0
831 0.5571428571446 0.925769251104719 0
832 0.557142857144716 0.876282085174488 0
833 0.557142857144977 0.826794919244289 0
834 0.557142857145307 0.777307753314179 0
835 0.557142857145406 0.727820587383784 0
836 0.557142857145419 0.678333421453337 0
837 0.557142857145533 0.628846255522939 0
838 0.55714285714565 0.579359089592552 0
839 0.557142857145764 0.529871923662158 0
840 0.557142857145873 0.480384757731758 0
841 0.557142857145961 0.430897591801322 0
842 0.557142857146066 0.381410425870896 0
843 0.557142857146377 0.331923259940483 0
844 0.55714285714662 0.282436094010021 0
845 0.557142857146738 0.232948928079551 0
846 0.557142857146851 0.183461762149083 0
847 0.557142857146965 0.133974596218569 0
848 0.557997883252455 0.084521907198002 0
849 0.561224489796303 0.0247715260312965 0
850 0.567928143013531 0.0552110004728879 0
851 0.571428571427441 0 0
852 0.571428571430157 1 0
853 0.571428571430183 0.950512834069852 0
854 0.571428571430269 0.901025668139645 0
855 0.57142857143056 0.851538502209508 0
856 0.571428571430841 0.802051336279326 0
857 0.571428571431153 0.70307700441863 0
858 0.571428571431164 0.653589838488196 0
859 0.571428571431245 0.752564170349188 0
860 0.571428571431262 0.604102672557785 0
861 0.571428571431379 0.554615506627391 0
862 0.571428571431491 0.505128340696987 0
863 0.571428571431588 0.455641174766564 0
864 0.571428571431697 0.406154008836127 0
865 0.571428571431901 0.35666684290575 0
866 0.571428571432238 0.307179676975285 0
867 0.571428571432383 0.257692511044812 0
868 0.571428571432507 0.208205345114353 0
869 0.571428571432623 0.158718179183866 0
870 0.571571075783626 0.109196232356134 0
871 0.585714285715776 0.975256417034953 0
872 0.585714285715838 0.925769251104796 0
873 0.585714285716041 0.876282085174725 0
874 0.585714285716708 0.826794919244633 0
875 0.585714285716861 0.678333421453473 0
876 0.58571428571687 0.777307753314399 0
877 0.585714285716876 0.628846255523029 0
878 0.585714285716967 0.727820587383992 0
879 0.585714285716991 0.579359089592624 0
880 0.58571428571711 0.529871923662224 0
881 0.585714285717222 0.480384757731811 0
882 0.585714285717327 0.43089759180138 0
883 0.585714285717443 0.381410425870961 0
884 0.585714285717777 0.331923259940564 0
885 0.585714285718027 0.282436094010091 0
886 0.585714285718149 0.232948928079621 0
887 0.585714285718277 0.183461762149163 0
888 0.585714285718389 0.133974596218627 0
889 0.585714285718484 0.0842442679949258 0
890 0.585764434323315 0.0156643950183722 0
891 0.585767021154706 0.0359012732364945 0
892 0.599986796996987 0.0589013820464203 0
893 0.599999999998945 0 0
894 0.600000000001387 1 0
895 0.600000000001397 0.950512834069908 0
896 0.60000000000153 0.901025668139814 0
897 0.600000000002087 0.851538502209805 0
898 0.600000000002466 0.653589838488248 0
899 0.6000000000026 0.604102672557861 0
900 0.600000000002608 0.802051336279628 0
901 0.600000000002723 0.752564170349294 0
902 0.600000000002725 0.554615506627461 0
903 0.600000000002801 0.703077004418891 0
904 0.600000000002845 0.505128340697054 0
905 0.600000000002955 0.455641174766628 0
906 0.600000000003071 0.406154008836193 0
907 0.600000000003359 0.356666842905816 0
908 0.60000000000367 0.307179676975371 0
909 0.60000000000379 0.257692511044883 0
910 0.60000000000393 0.208205345114428 0
911 0.600000000004052 0.158718179183936 0
912 0.600000000004157 0.109231013253379 0
913 0.610839385119451 0.0270640962922433 0
914 0.614285714287002 0.975256417034985 0
915 0.614285714287074 0.925769251104885 0
916 0.614285714287314 0.87628208517505 0
917 0.614285714288084 0.678333421453484 0
918 0.614285714288211 0.628846255523098 0
919 0.614285714288321 0.826794919244915 0
920 0.614285714288338 0.579359089592698 0
921 0.614285714288448 0.777307753314579 0
922 0.614285714288463 0.529871923662294 0
923 0.614285714288473 0.727820587384165 0
924 0.614285714288581 0.480384757731876 0
925 0.614285714288697 0.430897591801446 0
926 0.61428571428891 0.381410425871051 0
927 0.614285714289232 0.331923259940651 0
928 0.614285714289434 0.282436094010161 0
929 0.614285714289562 0.232948928079699 0
930 0.614285714289712 0.183461762149232 0
931 0.614285714289826 0.133974596218697 0
932 0.614285714289941 0.0830284565293218 0
933 0.628571428570449 0 0
934 0.628571428572618 1 0
935 0.628571428572645 0.950512834069938 0
936 0.628571428572791 0.901025668139853 0
937 0.628571428573436 0.851538502210063 0
938 0.628571428573731 0.653589838488283 0
939 0.628571428573936 0.604102672557941 0
940 0.628571428574048 0.8020513362798 0
941 0.628571428574085 0.554615506627545 0
942 0.628571428574169 0.752564170349449 0
943 0.628571428574204 0.505128340697123 0
944 0.628571428574299 0.703077004419031 0
945 0.628571428574322 0.455641174766696 0
946 0.628571428574493 0.406154008836315 0
947 0.62857142857489 0.356666842905917 0
948 0.628571428575063 0.30717967697544 0
949 0.628571428575196 0.25769251104496 0
950 0.628571428575333 0.208205345114507 0
951 0.628571428575485 0.158718179184004 0
952 0.628571428575607 0.109231013253446 0
953 0.628940862751945 0.0534389487325757 0
954 0.642857142858224 0.975256417034951 0
955 0.642857142858323 0.925769251104933 0
956 0.642857142858704 0.876282085175069 0
957 0.642857142859373 0.628846255523081 0
958 0.642857142859574 0.678333421453394 0
959 0.642857142859625 0.826794919245005 0
960 0.64285714285972 0.579359089592834 0
961 0.642857142859771 0.777307753314675 0
962 0.642857142859825 0.529871923662372 0
963 0.642857142859942 0.727820587384268 0
964 0.642857142859945 0.480384757731945 0
965 0.642857142860063 0.43089759180154 0
966 0.642857142860419 0.381410425871156 0
967 0.642857142860713 0.331923259940716 0
968 0.642857142860839 0.282436094010232 0
969 0.64285714286096 0.232948928079784 0
970 0.642857142861104 0.183461762149317 0
971 0.64285714286122 0.133927314661789 0
972 0.642857142861399 0.0827852942362511 0
973 0.646895300649932 0.0266223677260802 0
974 0.657142857141953 0 0
975 0.657142857143848 1 0
976 0.657142857143916 0.95051283406999 0
977 0.657142857144057 0.901025668139879 0
978 0.657142857144865 0.851538502210193 0
979 0.657142857144995 0.653589838488037 0
980 0.657142857145215 0.604102672558013 0
981 0.657142857145352 0.802051336279885 0
982 0.657142857145491 0.554615506627681 0
983 0.657142857145519 0.752564170349447 0
984 0.657142857145569 0.505128340697196 0
985 0.6571428571456 0.703077004418452 0
986 0.657142857145692 0.455641174766765 0
987 0.657142857145941 0.40615400883637 0
988 0.657142857146304 0.356666842905965 0
989 0.65714285714648 0.307179676975509 0
990 0.6571428571466 0.25769251104503 0
991 0.6571428571467 0.208205345114597 0
992 0.657142857146874 0.1587181791841 0
993 0.657142857146996 0.108947323911558 0
994 0.657766772314834 0.0573643537538325 0
995 0.671428571429462 0.975256417035006 0
996 0.671428571429763 0.925769251105093 0
997 0.671428571430155 0.87628208517526 0
998 0.671428571430525 0.628846255522945 0
999 0.671428571430825 0.678333421452874 0
1000 0.67142857143093 0.826794919245091 0
1001 0.671428571431095 0.777307753314739 0
1002 0.671428571431191 0.529871923662448 0
1003 0.671428571431261 0.727820587384037 0
1004 0.671428571431314 0.480384757732013 0
1005 0.671428571431314 0.579359089593175 0
1006 0.671428571431488 0.430897591801617 0
1007 0.671428571431833 0.38141042587119 0
1008 0.671428571432106 0.331923259940774 0
1009 0.671428571432241 0.282436094010302 0
1010 0.671428571432348 0.232948928079857 0
1011 0.671428571432446 0.183461762149409 0
1012 0.671428571432575 0.133919434402386 0
1013 0.671468523224904 0.0157930844255437 0
1014 0.671808721904567 0.036173836686091 0
1015 0.672631301052666 0.0833335595441833 0
1016 0.685714285713457 0 0
1017 0.685714285715079 1 0
1018 0.685714285715227 0.950512834070219 0
1019 0.685714285715856 0.90102566814037 0
1020 0.685714285716238 0.653589838487741 0
1021 0.685714285716288 0.851538502210287 0
1022 0.685714285716663 0.802051336279968 0
1023 0.685714285716718 0.604102672558195 0
1024 0.685714285716813 0.554615506627712 0
1025 0.685714285716875 0.752564170349516 0
1026 0.685714285716937 0.505128340697267 0
1027 0.68571428571698 0.703077004417915 0
1028 0.68571428571707 0.455641174766827 0
1029 0.6857142857174 0.406154008836432 0
1030 0.685714285717743 0.356666842906024 0
1031 0.685714285717879 0.307179676975579 0
1032 0.685714285718004 0.257692511045109 0
1033 0.685714285718064 0.208205345114687 0
1034 0.685714285718168 0.158718179184209 0
1035 0.68644031665413 0.10867221142258 0
1036 0.686823134744168 0.055591449832848 0
1037 0.696129830386195 0.0267063098134722 0
1038 0.700000000000694 0.97525641703509 0
1039 0.700000000001216 0.925769251105427 0
1040 0.700000000002117 0.876282085175491 0
1041 0.700000000002166 0.678333421452518 0
1042 0.700000000002241 0.826794919245185 0
1043 0.700000000002329 0.628846255523137 0
1044 0.700000000002401 0.777307753314836 0
1045 0.700000000002572 0.727820587384137 0
1046 0.700000000002637 0.529871923662546 0
1047 0.700000000002742 0.480384757732093 0
1048 0.700000000002761 0.579359089593273 0
1049 0.700000000002909 0.430897591801638 0
1050 0.700000000003306 0.381410425871266 0
1051 0.700000000003516 0.331923259940851 0
1052 0.700000000003644 0.282436094010372 0
1053 0.70000000000374 0.232948928079946 0
1054 0.700000000003745 0.183461762149488 0
1055 0.700000000003868 0.133974596218952 0
1056 0.701420334568034 0.0831440191949017 0
1057 0.714285714284961 0 0
1058 0.714285714286309 1 0
1059 0.714285714286572 0.950512834070437 0
1060 0.714285714287493 0.901025668140588 0
1061 0.714285714287819 0.85153850221039 0
1062 0.714285714287898 0.653589838487798 0
1063 0.714285714287979 0.802051336280059 0
1064 0.714285714288157 0.752564170349703 0
1065 0.71428571428828 0.70307700441911 0
1066 0.714285714288355 0.604102672558361 0
1067 0.714285714288363 0.554615506627886 0
1068 0.714285714288493 0.5051283406974 0
1069 0.714285714288526 0.45564117476692 0
1070 0.714285714288952 0.406154008836483 0
1071 0.714285714289173 0.356666842906108 0
1072 0.714285714289277 0.30717967697565 0
1073 0.714285714289407 0.257692511045171 0
1074 0.714285714289437 0.208205345114763 0
1075 0.714285714289492 0.158718179184248 0
1076 0.715580670730444 0.055668995857258 0
1077 0.716018835720644 0.108714335263496 0
1078 0.728571428571968 0.975256417035337 0
1079 0.72857142857279 0.925769251105777 0
1080 0.728571428573392 0.876282085175595 0
1081 0.72857142857355 0.826794919245278 0
1082 0.728571428573725 0.777307753314928 0
1083 0.728571428573836 0.678333421453607 0
1084 0.728571428573882 0.727820587384541 0
1085 0.728571428574121 0.57935908959326 0
1086 0.728571428574159 0.628846255523702 0
1087 0.728571428574284 0.52987192366273 0
1088 0.728571428574297 0.480384757732225 0
1089 0.728571428574567 0.430897591801821 0
1090 0.728571428574783 0.381410425871387 0
1091 0.728571428574907 0.331923259940922 0
1092 0.72857142857504 0.282436094010447 0
1093 0.728571428575124 0.183461762149547 0
1094 0.728571428575144 0.232948928080028 0
1095 0.728571428575245 0.133974596218986 0
1096 0.730200256189735 0.0843854396652042 0
1097 0.732225709717016 0.0294558575394334 0
1098 0.742857142856465 0 0
1099 0.742857142857539 1 0
1100 0.742857142858144 0.950512834070641 0
1101 0.74285714285895 0.901025668140797 0
1102 0.742857142859118 0.851538502210489 0
1103 0.742857142859287 0.802051336280162 0
1104 0.742857142859467 0.752564170349782 0
1105 0.742857142859605 0.703077004419296 0
1106 0.742857142859688 0.653589838488779 0
1107 0.742857142859881 0.604102672558529 0
1108 0.742857142859936 0.554615506628011 0
1109 0.742857142860059 0.505128340697538 0
1110 0.742857142860194 0.455641174767084 0
1111 0.742857142860405 0.406154008836652 0
1112 0.74285714286054 0.356666842906189 0
1113 0.742857142860668 0.307179676975725 0
1114 0.742857142860802 0.257692511045259 0
1115 0.742857142860844 0.208205345114826 0
1116 0.742857142860902 0.158718179184301 0
1117 0.742989473516192 0.0598202484624578 0
1118 0.743768462730682 0.10950428133998 0
1119 0.756567427386634 0.0188472634234104 0
1120 0.757142857143417 0.975256417035445 0
1121 0.757142857144279 0.925769251105905 0
1122 0.757142857144683 0.876282085175695 0
1123 0.757142857144847 0.826794919245375 0
1124 0.757142857145013 0.777307753315017 0
1125 0.757142857145186 0.72782058738462 0
1126 0.757142857145366 0.678333421454196 0
1127 0.757142857145516 0.628846255523783 0
1128 0.757142857145592 0.579359089593335 0
1129 0.757142857145765 0.529871923662842 0
1130 0.757142857145895 0.480384757732374 0
1131 0.757142857146039 0.430897591801917 0
1132 0.757142857146166 0.381410425871458 0
1133 0.757142857146294 0.331923259940996 0
1134 0.75714285714643 0.282436094010539 0
1135 0.75714285714653 0.232948928080089 0
1136 0.757142857146574 0.183461762149601 0
1137 0.757142857146686 0.133974596219056 0
1138 0.757695304067086 0.0848063856666158 0
1139 0.759767957754474 0.0410497190842204 0
1140 0.771428514700782 0.802051361817081 0
1141 0.771428571427969 0 0
1142 0.77142857142877 1 0
1143 0.771428571429837 0.950512834070944 0
1144 0.771428571430202 0.901025668140884 0
1145 0.77142857143042 0.851538502210583 0
1146 0.771428571430747 0.752564170349865 0
1147 0.771428571430901 0.703077004419405 0
1148 0.771428571431076 0.65358983848899 0
1149 0.7714285714312 0.604102672558601 0
1150 0.771428571431307 0.5546155066281 0
1151 0.771428571431517 0.505128340697639 0
1152 0.771428571431649 0.455641174767175 0
1153 0.771428571431793 0.406154008836724 0
1154 0.771428571431921 0.356666842906264 0
1155 0.771428571432056 0.307179676975811 0
1156 0.771428571432174 0.25769251104536 0
1157 0.771428571432233 0.208205345114893 0
1158 0.771428571432342 0.158718179184369 0
1159 0.771428571432472 0.109231013253807 0
1160 0.771459445256294 0.0605948644644562 0
1161 0.77918818994005 0.0234416627307093 0
1162 0.782413298061652 0.0443020991603384 0
1163 0.785705098948335 0.678338399312566 0
1164 0.785712637108942 0.579359050860492 0
1165 0.785713879152774 0.77730793632918 0
1166 0.785713925939981 0.727820749337558 0
1167 0.78571428571451 0.975256417035827 0
1168 0.785714285715754 0.92576925110607 0
1169 0.785714285715987 0.876282085175799 0
1170 0.785714285716147 0.826794919245448 0
1171 0.785714285716765 0.628846255523746 0
1172 0.785714285717073 0.529871923662858 0
1173 0.785714285717278 0.480384757732448 0
1174 0.785714285717416 0.430897591801986 0
1175 0.785714285717547 0.381410425871532 0
1176 0.785714285717679 0.331923259941074 0
1177 0.785714285717816 0.282436094010635 0
1178 0.785714285717891 0.232948928080174 0
1179 0.785714285718001 0.18346176214967 0
1180 0.785714285718126 0.13397459621913 0
1181 0.785714285718264 0.0844874302885523 0
1182 0.799981408406315 0.703086514782455 0
1183 0.799988492243924 0.653595593815143 0
1184 0.799990108355077 0.60410244016199 0
1185 0.799997841343217 0.7525651420677 0
1186 0.799999659623103 0.802051489501413 0
1187 0.799999725234654 0.554615500172531 0
1188 0.799999999999472 0 0
1189 0.8 1 0
1190 0.800000000000723 0.950512834071039 0
1191 0.800000000001557 0.901025668141036 0
1192 0.800000000001735 0.851538502210671 0
1193 0.800000000002891 0.505128340697705 0
1194 0.800000000003037 0.455641174767254 0
1195 0.800000000003173 0.406154008836797 0
1196 0.800000000003302 0.356666842906342 0
1197 0.800000000003438 0.307179676975891 0
1198 0.800000000003536 0.257692511045453 0
1199 0.800000000003652 0.208205345114961 0
1200 0.800000000003778 0.158718179184442 0
1201 0.800000000003921 0.109231013253884 0
1202 0.800000000004061 0.0597438473232901 0
1203 0.804249146249631 0.0325819360638009 0
1204 0.814249185274116 0.67835377824138 0
1205 0.814262383519722 0.628855452835434 0
1206 0.814283672014943 0.777308672641834 0
1207 0.814285657557677 0.826794944782364 0
1208 0.814285714285707 0.975256417035793 0
1209 0.814285714286804 0.925769251106151 0
1210 0.814285714287305 0.876282085175901 0
1211 0.814285714287636 0.727820587384469 0
1212 0.814285714287988 0.579359089592949 0
1213 0.814285714288468 0.529871923662886 0
1214 0.814285714288653 0.48038475773253 0
1215 0.814285714288799 0.43089759180206 0
1216 0.814285714288928 0.381410425871607 0
1217 0.814285714289058 0.331923259941155 0
1218 0.814285714289184 0.282436094010709 0
1219 0.814285714289296 0.232948928080242 0
1220 0.814285714289444 0.18346176214973 0
1221 0.814285714289583 0.133918121026115 0
1222 0.814285714289726 0.0830284565297144 0
1223 0.822631199811744 0.0201858714026452 0
1224 0.827016644938363 0.0511426346583395 0
1225 0.828496767788679 0.703113547857722 0
1226 0.828535409457961 0.604092080867672 0
1227 0.828560925456774 0.752568898316036 0
1228 0.82856747053165 0.554613922929154 0
1229 0.828571428570977 0 0
1230 0.82857142857123 1 0
1231 0.828571428571515 0.950512834070947 0
1232 0.828571428572803 0.901025668141143 0
1233 0.828571428573067 0.851538502210759 0
1234 0.828571428573188 0.802051336280312 0
1235 0.828571428573531 0.653589838488742 0
1236 0.828571428574279 0.505128340697816 0
1237 0.828571428574419 0.455641174767331 0
1238 0.828571428574554 0.406154008836871 0
1239 0.828571428574681 0.356666842906419 0
1240 0.828571428574811 0.307179676975969 0
1241 0.828571428574934 0.257692511045515 0
1242 0.828571428575082 0.208205345115021 0
1243 0.828571428575241 0.158718179184507 0
1244 0.828571428575378 0.108987850960811 0
1245 0.842712629561484 0.678419018739351 0
1246 0.842753177365379 0.628912031084917 0
1247 0.84279412415979 0.72784895518187 0
1248 0.842833669373779 0.579349593855381 0
1249 0.842855392339521 0.777308541309471 0
1250 0.842857142856877 0.975256417035318 0
1251 0.842857142857904 0.925769251106229 0
1252 0.842857142858661 0.876282085176027 0
1253 0.842857142858824 0.826794919245584 0
1254 0.842857142859823 0.529871923662999 0
1255 0.842857142860033 0.480384757732606 0
1256 0.84285714286018 0.430897591802138 0
1257 0.842857142860307 0.38141042587168 0
1258 0.842857142860433 0.331923259941232 0
1259 0.84285714286056 0.282436094010783 0
1260 0.842857142860722 0.232948928080298 0
1261 0.842857142860903 0.183457182264267 0
1262 0.842857142861053 0.133878907353912 0
1263 0.842857142861184 0.0827447671877848 0
1264 0.84435322734487 0.0260830404664149 0
1265 0.856839405733953 0.703210667764705 0
1266 0.856933255415661 0.653813818285734 0
1267 0.856950215936139 0.604048618152053 0
1268 0.85711482621344 0.554600311003053 0
1269 0.857142857142461 1 0
1270 0.85714285714248 0 0
1271 0.857142857142672 0.950512834070984 0
1272 0.857142857144254 0.901025668141311 0
1273 0.857142857144429 0.851538502210851 0
1274 0.857142857144577 0.802051336280382 0
1275 0.857142857144705 0.752564170349878 0
1276 0.857142857145642 0.505128340697871 0
1277 0.857142857145807 0.45564117476741 0
1278 0.857142857145934 0.406154008836944 0
1279 0.857142857146057 0.356666842906491 0
1280 0.857142857146184 0.307179676976045 0
1281 0.857142857146342 0.257692511045574 0
1282 0.857142857146546 0.208205345115074 0
1283 0.857142857146722 0.15869693876382 0
1284 0.857142857146843 0.108900042355026 0
1285 0.857320962442104 0.0551284878642587 0
1286 0.871074544784583 0.678489362023705 0
1287 0.871234745172057 0.579256806174492 0
1288 0.871243040520882 0.629081575191726 0
1289 0.871370297275905 0.529838827195488 0
1290 0.871428571428203 0.9752564170349 0
1291 0.871428571429314 0.925769251106374 0
1292 0.871428571430029 0.876282085176124 0
1293 0.871428571430203 0.826794919245668 0
1294 0.871428571430346 0.777307753315171 0
1295 0.871428571430476 0.727820587384649 0
1296 0.871428571431377 0.480384757732649 0
1297 0.871428571431568 0.43089759180221 0
1298 0.871428571431684 0.381410425871752 0
1299 0.871428571431808 0.331923259941304 0
1300 0.871428571431934 0.282436094010859 0
1301 0.871428571432161 0.232948439556386 0
1302 0.871428571432384 0.183455523257452 0
1303 0.871428571432505 0.13381641671272 0
1304 0.871428571432637 0.0826828508631909 0
1305 0.872480991194084 0.0269519832547622 0
1306 0.883893577251019 0.703878984491605 0
1307 0.884743969372807 0.60354302645278 0
1308 0.884810701986669 0.654777776700822 0
1309 0.885474042242534 0.55447868871203 0
1310 0.885657333072331 0.851571383834995 0
1311 0.885691011603577 0.505115063742579 0
1312 0.88571428571381 1 0
1313 0.885714285713984 0 0
1314 0.885714285715644 0.901025668141421 0
1315 0.88571428571598 0.802051336280469 0
1316 0.885714285716125 0.752564170349955 0
1317 0.885714285717203 0.455641174767481 0
1318 0.885714285717317 0.406154008837012 0
1319 0.885714285717558 0.307179676976119 0
1320 0.885714285717719 0.257692511045657 0
1321 0.885714285718035 0.208203237582931 0
1322 0.885714285718178 0.158692664417955 0
1323 0.885714285718291 0.108875088200012 0
1324 0.885716344927581 0.950512381836125 0
1325 0.885724829325873 0.356667957153056 0
1326 0.886272981866364 0.0538543404574815 0
1327 0.897143680847458 0.727974445315442 0
1328 0.898752365416692 0.578640465516089 0
1329 0.89965828414065 0.826992208990061 0
1330 0.899918629477299 0.52982535839923 0
1331 0.899999999999584 0.975256417034713 0
1332 0.900000000001436 0.876282085176225 0
1333 0.900000000002763 0.480384757732641 0
1334 0.900000000002956 0.430897591802277 0
1335 0.900000000003181 0.331923259941375 0
1336 0.900000000003312 0.282436094010936 0
1337 0.900000000003602 0.232948104468778 0
1338 0.900000000003821 0.183451951094427 0
1339 0.900000000003943 0.133854859185596 0
1340 0.900000000004079 0.0826683724499812 0
1341 0.900012355280435 0.925766537698568 0
1342 0.900014058147648 0.381411911533811 0
1343 0.900685297760793 0.628902874160093 0
1344 0.901086533103086 0.68175209149977 0
1345 0.902505197079451 0.774408469014173 0
1346 0.904081632654703 0.0266460307404183 0
1347 0.90621778265072 0.707735026921874 0
1348 0.906947224718442 0.748121872330096 0
1349 0.907964049377069 0.600452857620396 0
1350 0.908114028666395 0.656536674681092 0
1351 0.912794555037377 0.803594962617775 0
1352 0.913737683392691 0.851507287012755 0
1353 0.914007390422463 0.505258452102979 0
1354 0.914037734611396 0.554472932962408 0
1355 0.91426977743018 0.950527314563234 0
1356 0.914285714285357 1 0
1357 0.914285714285488 0 0
1358 0.914285714287058 0.901025668141543 0
1359 0.914285714288596 0.455641174767548 0
1360 0.914285714288929 0.307179676976193 0
1361 0.914285714289458 0.208202510977559 0
1362 0.914285714289583 0.158684827618442 0
1363 0.914285714289717 0.108868516105363 0
1364 0.914289814580867 0.406154442155157 0
1365 0.914348975939449 0.356673528385594 0
1366 0.914719023991416 0.0566713100509873 0
1367 0.915147753970374 0.257650937276911 0
1368 0.923760592746019 0.728131165058612 0
1369 0.925990324221246 0.827516766156793 0
1370 0.926804584760323 0.671428571427692 0
1371 0.927089654134303 0.0849793406635147 0
1372 0.927098177137963 0.642912383788377 0
1373 0.927149373661776 0.698247853069743 0
1374 0.927394570370985 0.613917663838122 0
1375 0.92759422981138 0.582666438890536 0
1376 0.927661813424303 0.530333875321452 0
1377 0.92768116063334 0.757739518715769 0
1378 0.927915745167368 0.480763316724099 0
1379 0.928387261263771 0.975362746079863 0
1380 0.928571428572871 0.87628208517633 0
1381 0.928571428574357 0.43089759180234 0
1382 0.928571428574677 0.282436094011013 0
1383 0.92857142857509 0.232948928080453 0
1384 0.928571428575215 0.183454568379696 0
1385 0.928571428575354 0.133894223855721 0
1386 0.928581972182872 0.381411540118377 0
1387 0.928631648624378 0.0157457783077158 0
1388 0.928645560251427 0.92575297065973 0
1389 0.928943273232925 0.0366589235271424 0
1390 0.928950998478415 0.331963372815228 0
1391 0.929601064802623 0.784328150355467 0
1392 0.934432646445538 0.808026256527588 0
1393 0.93928672575124 0.507688373776323 0
1394 0.940968390556906 0.555422443036938 0
1395 0.942017921161583 0.849937301187237 0
1396 0.942236895039028 0.207845573550382 0
1397 0.942605706481575 0.950694976804338 0
1398 0.942857142856905 1 0
1399 0.942857142856992 0 0
1400 0.942857142860054 0.406154008837127 0
1401 0.942857142860176 0.356666842906698 0
1402 0.942857142860298 0.307179676976265 0
1403 0.942857142861132 0.109231013254291 0
1404 0.943199711870295 0.158164108602083 0
1405 0.943301932932562 0.900927985461465 0
1406 0.943828681992137 0.0598440545220687 0
1407 0.946916660903444 0.456183146213024 0
1408 0.948029380947844 0.257443892044626 0
1409 0.948724800002745 0.0887354615699205 0
1410 0.95051283406935 0.628571428570427 0
1411 0.950512834069356 0.599999999998904 0
1412 0.950685389678723 0.657142857141938 0
1413 0.950718942158332 0.685714285713453 0
1414 0.950797465814177 0.714285714284963 0
1415 0.950818459527509 0.742857142856456 0
1416 0.950868102406782 0.77085824212242 0
1417 0.952014516449768 0.532832772543671 0
1418 0.952199174882918 0.823484569175746 0
1419 0.953080236003003 0.797287441126777 0
1420 0.953266231241698 0.57619759522332 0
1421 0.953277759623268 0.230308693322683 0
1422 0.953515598955131 0.0255485200175663 0
1423 0.953682651188925 0.284433844851868 0
1424 0.953757418714587 0.429112894353177 0
1425 0.95465672490479 0.488180804996658 0
1426 0.956037853297215 0.975894391302851 0
1427 0.956679961699156 0.183625991184121 0
1428 0.956865215219084 0.92611960414911 0
1429 0.956997191688018 0.131507045413862 0
1430 0.957083135930735 0.874449131664087 0
1431 0.95711084585909 0.382175086914437 0
1432 0.957443363502459 0.330791889105278 0
1433 0.960480482271156 0.512591238041281 0
1434 0.96356996496263 0.0762395865166952 0
1435 0.97123581780289 0.55603104328024 0
1436 0.971428571428453 1 0
1437 0.971428571428496 0 0
1438 0.972294676519574 0.210447930081381 0
1439 0.972844977343242 0.410535058011457 0
1440 0.972993107722444 0.100809432456543 0
1441 0.972993445342638 0.846078073646838 0
1442 0.973326025801877 0.303396779858486 0
1443 0.973636258515541 0.953521482536262 0
1444 0.974092546394447 0.157817995160654 0
1445 0.974097311874338 0.900439572060579 0
1446 0.974603178053978 0.356973233504382 0
1447 0.974895260478113 0.0485272507940042 0
1448 0.975256417034663 0.642857142856185 0
1449 0.975256417034665 0.699999999999207 0
1450 0.975256417034668 0.757142857142209 0
1451 0.97525641703467 0.614285714284677 0
1452 0.975256417034677 0.585714285713172 0
1453 0.975256417034803 0.242857142856575 0
1454 0.975256417034803 0.442857142855991 0
1455 0.975285176302897 0.671428571427701 0
1456 0.97530385565881 0.728571428570711 0
1457 0.975462988015866 0.271781294594169 0
1458 0.975470131415886 0.470673974655299 0
1459 0.975965797258868 0.785176537095437 0
1460 0.97693357007391 0.526630448595914 0
1461 0.977079911588544 0.814066194656791 0
1462 0.97743895385217 0.499490304326787 0
1463 0.979084262640795 0.979084262640806 0
1464 0.979084262640812 0.0209157373591526 0
1465 0.980611781713745 0.128571428571187 0
1466 0.980718480863538 0.871776398536042 0
1467 0.980736276842759 0.385714285713301 0
1468 0.980876126289066 0.928278132706613 0
1469 0.98089318589304 0.185714285713884 0
1470 0.981357707611191 0.329349659535798 0
1471 0.983259820835141 0.0725806689265894 0
1472 1 0 0
1473 1 1 0
1474 1 0.0285714285713743 0
1475 1 0.0571428571427411 0
1476 1 0.0857142857141217 0
1477 1 0.114285714285507 0
1478 1 0.142857142856867 0
1479 1 0.171428571428212 0
1480 1 0.199999999999557 0
1481 1 0.228571428570902 0
1482 1 0.257142857142247 0
1483 1 0.285714285713592 0
1484 1 0.314285714284938 0
1485 1 0.342857142856283 0
1486 1 0.371428571427628 0
1487 1 0.399999999998973 0
1488 1 0.428571428570318 0
1489 1 0.457142857141663 0
1490 1 0.485714285713009 0
1491 1 0.514285714284433 0
1492 1 0.542857142855937 0
1493 1 0.571428571427441 0
1494 1 0.599999999998945 0
1495 1 0.628571428570449 0
1496 1 0.657142857141953 0
1497 1 0.685714285713457 0
1498 1 0.714285714284961 0
1499 1 0.742857142856465 0
1500 1 0.771428571427969 0
1501 1 0.799999999999472 0
1502 1 0.828571428570977 0
1503 1 0.85714285714248 0
1504 1 0.885714285713984 0
1505 1 0.914285714285488 0
1506 1 0.942857142856992 0
1507 1 0.971428571428496 0
