1 0 0 0
2 0 1 0
3 0 0.888888888888426 0
4 0 0.777777777777932 0
5 0 0.666666666667592 0
6 0 0.555555555557251 0
7 0 0.444444444446294 0
8 0 0.333333333334721 0
9 0 0.222222222223147 0
10 0 0.111111111111574 0
11 0 0.97222222222213 0
12 0 0.944444444444206 0
13 0 0.916666666666296 0
14 0 0.861111111110802 0
15 0 0.83333333333319 0
16 0 0.805555555555563 0
17 0 0.750000000000328 0
18 0 0.72222222222275 0
19 0 0.694444444445146 0
20 0 0.638888888890034 0
21 0 0.611111111112511 0
22 0 0.583333333334917 0
23 0 0.527777777779597 0
24 0 0.50000000000192 0
25 0 0.472222222224107 0
26 0 0.416666666668401 0
27 0 0.388888888890507 0
28 0 0.361111111112614 0
29 0 0.305555555556827 0
30 0 0.277777777778934 0
31 0 0.250000000001041 0
32 0 0.194444444445254 0
33 0 0.16666666666736 0
34 0 0.138888888889467 0
35 0 0.0833333333336802 0
36 0 0.0555555555557868 0
37 0 0.0277777777778935 0
38 0.0203347446547658 0.0203347446548103 0
39 0.0203347446547658 0.10366807798849 0
40 0.0203347446547658 0.0758903002105971 0
41 0.0203347446547658 0.0481125224327038 0
42 0.0203347446547871 0.979665255345213 0
43 0.0203347446547871 0.951887477567329 0
44 0.0203347446547871 0.896331922011532 0
45 0.0203347446547871 0.924109699789412 0
46 0.0231171900784269 0.678940186644833 0
47 0.0231171900784269 0.762273519977588 0
48 0.0231171900784269 0.734495742199991 0
49 0.0231171900784269 0.7067179644224 0
50 0.0235214456960658 0.20845103803645 0
51 0.0235214456960658 0.12511770470277 0
52 0.0235214456960658 0.180673260258556 0
53 0.0235214456960658 0.152895482480663 0
54 0.0238997493598413 0.569175216294102 0
55 0.0238997493598413 0.652508549626857 0
56 0.0238997493598413 0.624730771849308 0
57 0.0238997493598413 0.59695299407175 0
58 0.0240562612161343 0.458333333335164 0
59 0.0240562612161343 0.541666666668382 0
60 0.0240562612161343 0.513888888890722 0
61 0.0240562612161343 0.486111111112977 0
62 0.0240562612161652 0.347222222223807 0
63 0.0240562612161652 0.430555555557487 0
64 0.0240562612161652 0.402777777779593 0
65 0.0240562612161652 0.3750000000017 0
66 0.0240562612163345 0.319444444445774 0
67 0.0240562612163345 0.236111111112094 0
68 0.0240562612163345 0.291666666667881 0
69 0.0240562612163345 0.263888888889987 0
70 0.0252009151719854 0.78974268940716 0
71 0.0252009151719854 0.873076022740031 0
72 0.0252009151719854 0.845298244962409 0
73 0.0252009151719854 0.81752046718479 0
74 0.0277777777777253 0 0
75 0.0277777777778935 1 0
76 0.0406694893095315 0.0406694893096207 0
77 0.0406694893095315 0.0962250448654074 0
78 0.0406694893095315 0.0684472670875141 0
79 0.0406694893095743 0.903774955134639 0
80 0.0406694893095743 0.959330510690426 0
81 0.0406694893095743 0.931552732912532 0
82 0.0438561903508316 0.117674671579686 0
83 0.0455356598267725 0.880519055863137 0
84 0.0462343801568537 0.691213706622075 0
85 0.0462343801568537 0.746769262177245 0
86 0.0462343801568537 0.718991484399647 0
87 0.0470169394382681 0.664782069604099 0
88 0.0470428913921317 0.194679853849752 0
89 0.0470428913921317 0.139124298293965 0
90 0.0470428913921317 0.166902076071859 0
91 0.0475777069124003 0.222339926925396 0
92 0.0477994987196826 0.582794877030953 0
93 0.0477994987196826 0.638350432586123 0
94 0.0477994987196826 0.610572654808565 0
95 0.0479560105759756 0.555286327405233 0
96 0.0481125224322686 0.472222222224033 0
97 0.0481125224322686 0.527777777779512 0
98 0.0481125224322686 0.500000000001812 0
99 0.0481125224322995 0.444444444446356 0
100 0.0481125224323303 0.361111111112893 0
101 0.0481125224323303 0.416666666668679 0
102 0.0481125224323303 0.388888888890786 0
103 0.048112522432489 0.0203347446548103 0
104 0.0481125224324997 0.33333333333486 0
105 0.0481125224326691 0.305555555556827 0
106 0.0481125224326691 0.250000000001041 0
107 0.0481125224326691 0.277777777778934 0
108 0.0481125224326806 0.979665255345213 0
109 0.0483181052504122 0.774238431606816 0
110 0.0504018303439707 0.801707601036388 0
111 0.0504018303439707 0.857263156591635 0
112 0.0504018303439707 0.829485378814013 0
113 0.0555555555554422 0 0
114 0.0555555555557868 1 0
115 0.0610042339642973 0.061004233964431 0
116 0.0610042339642973 0.0887820117423244 0
117 0.0610042339643614 0.911217988257745 0
118 0.0610042339643614 0.938995766035639 0
119 0.0641909350055973 0.110231638456603 0
120 0.0658704044815597 0.887962088986243 0
121 0.0673776360468974 0.131681265170882 0
122 0.0684472670872561 0.0406694893096207 0
123 0.0684472670874677 0.959330510690426 0
124 0.0693515702352806 0.703487226599316 0
125 0.0693515702352806 0.731265004376901 0
126 0.070134129516695 0.67705558958134 0
127 0.0705643370881975 0.180908669663055 0
128 0.0705643370881975 0.153130891885161 0
129 0.0707365749987579 0.864706189714741 0
130 0.0709166887981094 0.650623952563365 0
131 0.0710991526084662 0.208568742738699 0
132 0.0714352953288391 0.758734173806473 0
133 0.0716339681287349 0.236228815814343 0
134 0.0716992480795238 0.596414537767804 0
135 0.0716992480795238 0.624192315545389 0
136 0.0718557599358168 0.568905988142083 0
137 0.0720122717921099 0.541397438516363 0
138 0.0721687836484029 0.486111111112903 0
139 0.0721687836484029 0.513888888890642 0
140 0.0721687836484338 0.458333333335226 0
141 0.0721687836484646 0.430555555557549 0
142 0.0721687836484955 0.375000000001978 0
143 0.0721687836484955 0.402777777779872 0
144 0.0721687836486649 0.347222222223946 0
145 0.0721687836488342 0.319444444445913 0
146 0.0721687836490036 0.291666666667881 0
147 0.0721687836490036 0.263888888889987 0
148 0.0735190204223976 0.786203343236044 0
149 0.0756027455159561 0.813672512665616 0
150 0.0756027455159561 0.841450290443239 0
151 0.0758903002102129 0.0203347446548103 0
152 0.075890300210574 0.979665255345213 0
153 0.0813389786190631 0.0813389786192413 0
154 0.0813389786191486 0.918661021380851 0
155 0.0833333333331731 0 0
156 0.0833333333336802 1 0
157 0.0845256796603631 0.10278860533352 0
158 0.0862051491363468 0.895405122109349 0
159 0.0877123807016632 0.124238232047799 0
160 0.0887820117420244 0.061004233964431 0
161 0.0887820117422548 0.938995766035639 0
162 0.0908990817429633 0.145687858762078 0
163 0.091071319653545 0.872149222837848 0
164 0.0924687603137074 0.715760746576557 0
165 0.0932513195951218 0.689329109558582 0
166 0.0940338788765363 0.662897472540606 0
167 0.0940857827842633 0.167137485476357 0
168 0.0945524854072659 0.743229916006129 0
169 0.094620598304532 0.194797558552002 0
170 0.0948164381579507 0.63646583552263 0
171 0.0951554138248007 0.222457631627646 0
172 0.0955989974393651 0.610034198504655 0
173 0.0956902293450694 0.25011770470329 0
174 0.0957555092956581 0.582525648878934 0
175 0.0959120211519511 0.555017099253214 0
176 0.0959374901707433 0.848893323566346 0
177 0.0960685330082442 0.527508549627493 0
178 0.0962250448645372 0.500000000001773 0
179 0.0962250448645681 0.472222222224096 0
180 0.0962250448645989 0.444444444446419 0
181 0.0962250448646298 0.416666666668742 0
182 0.0962250448646607 0.388888888891064 0
183 0.09622504486483 0.361111111113032 0
184 0.0962250448649856 0.0406694893096207 0
185 0.0962250448649994 0.333333333334999 0
186 0.0962250448651688 0.305555555556967 0
187 0.0962250448653381 0.277777777778934 0
188 0.0962250448653611 0.959330510690426 0
189 0.0966362105008245 0.770699085435701 0
190 0.098719935594383 0.798168254865272 0
191 0.100803660687941 0.825637424294844 0
192 0.102421616162834 0.0841117346208637 0
193 0.102755523208166 0.915505886924404 0
194 0.103668077987947 0.0203347446548103 0
195 0.103668077988467 0.979665255345213 0
196 0.105608317204134 0.105561361335143 0
197 0.107621693725364 0.892249987652902 0
198 0.108795018245434 0.127010988049422 0
199 0.109864649285795 0.0637769899660534 0
200 0.110198556331272 0.935840631579191 0
201 0.111111111110908 0 0
202 0.111111111111574 1 0
203 0.111361931502704 0.72440005417215 0
204 0.111981719286734 0.148460614763701 0
205 0.112487864242563 0.8689940883814 0
206 0.113445656596263 0.751869223601721 0
207 0.114915965281753 0.70201797865283 0
208 0.115529381689821 0.779338393031293 0
209 0.115698524563167 0.675586341634854 0
210 0.116481083844582 0.649154704616879 0
211 0.117263643125996 0.622723067598903 0
212 0.117307682408757 0.043442245311243 0
213 0.117354034759761 0.845738189109898 0
214 0.11761310678338 0.806807562460864 0
215 0.117641589454378 0.956175376233978 0
216 0.119811770511774 0.596414537767765 0
217 0.119968282368067 0.568905988142044 0
218 0.12012479422436 0.541397438516324 0
219 0.120281306080653 0.513888888890603 0
220 0.120281306080691 0.486111111112961 0
221 0.120281306080721 0.458333333335284 0
222 0.120281306080752 0.430555555557607 0
223 0.120281306080783 0.40277777777993 0
224 0.12066453255191 0.37428061166892 0
225 0.12066453255208 0.346502833890887 0
226 0.120664532552249 0.318725056112855 0
227 0.120664532552418 0.290947278334822 0
228 0.12097621834697 0.176592339663873 0
229 0.121511033867239 0.204252412739518 0
230 0.122045849387508 0.231912485815162 0
231 0.122580664907776 0.259572558890806 0
232 0.123504253706605 0.0868844906224861 0
233 0.124172067797183 0.912350752467956 0
234 0.124750715531718 0.0231075006564327 0
235 0.125084622577485 0.976510120888765 0
236 0.126690954747905 0.108334117336765 0
237 0.128948471388718 0.824623869173889 0
238 0.129038238314382 0.889094853196454 0
239 0.129877655789205 0.129783744051044 0
240 0.130255102691701 0.733039361767742 0
241 0.130947286829566 0.0665497459676758 0
242 0.13161510092029 0.932685497122743 0
243 0.13233882778526 0.760508531197313 0
244 0.133809136470749 0.710657286248422 0
245 0.13390440883158 0.865838953924952 0
246 0.134422552878818 0.787977700626885 0
247 0.137363170249798 0.688275210729103 0
248 0.138145729531212 0.661843573711127 0
249 0.138390319952528 0.0462150013128654 0
250 0.138872154849441 0.157915468951217 0
251 0.138888888888624 0 0
252 0.138888888889467 1 0
253 0.138928288812627 0.635411936693151 0
254 0.139058134043396 0.95302024177753 0
255 0.141476416198405 0.609103406862013 0
256 0.144024543584183 0.582794877030875 0
257 0.144181055440476 0.555286327405154 0
258 0.144337567296769 0.527777777779434 0
259 0.144337567296807 0.500000000001791 0
260 0.144337567296844 0.472222222224149 0
261 0.144337567296875 0.444444444446472 0
262 0.144337567296906 0.416666666668795 0
263 0.144586891250376 0.0896572466241085 0
264 0.144720793768033 0.388169500557785 0
265 0.14510402023916 0.359672334446776 0
266 0.145104020239329 0.331894556668743 0
267 0.145104020239499 0.30411677889071 0
268 0.145498845460537 0.844724633988943 0
269 0.145588612386201 0.909195618011508 0
270 0.145757917484156 0.80579400733991 0
271 0.147020152594857 0.272742059446694 0
272 0.147773592291676 0.111106873338387 0
273 0.147866653909677 0.186047193851389 0
274 0.148401469429946 0.213707266927034 0
275 0.148936284950214 0.241367340002678 0
276 0.149148273880698 0.741678669363334 0
277 0.150454782903399 0.885939718740006 0
278 0.151231998974256 0.769147838792905 0
279 0.152029924373338 0.0693225019692981 0
280 0.152528493309429 0.0231075006564327 0
281 0.152702307659746 0.719296593844014 0
282 0.152862400355378 0.976510120888765 0
283 0.153031645509307 0.929530362666295 0
284 0.156256341438795 0.696914518324695 0
285 0.156768091351912 0.13923859823856 0
286 0.157093282089495 0.823610314052935 0
287 0.159810375217843 0.674532442805375 0
288 0.160592934499257 0.6481008057874 0
289 0.162049219532356 0.864825398803998 0
290 0.162567363579595 0.78696414550593 0
291 0.163141061885036 0.621792275956261 0
292 0.165669528794147 0.0924300026257308 0
293 0.165689189270814 0.595483746125123 0
294 0.165762590412148 0.167370323138733 0
295 0.166168097730234 0.0462150013128654 0
296 0.166666666666321 0 0
297 0.16666666666736 1 0
298 0.166835911821289 0.95302024177753 0
299 0.167005156975218 0.906040483555061 0
300 0.168041445069695 0.750317976958926 0
301 0.168237316656593 0.569175216293984 0
302 0.168393828512886 0.541666666668264 0
303 0.168393828512923 0.513888888890622 0
304 0.16839382851296 0.48611111111298 0
305 0.168393828512997 0.458333333335337 0
306 0.168393828513028 0.430555555557661 0
307 0.168777054984155 0.402058389446651 0
308 0.169160281455283 0.373561223335641 0
309 0.16954350792641 0.345064057224631 0
310 0.169543507926579 0.317286279446599 0
311 0.171459640281937 0.285911560002582 0
312 0.171595478848743 0.727935901439606 0
313 0.173375772637295 0.254536840558566 0
314 0.173643656161314 0.843711078867989 0
315 0.173902728184933 0.804780452218955 0
316 0.174664027854383 0.120561727525904 0
317 0.174757089472384 0.195502048038906 0
318 0.175149512627792 0.705553825920287 0
319 0.175291904992652 0.22316212111455 0
320 0.178599593604176 0.884926163619052 0
321 0.17870354640684 0.683171750400967 0
322 0.179376809675033 0.768134283671951 0
323 0.179807702151039 0.0693225019692981 0
324 0.180306271087126 0.0231075006564327 0
325 0.180640178133271 0.976510120888765 0
326 0.180809423287201 0.929530362666295 0
327 0.182257580185888 0.660789674881648 0
328 0.183658526914619 0.148693452426076 0
329 0.184805707571667 0.634481145050509 0
330 0.185238092790271 0.82259675893198 0
331 0.187353834957445 0.608172615219371 0
332 0.188854663969744 0.744693191526833 0
333 0.189901962343223 0.581864085388233 0
334 0.190194030233133 0.863811843683043 0
335 0.190712174280371 0.785950590384976 0
336 0.191287545075806 0.0942196165514787 0
337 0.192408697748792 0.722311116007514 0
338 0.192450089729002 0.555555555557094 0
339 0.192450089729039 0.527777777779452 0
340 0.192450089729076 0.50000000000181 0
341 0.192450089729113 0.472222222224168 0
342 0.192450089729151 0.444444444446526 0
343 0.192653025974855 0.176825177326249 0
344 0.192833316200278 0.415947278335516 0
345 0.193216542671405 0.387450112224506 0
346 0.193599769142532 0.358952946113497 0
347 0.193945875507931 0.0462150013128654 0
348 0.193982995613659 0.330455780002487 0
349 0.194153648065392 0.905993813702555 0
350 0.194444444444018 0 0
351 0.194444444445254 1 0
352 0.194613689599183 0.95302024177753 0
353 0.195899127969017 0.299081060558471 0
354 0.19596273152784 0.699929040488194 0
355 0.197815260324375 0.267706341114454 0
356 0.199516765306889 0.677546964968875 0
357 0.199731392679733 0.236331621670438 0
358 0.200190028575082 0.762509498239858 0
359 0.200282044136042 0.122351341451651 0
360 0.201647525035091 0.204956902226422 0
361 0.20178846686209 0.842697523747034 0
362 0.20204753888571 0.803766897098001 0
363 0.205425718432698 0.071112115895046 0
364 0.205748084694349 0.884879493766546 0
365 0.207957914377374 0.92948369281379 0
366 0.208084048864823 0.0231075006564327 0
367 0.208417955911165 0.976510120888765 0
368 0.208426384345816 0.651172858998567 0
369 0.209276543196278 0.150483066351824 0
370 0.209667882869792 0.73906840609474 0
371 0.210974511731594 0.624864329167429 0
372 0.21152539318042 0.780325804952883 0
373 0.213221916648841 0.716686330575421 0
374 0.213382903491048 0.821583203811026 0
375 0.213522639117372 0.59855579933629 0
376 0.21607076650315 0.572247269505152 0
377 0.216506350945151 0.541666666668315 0
378 0.216506350945188 0.513888888890673 0
379 0.216506350945226 0.486111111113031 0
380 0.216506350945263 0.458333333335388 0
381 0.216506350945309 0.430555555557726 0
382 0.216775950427889 0.694304255056101 0
383 0.216889577416436 0.402058389446716 0
384 0.216905561357465 0.0960092304772266 0
385 0.217272803887563 0.373561223335706 0
386 0.217342521323306 0.863765173830537 0
387 0.21765603035869 0.345064057224697 0
388 0.217656030358728 0.317286279447028 0
389 0.218271042256514 0.178614791251997 0
390 0.21956389178959 0.0480046152386133 0
391 0.219572162714086 0.285911560003012 0
392 0.22100324747513 0.756884712807765 0
393 0.221302139155565 0.905947143850049 0
394 0.221488295069444 0.254536840558995 0
395 0.221762180689356 0.952973571925025 0
396 0.222222222221714 0 0
397 0.222222222223147 1 0
398 0.222860757785758 0.798142111665908 0
399 0.223404427424802 0.223162121114979 0
400 0.225685569466816 0.667930149085794 0
401 0.225900060417701 0.124140955377399 0
402 0.226195564845667 0.200218735161187 0
403 0.228936957952264 0.842650853894529 0
404 0.230481101769841 0.733443620662647 0
405 0.231043734714357 0.0729017298207939 0
406 0.232338612080469 0.77470101952079 0
407 0.232896575784522 0.88483282391404 0
408 0.233702065146482 0.0248971145821806 0
409 0.234035135548889 0.711061545143328 0
410 0.234595188505743 0.641556043115487 0
411 0.234894559477937 0.152272680277572 0
412 0.235106405467547 0.929437022961284 0
413 0.235566447001338 0.976463451036259 0
414 0.237143315891521 0.615247513284348 0
415 0.238489595217941 0.81960358693924 0
416 0.239691443277299 0.58893898345321 0
417 0.2401270277193 0.558358380616373 0
418 0.240562612161301 0.527777777779535 0
419 0.240562612161338 0.500000000001893 0
420 0.240562612161375 0.472222222224251 0
421 0.240562612161421 0.444444444446588 0
422 0.240562612161467 0.416666666668926 0
423 0.240945838632594 0.388169500557916 0
424 0.241329065103721 0.359672334446906 0
425 0.241329065103759 0.331894556669238 0
426 0.241329065103797 0.304116778891569 0
427 0.241816466375179 0.751259927375672 0
428 0.242523577639124 0.0977988444029745 0
429 0.24281908206709 0.173876624186762 0
430 0.242944754587816 0.684687439173021 0
431 0.243245197459155 0.272742059447553 0
432 0.24449101241348 0.863718503978032 0
433 0.245161329814512 0.241367340003536 0
434 0.245181908071249 0.0497942291643612 0
435 0.247952467235378 0.218423954049744 0
436 0.247967449512651 0.796162494794122 0
437 0.248450630245738 0.905900473997543 0
438 0.248910671779529 0.952926902072519 0
439 0.249999999999411 0 0
440 0.250000000001041 1 0
441 0.250743604656243 0.195480568095952 0
442 0.25129432066989 0.727818835230555 0
443 0.25151807669936 0.125930569303147 0
444 0.251854373626743 0.658313333202713 0
445 0.254043649679157 0.840671237022743 0
446 0.256661750996016 0.0746913437465418 0
447 0.257445303807362 0.772721402649004 0
448 0.259442599288513 0.147534513212337 0
449 0.260045066874695 0.884786154061535 0
450 0.260203939708816 0.701444729260247 0
451 0.26076399266567 0.631939227232406 0
452 0.261479842924178 0.0248971145821806 0
453 0.26225489655772 0.929390353108778 0
454 0.263312120051448 0.605630697401268 0
455 0.263344224779232 0.976463451036259 0
456 0.263596286944834 0.817623970067454 0
457 0.263747704493449 0.57505009456443 0
458 0.26418328893545 0.544469491727593 0
459 0.26461887337745 0.513888888890756 0
460 0.264618873377488 0.486111111113114 0
461 0.264618873377533 0.458333333335451 0
462 0.264618873377579 0.430555555557788 0
463 0.264618873377625 0.402777777780126 0
464 0.265002099848752 0.374280611669116 0
465 0.26500209984879 0.346502833891447 0
466 0.265002099848828 0.318725056113778 0
467 0.265002099848866 0.29094727833611 0
468 0.266918232204223 0.259572558892094 0
469 0.266923158102072 0.749280310503886 0
470 0.267367121877666 0.169138457121527 0
471 0.268141593920783 0.0995884583287224 0
472 0.269113558747743 0.67507062328994 0
473 0.269597704140373 0.861738887106246 0
474 0.269709369625089 0.236629172938301 0
475 0.272500507045954 0.213685786984509 0
476 0.272959685848945 0.0497942291643612 0
477 0.273074141239544 0.794182877922336 0
478 0.273612755008101 0.725935764882166 0
479 0.275291644466819 0.190742401030717 0
480 0.275599121335911 0.905853804145038 0
481 0.276066116509936 0.121192402237912 0
482 0.276688449557423 0.952926902072519 0
483 0.277777777777108 0 0
484 0.277777777778934 1 0
485 0.27802317778667 0.648696517319633 0
486 0.27915034140605 0.838691620150957 0
487 0.282522374047028 0.699561658911859 0
488 0.282551995534255 0.770741785777218 0
489 0.283990639099089 0.142796346147102 0
490 0.284439528773713 0.0746913437465418 0
491 0.285151758601588 0.882806537189749 0
492 0.286932796825597 0.622322411349325 0
493 0.287368381267598 0.591741808512488 0
494 0.287803965709598 0.561161205675651 0
495 0.288239550151599 0.530580602838814 0
496 0.2886751345936 0.500000000001976 0
497 0.288675134593646 0.472222222224314 0
498 0.288675134593691 0.444444444446651 0
499 0.288675134593737 0.416666666668988 0
500 0.288675134593783 0.388888888891325 0
501 0.288675134593821 0.361111111113657 0
502 0.288675134593859 0.333333333335988 0
503 0.288675134593896 0.305555555558319 0
504 0.288675134593934 0.277777777780651 0
505 0.288702978671727 0.815644353195668 0
506 0.289241592440283 0.747397240155498 0
507 0.289257620701875 0.0248971145821806 0
508 0.290032674335614 0.929390353108778 0
509 0.291122002557125 0.976463451036259 0
510 0.291431993085954 0.673187552941552 0
511 0.291466272014799 0.254834391826859 0
512 0.291915161688242 0.164400290056292 0
513 0.294257409435665 0.231891005873066 0
514 0.294704395867266 0.85975927023446 0
515 0.295931189346312 0.724052694533778 0
516 0.29704854685653 0.208947619919274 0
517 0.29752330962661 0.102630678302456 0
518 0.298180832966437 0.79220326105055 0
519 0.299839684277395 0.186004233965482 0
520 0.300341612124881 0.646813446971244 0
521 0.300737463626642 0.0497942291643612 0
522 0.303452260329524 0.905840209024317 0
523 0.304257033132943 0.836712003279171 0
524 0.304466227335316 0.952926902072519 0
525 0.304840808385239 0.69767858856347 0
526 0.304870429872466 0.76885871542883 0
527 0.305447832215763 0.124234622211646 0
528 0.305555555554804 0 0
529 0.305555555556827 1 0
530 0.309234271803034 0.626999011580113 0
531 0.310615243256651 0.604115563050787 0
532 0.311050827698652 0.57353496021395 0
533 0.311486412140653 0.542954357377113 0
534 0.311560026778494 0.745514169807109 0
535 0.311921996582654 0.512373754540276 0
536 0.31257564048407 0.374904505243302 0
537 0.312575640484108 0.347126727465633 0
538 0.312575640484146 0.319348949687964 0
539 0.312575640484184 0.291571171910296 0
540 0.312731395809766 0.486111111113185 0
541 0.312731395809812 0.458333333335523 0
542 0.312731395809857 0.43055555555786 0
543 0.312731395809903 0.402777777780197 0
544 0.312731395810061 0.2638888888918 0
545 0.313004897595202 0.882792942069028 0
546 0.313372354804916 0.145838566120836 0
547 0.313750427424165 0.671304482593163 0
548 0.31380967039862 0.813664736323882 0
549 0.31382124447954 0.0777335637202754 0
550 0.315522533230926 0.240945502938007 0
551 0.317035398479572 0.0248971145821806 0
552 0.317885813329227 0.929376757988058 0
553 0.318249623684523 0.722169624185389 0
554 0.318313670651791 0.218002116984215 0
555 0.318899780335018 0.976463451036259 0
556 0.320499267304649 0.790320190702161 0
557 0.321104808072657 0.195058731030423 0
558 0.321296877394069 0.167442510030026 0
559 0.322557534860879 0.859745675113739 0
560 0.322643087102319 0.651490047202032 0
561 0.326905025332438 0.10567289827619 0
562 0.32715924272345 0.695795518215082 0
563 0.327188864210677 0.766975645080441 0
564 0.330119179332469 0.0528364491380947 0
565 0.331305399323138 0.905826613903597 0
566 0.331535746780472 0.631675611810901 0
567 0.332110172126556 0.83669840815845 0
568 0.332319366328929 0.952913306951799 0
569 0.332916718234089 0.608792163281575 0
570 0.333333333332501 0 0
571 0.333333333334721 1 0
572 0.333878461116706 0.743631099458721 0
573 0.334297689687706 0.585908714752249 0
574 0.334733274129707 0.555328111915412 0
575 0.334829547921591 0.127276842185379 0
576 0.335168858571708 0.524747509078575 0
577 0.33597825779882 0.498484865651484 0
578 0.336051902401603 0.675981082823951 0
579 0.336476146374357 0.360920121595278 0
580 0.336476146374395 0.333142343817609 0
581 0.336476146374433 0.305364566039941 0
582 0.33663190170019 0.388793394132173 0
583 0.33663190170031 0.277682283021444 0
584 0.336787657025932 0.472222222224394 0
585 0.336787657025978 0.444444444446731 0
586 0.336787657026023 0.416666666669068 0
587 0.336787657026188 0.250000000002948 0
588 0.339107738189409 0.81041020155729 0
589 0.339578794447053 0.227056614049156 0
590 0.340568058022734 0.720286553837001 0
591 0.340858036588815 0.882779346948308 0
592 0.342369931867918 0.204113228095364 0
593 0.342562001189331 0.176497007094966 0
594 0.342754070510744 0.148880786094569 0
595 0.343202960185367 0.0807757836940089 0
596 0.344944562079756 0.65616664743282 0
597 0.34573895232284 0.929363162867338 0
598 0.345797335095437 0.78706565593557 0
599 0.346417114185399 0.0279393345559141 0
600 0.346752919328631 0.976449855915539 0
601 0.349460717700887 0.70047211844587 0
602 0.350410673854492 0.859732079993019 0
603 0.352486932001466 0.763721110313849 0
604 0.35383722175791 0.636352212041688 0
605 0.355218193211527 0.613468763512362 0
606 0.356286741038265 0.108715118249923 0
607 0.356599164665144 0.590585314983037 0
608 0.357408239917344 0.833443873391858 0
609 0.357980136118761 0.567701866453711 0
610 0.358353377379041 0.680657683054738 0
611 0.358415720560761 0.537121263616874 0
612 0.35915853831675 0.905813018782877 0
613 0.359176528907494 0.740376564692129 0
614 0.359225119787874 0.510858620189783 0
615 0.359500895038297 0.0558786691118283 0
616 0.360034519014986 0.484595976762693 0
617 0.360172505322542 0.952899711831078 0
618 0.360376652264645 0.346935737947254 0
619 0.360376652264683 0.319157960169586 0
620 0.360532407590478 0.37480901048415 0
621 0.36053240759056 0.291475677151089 0
622 0.360688162916311 0.402682283021045 0
623 0.360688162916437 0.263793394132593 0
624 0.360843918242098 0.458333333335603 0
625 0.360843918242144 0.43055555555794 0
626 0.360843918242314 0.236111111114097 0
627 0.361111111110198 0 0
628 0.361111111112614 1 0
629 0.36363505566318 0.213167725160305 0
630 0.363827124984592 0.185551504159907 0
631 0.364019194306005 0.15793528315951 0
632 0.364211263627418 0.130319062159113 0
633 0.364405805980197 0.807155666790698 0
634 0.366528260594299 0.714966999600815 0
635 0.367246037057194 0.660843247663607 0
636 0.368711175582428 0.882765751827588 0
637 0.371095402886226 0.783811121168977 0
638 0.372584675891194 0.0838180036677424 0
639 0.373592091316453 0.929349567746617 0
640 0.374194891963096 0.0279393345559141 0
641 0.374530697106525 0.976449855915539 0
642 0.375420920272453 0.695152564209684 0
643 0.37570874164528 0.856477545226427 0
644 0.376138696735348 0.641028812272476 0
645 0.377519668188964 0.61814536374315 0
646 0.377784999792254 0.760466575547257 0
647 0.378900639642581 0.595261915213824 0
648 0.380281611096198 0.572378466684499 0
649 0.381662582549815 0.549495018155173 0
650 0.382471981776927 0.523232374728082 0
651 0.382706307708133 0.830189338625267 0
652 0.38328138100404 0.496969731300992 0
653 0.384090780231152 0.470707087873902 0
654 0.384277158154932 0.332951354299231 0
655 0.384313579950606 0.675338128818553 0
656 0.384432913480765 0.360824626836126 0
657 0.384432913480809 0.305269071280734 0
658 0.384588668806598 0.388697899373021 0
659 0.384588668806687 0.277586788262238 0
660 0.384744424132431 0.416571171909916 0
661 0.384744424132564 0.249904505243742 0
662 0.384900179458264 0.444444444446812 0
663 0.384900179458441 0.222222222225245 0
664 0.385092248779854 0.194606001224848 0
665 0.385136731479059 0.735057010455944 0
666 0.385284318101267 0.166989780224451 0
667 0.385476387422679 0.139373559224054 0
668 0.385668456744092 0.111757338223656 0
669 0.387011677310364 0.905799423662156 0
670 0.387278672815993 0.0558786691118283 0
671 0.387950283100436 0.952899711831078 0
672 0.388888888887894 0 0
673 0.388888888890507 1 0
674 0.389703873770986 0.803901132024106 0
675 0.392488463165864 0.709647445364629 0
676 0.393206239628759 0.655523693427421 0
677 0.394009243373216 0.879511217060996 0
678 0.396393470677014 0.780556586402386 0
679 0.398731125705385 0.631483848156121 0
680 0.400112097159002 0.608600399626795 0
681 0.400362453668891 0.0838180036677424 0
682 0.401006809436069 0.853223010459835 0
683 0.401369869094346 0.929349567746617 0
684 0.401381122844018 0.689833009973498 0
685 0.401493068612619 0.58571695109747 0
686 0.401972669740792 0.0279393345559141 0
687 0.402308474884418 0.976449855915539 0
688 0.402874040066236 0.562833502568144 0
689 0.403745202363819 0.755147021311072 0
690 0.404739364765207 0.21182245716843 0
691 0.40493143408662 0.184206236168033 0
692 0.405123503408032 0.156590015167636 0
693 0.405315572729445 0.128973794167239 0
694 0.406137209204381 0.53636841624489 0
695 0.406946608431493 0.5101057728178 0
696 0.407619815039861 0.318710466176378 0
697 0.407756007658605 0.48384312939071 0
698 0.407775570365739 0.291028183157882 0
699 0.407931325691616 0.263345900139386 0
700 0.408004375498921 0.826934803858675 0
701 0.408087081017493 0.23566361712089 0
702 0.408424002398829 0.346810263385305 0
703 0.408565406885718 0.457580485963619 0
704 0.408579757724662 0.3746835359222 0
705 0.408735513050495 0.402556808459095 0
706 0.408891268376328 0.430430080995991 0
707 0.410273782522171 0.670018574582367 0
708 0.411096934050624 0.729737456219758 0
709 0.415001941561774 0.800646597257514 0
710 0.41505645059369 0.0558786691118283 0
711 0.415129039605435 0.107367526257241 0
712 0.415614788470315 0.904698318335064 0
713 0.415728060878329 0.952899711831078 0
714 0.415798668598797 0.645978729311067 0
715 0.416666666665591 0 0
716 0.416666666668401 1 0
717 0.41844866573743 0.704327891128444 0
718 0.421323554675422 0.621938884039767 0
719 0.422353673248579 0.7752370321662 0
720 0.422612354533167 0.878410111733903 0
721 0.422704526129039 0.599055435510441 0
722 0.424085497582656 0.576171986981115 0
723 0.424578550071972 0.201422692111615 0
724 0.424770619393385 0.173806471111218 0
725 0.424962688714798 0.146190250110821 0
726 0.427341325415583 0.684513455737312 0
727 0.427348666720801 0.549706900657862 0
728 0.427926266324259 0.225263852064075 0
729 0.42960992059602 0.852121905132742 0
730 0.429705404935384 0.749827467074886 0
731 0.429750447518489 0.0279393345559141 0
732 0.429823036530234 0.0794281917013264 0
733 0.429972980254297 0.928248462419525 0
734 0.430086252662312 0.976449855915539 0
735 0.430611835858947 0.523241814334608 0
736 0.430962471924791 0.304469578053526 0
737 0.431118227250668 0.27678729503503 0
738 0.431273982576545 0.249105012016534 0
739 0.431421235086059 0.496979170907517 0
740 0.431766659283759 0.332569375262453 0
741 0.432230634313171 0.470716527480427 0
742 0.432556495803782 0.443566122512798 0
743 0.432570846642727 0.360669172471379 0
744 0.43272660196856 0.388542445008274 0
745 0.432866211492209 0.660473610466013 0
746 0.432882357294393 0.41641571754517 0
747 0.434776155590788 0.124583982200823 0
748 0.436607486658873 0.825833698531582 0
749 0.437057136622189 0.724417901983572 0
750 0.438391097568834 0.636433765194712 0
751 0.44187548288538 0.79443673753544 0
752 0.44391598364546 0.612393919923413 0
753 0.444217899630266 0.903597213007971 0
754 0.44433117203828 0.951798606503985 0
755 0.444408868308995 0.699008336892258 0
756 0.444417735378738 0.1910229270548 0
757 0.444444444443288 0 0
758 0.444444444446294 1 0
759 0.444517033455033 0.0514888571454123 0
760 0.444589622466777 0.102977714290825 0
761 0.444609804700151 0.163406706054403 0
762 0.445296955099077 0.589510471394087 0
763 0.447765451631024 0.21486408700726 0
764 0.448560124237222 0.563045385070833 0
765 0.449227214572185 0.769027172444126 0
766 0.44993375438562 0.674968491620958 0
767 0.451113167883311 0.238705246959719 0
768 0.451215465693119 0.87730900640681 0
769 0.451823293375367 0.536580298747579 0
770 0.45430512880972 0.290228689930674 0
771 0.45442327157614 0.141800438144405 0
772 0.454460884135597 0.262546406912178 0
773 0.455086462513512 0.510115212424325 0
774 0.455109316168688 0.318328487139601 0
775 0.455458640462246 0.650928646349658 0
776 0.455895861740625 0.483852568997235 0
777 0.455913503527656 0.346428284348527 0
778 0.456221723231235 0.456702164029606 0
779 0.456547584721846 0.429551759061977 0
780 0.45657894625899 0.743617607352812 0
781 0.456717690886624 0.374528081557453 0
782 0.456873446212457 0.402401354094349 0
783 0.458213031755971 0.851020799805649 0
784 0.458576091414249 0.927147357092432 0
785 0.458689363822263 0.975348750588446 0
786 0.459211030379831 0.0235495225894982 0
787 0.459283619391576 0.0750383797349105 0
788 0.460983526538872 0.626888801078358 0
789 0.463481027982478 0.819623838809508 0
790 0.463930677945795 0.718208042261498 0
791 0.46423673845213 0.120194170234407 0
792 0.464256920685504 0.180623161997985 0
793 0.466508412615497 0.602848955807058 0
794 0.46760463693779 0.204464321950445 0
795 0.468749024208985 0.788226877813366 0
796 0.469771581753642 0.576383869483804 0
797 0.470648003124241 0.691180450932015 0
798 0.470952353190077 0.228305481902904 0
799 0.472222222220985 0 0
800 0.472222222224107 1 0
801 0.472821010790217 0.902496107680878 0
802 0.472934283198231 0.950697501176893 0
803 0.473034750891788 0.54991878316055 0
804 0.473977616316375 0.0470990451789963 0
805 0.47405020532812 0.0985879023244086 0
806 0.474070387561493 0.159016894087987 0
807 0.474300069442363 0.252146641855363 0
808 0.47610075589579 0.762817312722052 0
809 0.476172889200867 0.667140605660715 0
810 0.476297920029933 0.523453696837296 0
811 0.477647785694649 0.275987801807822 0
812 0.478451973053617 0.304087599016748 0
813 0.479256160412585 0.332187396225675 0
814 0.479561089168078 0.496988610514042 0
815 0.47981857685307 0.876207901079717 0
816 0.479886950658689 0.469838205546414 0
817 0.480060347771553 0.360287193434601 0
818 0.4802128121493 0.442687800578785 0
819 0.48053867363991 0.415537395611156 0
820 0.480864535130521 0.388386990643528 0
821 0.481697775277493 0.643100760389415 0
822 0.483452487582595 0.737407747630738 0
823 0.483883854437483 0.137410626177989 0
824 0.485086573079577 0.844810940083575 0
825 0.486467141600076 0.975348750588446 0
826 0.486988808157528 0.0235495225894982 0
827 0.4871792025742 0.926046251765339 0
828 0.487222661354119 0.619060915118115 0
829 0.488744202252918 0.0706485677684945 0
830 0.48907933536782 0.18560672001409 0
831 0.490169812761042 0.710380156301255 0
832 0.490354569306084 0.813413979087434 0
833 0.492427051620106 0.209447879966549 0
834 0.492988988478589 0.592535150467233 0
835 0.493697321313472 0.115804358267991 0
836 0.49562256553259 0.782017018091292 0
837 0.495774767872392 0.233289039919008 0
838 0.496252157616734 0.56607006414398 0
839 0.496887137939489 0.683352564971772 0
840 0.498892802243809 0.164000452104092 0
841 0.499122484124679 0.257130199871468 0
842 0.499515326754879 0.539604977820726 0
843 0.499999999998681 0 0
844 0.50000000000192 1 0
845 0.50071206097601 0.950697501176893 0
846 0.501424121950169 0.901395002353785 0
847 0.50175539409411 0.0470990451789963 0
848 0.501767600390912 0.289224739010882 0
849 0.502412024016114 0.659312719700472 0
850 0.50257178774988 0.317324536219808 0
851 0.502778495893025 0.513139891497472 0
852 0.502974297219396 0.756607452999978 0
853 0.503375975108848 0.345424333428735 0
854 0.503510788189462 0.0941980903579926 0
855 0.504180162467816 0.373524130637661 0
856 0.504687397817422 0.484824402608862 0
857 0.505013259308033 0.457673997641233 0
858 0.505339120798644 0.430523592673605 0
859 0.505664982289255 0.403373187705976 0
860 0.506692118176675 0.869998041357643 0
861 0.50793691009274 0.635272874429172 0
862 0.508706269119799 0.142394184194093 0
863 0.509691622397842 0.729579861670495 0
864 0.511960114403182 0.838601080361501 0
865 0.513703237217211 0.60874710977829 0
866 0.513901750050135 0.190590278030194 0
867 0.514244919377821 0.975348750588446 0
868 0.514766585935302 0.0235495225894982 0
869 0.514956980351939 0.926046251765339 0
870 0.516408947576289 0.702552270341012 0
871 0.516521980030692 0.0706485677684945 0
872 0.517228110629689 0.80720411936536 0
873 0.517249466302422 0.214431437982654 0
874 0.518519735995788 0.120787916284095 0
875 0.519469564341681 0.582221345127409 0
876 0.520597182554708 0.238272597935113 0
877 0.522496106856196 0.775807158369218 0
878 0.522732733479826 0.555756258804155 0
879 0.523126272754735 0.675524679011529 0
880 0.523242298820941 0.270367137074527 0
881 0.523715216926125 0.168984010120196 0
882 0.525887415087175 0.302461676213941 0
883 0.525995902617971 0.529291172480901 0
884 0.526691602446143 0.330561473422868 0
885 0.527495789805111 0.358661270631794 0
886 0.527777777776532 0 0
887 0.527777777779597 1 0
888 0.527904804542369 0.500975683592291 0
889 0.528270073206454 0.887344626459996 0
890 0.52848983875371 0.950697501176893 0
891 0.528651158831361 0.651484833740229 0
892 0.528845869240732 0.909710781428363 0
893 0.52898060962655 0.388510327700109 0
894 0.529213432034643 0.748779567039735 0
895 0.529533171871923 0.0470990451789963 0
896 0.529813706466767 0.472660194703681 0
897 0.530139567957378 0.445509789736053 0
898 0.530382083741208 0.0940863583258992 0
899 0.530465429447989 0.418359384768424 0
900 0.533528683802114 0.147377742210198 0
901 0.533538069432961 0.855947665463854 0
902 0.534417485955832 0.624959069089348 0
903 0.535930757213089 0.721751975710252 0
904 0.538724164732451 0.195573836046299 0
905 0.538806065659467 0.824550704467713 0
906 0.540183813080302 0.598433304438466 0
907 0.542022697155481 0.975348750588446 0
908 0.542071880984737 0.219414995998758 0
909 0.542378727642503 0.934362030839916 0
910 0.542544363713153 0.0235495225894982 0
911 0.542648082391536 0.694724384380769 0
912 0.543393275582438 0.070536835736401 0
913 0.544074061885974 0.793153743471571 0
914 0.544716997250971 0.251509535138172 0
915 0.545391031547534 0.120676184252002 0
916 0.545950140204773 0.571907539787584 0
917 0.547362113517204 0.283604074277586 0
918 0.548097317846465 0.767472955525109 0
919 0.54853763160844 0.173967568136301 0
920 0.549213309342918 0.54544245346433 0
921 0.549365407569982 0.667696793051287 0
922 0.550007229783438 0.315698613417001 0
923 0.550811417142406 0.343798410625927 0
924 0.551122211267316 0.51712696457572 0
925 0.552296236963844 0.373647467694242 0
926 0.553031113191714 0.488811475687111 0
927 0.553781056785283 0.403496524762557 0
928 0.554814643024911 0.740445364195626 0
929 0.554940015116111 0.460495986798501 0
930 0.555116024462739 0.873294250566207 0
931 0.555131734694453 0.641171028400405 0
932 0.555265876606722 0.433345581830872 0
933 0.555555555554383 0 0
934 0.555555555557251 1 0
935 0.555691820497017 0.895660405534574 0
936 0.555911586044273 0.95901328025147 0
937 0.556267616531295 0.91802656050294 0
938 0.556404467423669 0.0469873131469028 0
939 0.557253379292954 0.0939746262938057 0
940 0.560384020689246 0.841897289570065 0
941 0.56039997935386 0.147266010178105 0
942 0.560898061818924 0.614645263749523 0
943 0.561531968203358 0.713417772866143 0
944 0.563546579414767 0.200557394062403 0
945 0.565652016915753 0.810500328573924 0
946 0.566191695681 0.232651933201818 0
947 0.566664388943394 0.588119499098641 0
948 0.568249293381805 0.68639018153666 0
949 0.568836811947234 0.264746472341232 0
950 0.569415659264899 0.0234377905574047 0
951 0.569444444446044 0.983664529663024 0
952 0.569675272876243 0.784819540627462 0
953 0.569800474933066 0.942677809914494 0
954 0.570264571134184 0.0704251037043075 0
955 0.571481928213467 0.296841011480646 0
956 0.57226232709928 0.120564452219908 0
957 0.572430716067865 0.561593734447759 0
958 0.573698528836734 0.759138752680999 0
959 0.5741270444797 0.32893555062006 0
960 0.574339617992263 0.53327824555915 0
961 0.575408927160187 0.173855836104207 0
962 0.57554453051073 0.660528683137946 0
963 0.575611864301139 0.358784607688375 0
964 0.57624851991666 0.50496275667054 0
965 0.577096684122578 0.38863366475669 0
966 0.578157421841058 0.47664726778193 0
967 0.578581503944017 0.418482721825005 0
968 0.580066323765456 0.44833177889332 0
969 0.58041585401518 0.732111161351517 0
970 0.581310857635201 0.634002918487065 0
971 0.581961975719024 0.859243874672418 0
972 0.582537771753302 0.881610029640785 0
973 0.58311356778758 0.903976184609151 0
974 0.583275762975415 0.0468755811148094 0
975 0.583333333332234 0 0
976 0.583333333334837 0.967329059326048 0
977 0.583333333334917 1 0
978 0.583689363821858 0.926342339577518 0
979 0.5841246748447 0.0938628942617122 0
980 0.587077184759671 0.607477153836183 0
981 0.587133179193627 0.705083570022034 0
982 0.587229971945531 0.827846913676277 0
983 0.587271274905606 0.147154278146011 0
984 0.589327524607748 0.194423499271449 0
985 0.589845807986114 0.219120157523906 0
986 0.591253227906021 0.802166125729814 0
987 0.592490924252347 0.251214696663321 0
988 0.592843511884142 0.580951389185301 0
989 0.594428416322552 0.67922207162332 0
990 0.59513604051858 0.283309235802735 0
991 0.595276483866512 0.776485337783352 0
992 0.59713586668593 0.070313371672214 0
993 0.59719343704275 0.0234377905574047 0
994 0.597222222223629 0.950993588989071 0
995 0.597222222223691 0.983664529663024 0
996 0.597781156784814 0.315403774942149 0
997 0.599133622651026 0.120452720187815 0
998 0.599299739827003 0.75080454983689 0
999 0.599723027776392 0.345020837110658 0
1000 0.601189872353168 0.167721941313253 0
1001 0.601207847597831 0.374869894178973 0
1002 0.601723653451477 0.653360573224606 0
1003 0.602247153517577 0.552904624439857 0
1004 0.60269266741927 0.404718951247288 0
1005 0.604156055441974 0.524589135551247 0
1006 0.604177487240709 0.434568008315603 0
1007 0.606017065005449 0.723776958507408 0
1008 0.606064957366372 0.496273646662637 0
1009 0.607489980575948 0.626834808573724 0
1010 0.60797385929077 0.467958157774027 0
1011 0.608807926975309 0.84519349877863 0
1012 0.609383723009587 0.867559653746996 0
1013 0.609959519043865 0.889925808715363 0
1014 0.610535315078144 0.912291963683729 0
1015 0.610995970396446 0.0937511622296187 0
1016 0.611053540753266 0.0468755811148094 0
1017 0.611111111110085 0 0
1018 0.611111111112422 0.934658118652095 0
1019 0.611111111112449 0.967329059326048 0
1020 0.611111111112511 1 0
1021 0.6128311829358 0.819512710832167 0
1022 0.613052220098588 0.141020383355057 0
1023 0.613256307700419 0.600309043922842 0
1024 0.613312302134374 0.697915460108694 0
1025 0.615108469800729 0.188289604480494 0
1026 0.615626753179095 0.212986262732952 0
1027 0.616145036557461 0.237682920985409 0
1028 0.61685443889629 0.793831922885705 0
1029 0.618790152823694 0.269777460124823 0
1030 0.620607539263299 0.67205396170998 0
1031 0.620877694856781 0.768151134939243 0
1032 0.621435269089928 0.301871999264238 0
1033 0.622659949333853 0.572262279177398 0
1034 0.623377140081505 0.331489061432747 0
1035 0.624900950817271 0.742470346992781 0
1036 0.624913644463781 0.070313371672214 0
1037 0.624914567844007 0.11431882539686 0
1038 0.624971214820601 0.0234377905574047 0
1039 0.625000000001214 0.950993588989071 0
1040 0.62500000000125 0.983664529663024 0
1041 0.625319011073084 0.361106123601256 0
1042 0.626803830894522 0.390955180669571 0
1043 0.626970817546149 0.161588046522298 0
1044 0.627902776392225 0.646192463311266 0
1045 0.628288650715961 0.420804237737886 0
1046 0.629360821860377 0.835380644822752 0
1047 0.632063590967288 0.544215514431954 0
1048 0.632085022766022 0.45419438719631 0
1049 0.632196187946197 0.716608848594067 0
1050 0.633334508000235 0.859517985259282 0
1051 0.633384077820868 0.80969985687629 0
1052 0.633669103516695 0.619666698660384 0
1053 0.633910304034513 0.881884140227648 0
1054 0.633972492891686 0.515900025543344 0
1055 0.634486100068791 0.904250295196014 0
1056 0.635061896103069 0.926616450164381 0
1057 0.635881394816083 0.487584536654735 0
1058 0.637407333781358 0.784019068929828 0
1059 0.637752125234599 0.0946198712557107 0
1060 0.638831318531117 0.0468755811148094 0
1061 0.638833165291569 0.134886488564102 0
1062 0.638888888887936 0 0
1063 0.638888888890007 0.967329059326048 0
1064 0.638888888890034 1 0
1065 0.639491425075122 0.690747350195353 0
1066 0.640889414993711 0.18215570968954 0
1067 0.641407698372076 0.206852367941997 0
1068 0.641430589741849 0.758338280983366 0
1069 0.641925981750442 0.231549026194455 0
1070 0.642444265128808 0.256245684446912 0
1071 0.64307274515013 0.59161993391494 0
1072 0.645089381395041 0.288340223586326 0
1073 0.646786662204047 0.66488585179664 0
1074 0.647031252386619 0.317957285754835 0
1075 0.648950784991862 0.942951920501357 0
1076 0.648973123378197 0.347574347923344 0
1077 0.649913716745445 0.825567790866875 0
1078 0.650914994369775 0.377191410091853 0
1079 0.651669799301935 0.071182080698306 0
1080 0.651670722682161 0.115187534422952 0
1081 0.652370067352482 0.736723667191915 0
1082 0.652399814191214 0.407040467160168 0
1083 0.652476386783565 0.563573169169496 0
1084 0.652748992598452 0.0234377905574047 0
1085 0.652751762739131 0.155454151731344 0
1086 0.652777777778799 0.983664529663024 0
1087 0.653887402885303 0.849705131303404 0
1088 0.653936972705936 0.799887002920413 0
1089 0.654081899332972 0.639024353397926 0
1090 0.656196186241275 0.440430616618593 0
1091 0.657861089025161 0.873842471739933 0
1092 0.657960228666426 0.774206214973951 0
1093 0.658436885059439 0.8962086267083 0
1094 0.659012681093717 0.918574781676666 0
1095 0.659665304481408 0.710862168793201 0
1096 0.659992558291336 0.473820766077017 0
1097 0.661880028416999 0.535526404424052 0
1098 0.662839673880654 0.959287390838333 0
1099 0.663485540966407 0.610977588652481 0
1100 0.663788930341397 0.507210915535442 0
1101 0.664508280072752 0.0954885802818026 0
1102 0.66558747336927 0.0477442901409013 0
1103 0.665589320129722 0.135755197590194 0
1104 0.666666666665787 0 0
1105 0.666666666667592 1 0
1106 0.666670360186692 0.176021814898585 0
1107 0.666960541610333 0.685000670394487 0
1108 0.667188643565058 0.200718473151043 0
1109 0.667706926943423 0.2254151314035 0
1110 0.668225210321789 0.250111789655958 0
1111 0.668743493700155 0.274808447908415 0
1112 0.66889970627706 0.7525916011825 0
1113 0.670466611630513 0.815754936910998 0
1114 0.670685364691733 0.304425510076924 0
1115 0.672627235683311 0.334042572245433 0
1116 0.672889182599842 0.582930823907037 0
1117 0.67290156998251 0.934910252013643 0
1118 0.674255778739258 0.659139171995773 0
1119 0.674440297770371 0.839892277347527 0
1120 0.674489867591004 0.790074148964536 0
1121 0.674569106674889 0.363659634413942 0
1122 0.675597044912832 0.634819591969004 0
1123 0.676510977666467 0.393276696582451 0
1124 0.676728562769447 0.975622861175309 0
1125 0.678413983910229 0.864029617784056 0
1126 0.678425954140088 0.0720507897243979 0
1127 0.678426877520314 0.116056243449044 0
1128 0.679505147436605 0.0243064995834966 0
1129 0.679507917577284 0.156322860757436 0
1130 0.679839183887693 0.730976987391049 0
1131 0.680307349716528 0.426666846040876 0
1132 0.682292824233276 0.554884059161593 0
1133 0.682387670050087 0.888166958220585 0
1134 0.682963466084365 0.910533113188952 0
1135 0.684103721766589 0.4600569954993 0
1136 0.685000686546266 0.60677282722356 0
1137 0.685429345201637 0.768459535173085 0
1138 0.686790458871302 0.951245722350619 0
1139 0.687134421016619 0.705115488992335 0
1140 0.68790009381665 0.493447144957725 0
1141 0.691019506515581 0.80594208295512 0
1142 0.691264434910906 0.0963572893078945 0
1143 0.691696465866711 0.526837294416149 0
1144 0.692343628207423 0.0486129991669932 0
1145 0.692345474967876 0.136623906616286 0
1146 0.693018494283356 0.182324703094826 0
1147 0.693536777661722 0.207021361347283 0
1148 0.694055061040088 0.23171801959974 0
1149 0.694404328179701 0.578726062478116 0
1150 0.694429658145544 0.679253990593621 0
1151 0.694444444443639 0 0
1152 0.694444444445146 1 0
1153 0.694573344418453 0.256414677852198 0
1154 0.694993192655439 0.83007942339165 0
1155 0.695038379249996 0.28947122988509 0
1156 0.695770924319117 0.654934410566852 0
1157 0.696368822812271 0.746844921381634 0
1158 0.696852354973157 0.926868583525928 0
1159 0.696980250241574 0.319088292053599 0
1160 0.697112190492691 0.630614830540082 0
1161 0.698922121233152 0.348705354222108 0
1162 0.698966878795297 0.854216763828179 0
1163 0.700863992224731 0.378322416390617 0
1164 0.701251205134614 0.406634127867643 0
1165 0.701958984126215 0.784327469163669 0
1166 0.702940564935155 0.878354104264708 0
1167 0.703807969813136 0.550679297732671 0
1168 0.704506340547014 0.975622861175309 0
1169 0.705047577184674 0.440024277326068 0
1170 0.705182108978241 0.0729194987504898 0
1171 0.705183032358467 0.116924952475136 0
1172 0.705856051673948 0.162625748953676 0
1173 0.706515832126126 0.602568065794638 0
1174 0.706914251075013 0.902491444701237 0
1175 0.707282925214457 0.0243064995834966 0
1176 0.707308300422905 0.725230307590183 0
1177 0.708843949234736 0.473414426784492 0
1178 0.712640321284797 0.506804576242917 0
1179 0.712898461736848 0.762712855372219 0
1180 0.713188876574735 0.809474436344749 0
1181 0.714568236648875 0.951245722350619 0
1182 0.71460353755183 0.699368809191469 0
1183 0.71591947375956 0.574521301049194 0
1184 0.715944803725403 0.6750492291647 0
1185 0.717162562714593 0.833611776781279 0
1186 0.717286069898977 0.65072964913793 0
1187 0.718020589749059 0.0972259983339864 0
1188 0.71862733607255 0.62641006911116 0
1189 0.71869360906454 0.142926794812526 0
1190 0.718754630546169 0.535405007874377 0
1191 0.719366628380021 0.188627591291066 0
1192 0.719884911758387 0.213324249543523 0
1193 0.720121405985274 0.0486129991669932 0
1194 0.720403195136752 0.238020907795981 0
1195 0.720868229968295 0.271077459828873 0
1196 0.721136248854451 0.857749117217808 0
1197 0.721333264799838 0.304134011861765 0
1198 0.72222222222149 0 0
1199 0.72222222222275 1 0
1200 0.723275135791416 0.333751074030274 0
1201 0.723837939347482 0.741098241580768 0
1202 0.724128354185369 0.787859822553299 0
1203 0.724630132750743 0.926868583525928 0
1204 0.725109934994309 0.881886457654337 0
1205 0.725217006782994 0.363368136198783 0
1206 0.725604219692877 0.391679847675809 0
1207 0.72599143260276 0.419991559152836 0
1208 0.728030977705985 0.598363304365716 0
1209 0.729787804652821 0.45338170861126 0
1210 0.730866134492593 0.559247011190899 0
1211 0.731531166455132 0.123227840671376 0
1212 0.732204185770613 0.168928637149916 0
1213 0.732284118324605 0.975622861175309 0
1214 0.732959886756092 0.0729194987504898 0
1215 0.733584176702882 0.486771858069685 0
1216 0.734777416958116 0.719483627789317 0
1217 0.735060702992308 0.0243064995834966 0
1218 0.735067831796002 0.766245208761848 0
1219 0.735358246633889 0.813006789734378 0
1220 0.736118683131689 0.695164047762547 0
1221 0.737045450542275 0.904277362398215 0
1222 0.737459949305263 0.670844467735778 0
1223 0.738801215478836 0.646524887709008 0
1224 0.739331932773747 0.837144130170908 0
1225 0.739698485964254 0.515372289701145 0
1226 0.74014248165241 0.622205307682239 0
1227 0.742346014426472 0.951245722350619 0
1228 0.742977638439018 0.583089014507422 0
1229 0.743305618913605 0.861281470607437 0
1230 0.744769717365631 0.0953306346266574 0
1231 0.745041743161204 0.149229683008766 0
1232 0.745714762476685 0.194930479487306 0
1233 0.745812795225626 0.543972721332605 0
1234 0.746007309406636 0.744630594970397 0
1235 0.746233045855051 0.219627137739763 0
1236 0.746297724244523 0.791392175942928 0
1237 0.746698080686594 0.252683689772656 0
1238 0.747163115518137 0.285740241805548 0
1239 0.74762815034968 0.31879679383844 0
1240 0.747899183763125 0.0486129991669932 0
1241 0.749570021341258 0.348413856006949 0
1242 0.749957234251141 0.376725567483976 0
1243 0.749999999999341 0 0
1244 0.750000000000328 1 0
1245 0.750344447161024 0.405037278961002 0
1246 0.750731660070907 0.433348990438028 0
1247 0.754528032120968 0.466739139896453 0
1248 0.754761332218004 0.928654501222905 0
1249 0.755089142385443 0.606931017823944 0
1250 0.755241134461571 0.883672375351314 0
1251 0.756139938098514 0.705755999481673 0
1252 0.757237201855156 0.769777562151477 0
1253 0.757481204272088 0.681436419454903 0
1254 0.757527616693043 0.816539143124007 0
1255 0.757924299172051 0.567814724649128 0
1256 0.758205312335712 0.727080170521924 0
1257 0.758280294071704 0.121332476964047 0
1258 0.758552319867277 0.175231525346156 0
1259 0.758822470445661 0.657116839428134 0
1260 0.759709014372664 0.0710241350431608 0
1261 0.760061896102202 0.975622861175309 0
1262 0.760163736619235 0.632797259401364 0
1263 0.76064234138234 0.495339571527913 0
1264 0.761501302832901 0.840676483560537 0
1265 0.762838480770158 0.0243064995834966 0
1266 0.766756650643712 0.523940003159373 0
1267 0.767176650009537 0.906063280095192 0
1268 0.768467094303677 0.794924529332557 0
1269 0.769435204784232 0.752227137703004 0
1270 0.770035803118476 0.59165672796565 0
1271 0.771518844982203 0.0934352709193284 0
1272 0.771790870777776 0.147334319301437 0
1273 0.77206289657335 0.201233367683546 0
1274 0.772477213893734 0.953031640047596 0
1275 0.772527931404893 0.234289919716438 0
1276 0.772870959905084 0.552540434790833 0
1277 0.772992966236436 0.267346471749331 0
1278 0.773436818380867 0.863067388304414 0
1279 0.773458001067979 0.300403023782223 0
1280 0.773923035899521 0.333459575815115 0
1281 0.774310248809405 0.361771287292142 0
1282 0.774648311379697 0.0467176354596642 0
1283 0.774697461719288 0.390082998769168 0
1284 0.775084674629171 0.418394710246194 0
1285 0.775110397352268 0.61752296954307 0
1286 0.775471887539054 0.446706421723221 0
1287 0.777502459238912 0.692028371174028 0
1288 0.777777777777192 0 0
1289 0.777777777777932 1 0
1290 0.778843725412486 0.667708791147259 0
1291 0.77956783347611 0.713352542214279 0
1292 0.779696986752197 0.820071496513637 0
1293 0.780184991586059 0.643389211120489 0
1294 0.780665097232752 0.777374104884083 0
1295 0.781586196800426 0.475306853354681 0
1296 0.781633207713308 0.73467671325453 0
1297 0.784892531685267 0.930440418919882 0
1298 0.784982463851509 0.576382438107356 0
1299 0.785029421688276 0.119437113256718 0
1300 0.785301447483849 0.173336161638827 0
1301 0.785372333928833 0.885458293048291 0
1302 0.786458141989236 0.0691287713358318 0
1303 0.787700506061798 0.503907284986141 0
1304 0.78958760838673 0.0224111358761676 0
1305 0.790057058085301 0.602248679684776 0
1306 0.790193095569464 0.977408778872286 0
1307 0.791632502300163 0.842462401257514 0
1308 0.791894989681273 0.802521072065163 0
1309 0.792863100161828 0.75982368043561 0
1310 0.79381481532317 0.532507716617601 0
1311 0.795131652319092 0.628114921262195 0
1312 0.797307849476799 0.907849197792169 0
1313 0.798267972598775 0.0915399072119994 0
1314 0.798539998394348 0.145438955594108 0
1315 0.798864980379311 0.678300742866384 0
1316 0.799929124584542 0.561108148249062 0
1317 0.800206246552884 0.653981162839615 0
1318 0.800882008223198 0.220204214472331 0
1319 0.800930354616508 0.699624913906635 0
1320 0.801347043054741 0.253260766505223 0
1321 0.801397438996269 0.0448222717523352 0
1322 0.801476027506826 0.34737834614958 0
1323 0.801812077886284 0.286317318538115 0
1324 0.801863240416709 0.375690057626606 0
1325 0.802250453326592 0.404001769103632 0
1326 0.802277112717827 0.319373870571008 0
1327 0.802608413360996 0.954817557744573 0
1328 0.802637666236475 0.432313480580659 0
1329 0.802995728853706 0.720949084946886 0
1330 0.803568017848129 0.864853306001391 0
1331 0.803699114868073 0.191834024196101 0
1332 0.804092992610349 0.78497064761669 0
1333 0.805003718818334 0.586974389826481 0
1334 0.805061103090904 0.742273255987137 0
1335 0.805555555555043 0 0
1336 0.805555555555563 1 0
1337 0.806297644077877 0.460114130442686 0
1338 0.808413036320825 0.821206140080156 0
1339 0.810078313052125 0.612840631403901 0
1340 0.811778549304848 0.117541749549389 0
1341 0.812411953339248 0.488714562074146 0
1342 0.813207269605808 0.0672334076285028 0
1343 0.815023731152528 0.932226336616859 0
1344 0.815152907285917 0.638706872981321 0
1345 0.815503533396095 0.887244210745269 0
1346 0.816290995539425 0.767420223168217 0
1347 0.816937665778572 0.163936818151382 0
1348 0.817365386164582 0.0224111358761676 0
1349 0.817970873347095 0.977408778872286 0
1350 0.818526262600621 0.517314993705607 0
1351 0.820227501519709 0.66457311455874 0
1352 0.820348551868791 0.843597044824033 0
1353 0.820611039249901 0.803655715631683 0
1354 0.822292875756907 0.685897285598991 0
1355 0.824358249994105 0.707221456639242 0
1356 0.824640571861992 0.545915425337067 0
1357 0.825017100215347 0.0896445435046704 0
1358 0.826222733394631 0.573816013279552 0
1359 0.826423624231303 0.728545627679493 0
1360 0.827439048944061 0.909635115489146 0
1361 0.8284889984685 0.749869798719744 0
1362 0.82902901911413 0.361297116484044 0
1363 0.82917521677412 0.0448222717523352 0
1364 0.829416232024013 0.38960882796107 0
1365 0.829701119873047 0.239175061261115 0
1366 0.829803444933896 0.417920539438097 0
1367 0.829830104325131 0.333292640905472 0
1368 0.83016615470459 0.272231613294008 0
1369 0.830176216689071 0.136039612106663 0
1370 0.830386191138622 0.954817557744573 0
1371 0.830631189536133 0.3052881653269 0
1372 0.831297327628423 0.599682254856971 0
1373 0.832284067416757 0.865987949567911 0
1374 0.832518226517921 0.210804870984886 0
1375 0.832809042178977 0.786105291183209 0
1376 0.833333333332894 0 0
1377 0.83333333333319 1 0
1378 0.833463422775297 0.445721189300124 0
1379 0.835335333162796 0.182434680708656 0
1380 0.836371921862215 0.625548496434391 0
1381 0.837123400616699 0.473521839162152 0
1382 0.837129085889453 0.822340783646675 0
1383 0.840985047383659 0.0672334076285028 0
1384 0.841446516096007 0.651414738011811 0
1385 0.842436238863991 0.677955861303396 0
1386 0.842801508930152 0.932226336616859 0
1387 0.843237709878071 0.502122270793612 0
1388 0.843414767599571 0.108142406061944 0
1389 0.844219582964723 0.888378854311788 0
1390 0.844501613101189 0.699280032343647 0
1391 0.845007045108052 0.768554866734736 0
1392 0.845143163942432 0.0224111358761676 0
1393 0.845748651124713 0.977408778872286 0
1394 0.846566987338387 0.720604203383898 0
1395 0.847798680513863 0.0881975522761195 0
1396 0.848573884073295 0.154537474663937 0
1397 0.848632361575585 0.741928374424148 0
1398 0.849064601437419 0.844731688390553 0
1399 0.849327088818528 0.804790359198202 0
1400 0.849352019139443 0.530722702425072 0
1401 0.85024454205329 0.911891591962116 0
1402 0.850934180672082 0.558623290367557 0
1403 0.85251634220472 0.586523878310042 0
1404 0.856582010721433 0.375215886818509 0
1405 0.856952994551971 0.0448222717523352 0
1406 0.856969223631317 0.403527598295535 0
1407 0.857383095932435 0.347211411239936 0
1408 0.857590936438512 0.612390119887461 0
1409 0.858163968916243 0.954817557744573 0
1410 0.858184181143437 0.319206935661364 0
1411 0.858520231522896 0.2581459080499 0
1412 0.858985266354439 0.291202460082792 0
1413 0.860629201472718 0.431328248157562 0
1414 0.861000116985384 0.86712259313443 0
1415 0.861111111110745 0 0
1416 0.861111111110802 1 0
1417 0.86133733816777 0.22977571777367 0
1418 0.861525091747604 0.787239934749729 0
1419 0.861812434983794 0.126640268619218 0
1420 0.862665530672304 0.638256361464881 0
1421 0.863655253440289 0.664797484756466 0
1422 0.863766627682175 0.0657864163999519 0
1423 0.864154444812644 0.201405527497441 0
1424 0.86428917931412 0.45912889801959 0
1425 0.864644976208274 0.691338608048051 0
1426 0.865150408215137 0.760613442439141 0
1427 0.865607002039382 0.934482813089829 0
1428 0.865845135458081 0.823475427213195 0
1429 0.866196347898087 0.106695414833393 0
1430 0.866710350445472 0.712662779088302 0
1431 0.866971551457519 0.173035337221211 0
1432 0.867025076073952 0.890635330784758 0
1433 0.867949157155522 0.486929547881617 0
1434 0.868775724682669 0.733986950128553 0
1435 0.870580260812379 0.0867505610475685 0
1436 0.872920941720284 0.0224111358761676 0
1437 0.87305003516252 0.914148068435086 0
1438 0.873526428902335 0.977408778872286 0
1439 0.874063466416894 0.515529979513077 0
1440 0.875645627949532 0.543430567455562 0
1441 0.877227789482171 0.571331155398047 0
1442 0.877780651006047 0.845866331957072 0
1443 0.878043138387156 0.805925002764721 0
1444 0.878809951014809 0.599231743340532 0
1445 0.879734574850488 0.0433752805237843 0
1446 0.880210102368018 0.145138131176492 0
1447 0.880969462025473 0.957074034217543 0
1448 0.881668454854689 0.779298510454134 0
1449 0.883805610094614 0.8693790696074 0
1450 0.883884545248601 0.625097984917952 0
1451 0.884135002328738 0.389134657152973 0
1452 0.884594015282311 0.125193277390667 0
1453 0.884874268016586 0.651639108209537 0
1454 0.884936087539739 0.361130181574401 0
1455 0.885293771322221 0.752672018143546 0
1456 0.885737172750741 0.333125705995829 0
1457 0.885863990784571 0.678180231501122 0
1458 0.886538257961743 0.305121230417256 0
1459 0.886548207980691 0.064339425171401 0
1460 0.886853713552556 0.704721354792707 0
1461 0.887339343172745 0.277116754838684 0
1462 0.887794980170139 0.416935307015 0
1463 0.888412495148612 0.936739289562799 0
1464 0.888888888888426 1 0
1465 0.888888888888596 0 0
1466 0.888919087789754 0.726045525832958 0
1467 0.888977928196603 0.105248423604843 0
1468 0.889830569183182 0.892891807257728 0
1469 0.890156449817619 0.248746564562455 0
1470 0.891454958011541 0.444735956877028 0
1471 0.892973556462493 0.220376374286225 0
1472 0.893361841110896 0.0853035698190176 0
1473 0.894561185026708 0.824610070779714 0
1474 0.895114935852943 0.472536606739055 0
1475 0.8957025220188 0.0209641446476167 0
1476 0.895790663107367 0.192006184009996 0
1477 0.89585552827175 0.916404544908055 0
1478 0.896331922011565 0.979665255345256 0
1479 0.898186501494241 0.797983578469126 0
1480 0.898607769752242 0.163635993733766 0
1481 0.898774913694344 0.500337256601082 0
1482 0.900357075226983 0.528237844543567 0
1483 0.900586144115276 0.848122808430042 0
1484 0.901811817961773 0.771357086158538 0
1485 0.901939236759622 0.556138432486052 0
1486 0.902516155149004 0.0419282892952334 0
1487 0.902991682666534 0.143691139947941 0
1488 0.90352139829226 0.584039020428537 0
1489 0.903774955134703 0.959330510690513 0
1490 0.905103559824898 0.611939608371022 0
1491 0.905437134429306 0.74473059384795 0
1492 0.906093282592883 0.638480731662607 0
1493 0.906611103203844 0.87163554608037 0
1494 0.907083005360868 0.665021854954192 0
1495 0.907375595580827 0.123746286162116 0
1496 0.908072728128853 0.691562978245778 0
1497 0.909062450896838 0.718104101537363 0
1498 0.909329788279208 0.06289243394285 0
1499 0.911217988257841 0.938995766035769 0
1500 0.911759508495119 0.103801432376292 0
1501 0.912636062292412 0.895148283730697 0
1502 0.913101251746553 0.402962103975552 0
1503 0.913101251746553 0.375184326197855 0
1504 0.913902336957555 0.347179850619283 0
1505 0.914703422168557 0.319175375040711 0
1506 0.915504507379558 0.263393121684442 0
1507 0.915504507379558 0.291170899462138 0
1508 0.916143421409412 0.0838565785904667 0
1509 0.916666666666296 1 0
1510 0.916666666666447 0 0
1511 0.916761229587955 0.430762753837579 0
1512 0.918321614024433 0.235022931408212 0
1513 0.918661021380979 0.918661021381025 0
1514 0.920421207429357 0.458563403699606 0
1515 0.920920888770031 0.812901997529083 0
1516 0.920920888770031 0.840679775306934 0
1517 0.921138720669307 0.206652741131983 0
1518 0.923480299796651 0.0209641446476167 0
1519 0.923955827314181 0.178282550855753 0
1520 0.923955827314181 0.150504773078052 0
1521 0.924081185270758 0.486364053561634 0
1522 0.924081185270758 0.514141831339407 0
1523 0.924109699789444 0.979665255345256 0
1524 0.924546205237564 0.786275505218496 0
1525 0.925663346803397 0.542042419281892 0
1526 0.926945847858599 0.864192512957262 0
1527 0.927245508336035 0.569943007224377 0
1528 0.928171521705096 0.759649012907908 0
1529 0.928339740228474 0.130559919292227 0
1530 0.928827669868674 0.625621372944713 0
1531 0.928827669868674 0.597843595166862 0
1532 0.929817392636659 0.652162496236298 0
1533 0.930293932926855 0.0419282892952334 0
1534 0.930807115404644 0.678703619527884 0
1535 0.931552732912596 0.959330510690513 0
1536 0.931796838172629 0.705244742819469 0
1537 0.931796838172629 0.73302252059732 0
1538 0.932723653142766 0.110615065506402 0
1539 0.932970806947167 0.88770525060759 0
1540 0.937107566057059 0.0906702117205771 0
1541 0.937107566057059 0.06289243394285 0
1542 0.938995766035735 0.938995766035769 0
1543 0.938995766035735 0.911217988257918 0
1544 0.942067501164369 0.416789550798131 0
1545 0.942067501164369 0.361233995242737 0
1546 0.942067501164369 0.389011773020434 0
1547 0.942868586375371 0.333229519664165 0
1548 0.943669671586372 0.249669488530199 0
1549 0.943669671586372 0.305225044085593 0
1550 0.943669671586372 0.277447266307896 0
1551 0.944444444444206 1 0
1552 0.944444444444298 0 0
1553 0.94572747900577 0.444590200660158 0
1554 0.946486778231247 0.22129929825397 0
1555 0.947280592513354 0.828971702056304 0
1556 0.947280592513354 0.801193924278453 0
1557 0.947280592513354 0.856749479834155 0
1558 0.949303884876121 0.19292910797774 0
1559 0.949303884876121 0.137373552422337 0
1560 0.949303884876121 0.165151330200043 0
1561 0.949387456847172 0.50016862829992 0
1562 0.949387456847172 0.472390850522185 0
1563 0.949387456847172 0.527946406077733 0
1564 0.950905908980887 0.774567431967865 0
1565 0.950969618379811 0.555846994020218 0
1566 0.951258077574502 0.0209641446476167 0
1567 0.951887477567361 0.979665255345256 0
1568 0.952551779912449 0.639303137518405 0
1569 0.952551779912449 0.583747581962703 0
1570 0.952551779912449 0.611525359740554 0
1571 0.953305551601922 0.880262217484483 0
1572 0.953541502680434 0.66584426080999 0
1573 0.953687797790413 0.117428698636512 0
1574 0.954531225448419 0.692385384101575 0
1575 0.954531225448419 0.747940939657277 0
1576 0.954531225448419 0.720163161879426 0
1577 0.958071710704706 0.0974838448506875 0
1578 0.958071710704706 0.0419282892952334 0
1579 0.958071710704706 0.069706067072958 0
1580 0.95933051069049 0.959330510690513 0
1581 0.95933051069049 0.903774955134811 0
1582 0.95933051069049 0.931552732912662 0
1583 0.971033750582184 0.375061442065316 0
1584 0.971033750582184 0.430616997620709 0
1585 0.971033750582184 0.347283664287619 0
1586 0.971033750582184 0.402839219843013 0
1587 0.971834835793186 0.235945855375957 0
1588 0.971834835793186 0.319279188709047 0
1589 0.971834835793186 0.29150141093135 0
1590 0.971834835793186 0.263723633153653 0
1591 0.97222222222213 1 0
1592 0.972222222222149 0 0
1593 0.973640296256677 0.817263628805673 0
1594 0.973640296256677 0.789485851027822 0
1595 0.973640296256677 0.872819184361375 0
1596 0.973640296256677 0.845041406583524 0
1597 0.97465194243806 0.207575665099727 0
1598 0.97465194243806 0.124242331766623 0
1599 0.97465194243806 0.152020109544334 0
1600 0.97465194243806 0.179797887322031 0
1601 0.974693728423586 0.458417647482736 0
1602 0.974693728423586 0.541750980816058 0
1603 0.974693728423586 0.486195425260433 0
1604 0.974693728423586 0.513973203038207 0
1605 0.976275889956225 0.652984902092096 0
1606 0.976275889956225 0.569651568758543 0
1607 0.976275889956225 0.597429346536394 0
1608 0.976275889956225 0.625207124314245 0
1609 0.97726561272421 0.679526025383681 0
1610 0.97726561272421 0.762859358717234 0
1611 0.97726561272421 0.707303803161532 0
1612 0.97726561272421 0.735081580939383 0
1613 0.979035855352353 0.104297477980798 0
1614 0.979035855352353 0.0209641446476167 0
1615 0.979035855352353 0.0487419224253399 0
1616 0.979035855352353 0.0765197002030638 0
1617 0.979665255345245 0.979665255345256 0
1618 0.979665255345245 0.896331922011703 0
1619 0.979665255345245 0.924109699789554 0
1620 0.979665255345245 0.951887477567405 0
1621 1 0 0
1622 1 1 0
1623 1 0.111111111110908 0
1624 1 0.222222222221714 0
1625 1 0.333333333332501 0
1626 1 0.444444444443288 0
1627 1 0.555555555554383 0
1628 1 0.666666666665787 0
1629 1 0.777777777777192 0
1630 1 0.888888888888596 0
1631 1 0.0277777777777253 0
1632 1 0.0555555555554422 0
1633 1 0.0833333333331731 0
1634 1 0.138888888888624 0
1635 1 0.166666666666321 0
1636 1 0.194444444444018 0
1637 1 0.249999999999411 0
1638 1 0.277777777777108 0
1639 1 0.305555555554804 0
1640 1 0.361111111110198 0
1641 1 0.388888888887894 0
1642 1 0.416666666665591 0
1643 1 0.472222222220985 0
1644 1 0.499999999998681 0
1645 1 0.527777777776532 0
1646 1 0.583333333332234 0
1647 1 0.611111111110085 0
1648 1 0.638888888887936 0
1649 1 0.694444444443639 0
1650 1 0.72222222222149 0
1651 1 0.749999999999341 0
1652 1 0.805555555555043 0
1653 1 0.833333333332894 0
1654 1 0.861111111110745 0
1655 1 0.916666666666447 0
1656 1 0.944444444444298 0
1657 1 0.972222222222149 0
