1 0 0 0
2 0 1 0
3 0 0.888888888888426 0
4 0 0.777777777777932 0
5 0 0.666666666667592 0
6 0 0.555555555557251 0
7 0 0.444444444446294 0
8 0 0.333333333334721 0
9 0 0.222222222223147 0
10 0 0.111111111111574 0
11 0 0.962962962962834 0
12 0 0.925925925925623 0
13 0 0.851851851851537 0
14 0 0.814814814814733 0
15 0 0.740740740741211 0
16 0 0.703703703704401 0
17 0 0.629629629630832 0
18 0 0.592592592594124 0
19 0 0.518518518520363 0
20 0 0.48148148148339 0
21 0 0.407407407409103 0
22 0 0.370370370371912 0
23 0 0.29629629629753 0
24 0 0.259259259260338 0
25 0 0.185185185185956 0
26 0 0.148148148148765 0
27 0 0.0740740740743824 0
28 0 0.0370370370371912 0
29 0.027112992873021 0.0641500299102716 0
30 0.027112992873021 0.0271129928730804 0
31 0.027112992873021 0.101187066947463 0
32 0.0271129928730495 0.898812933052568 0
33 0.0271129928730495 0.97288700712695 0
34 0.0271129928730495 0.935849970089769 0
35 0.0308229201045691 0.68303135997058 0
36 0.0308229201045691 0.75710543404414 0
37 0.0308229201045691 0.72006839700739 0
38 0.0313619275947544 0.166823606270359 0
39 0.0313619275947544 0.20386064330755 0
40 0.0313619275947544 0.129786569233168 0
41 0.0318663324797884 0.573715103206386 0
42 0.0318663324797884 0.647789177279946 0
43 0.0318663324797884 0.610752140243204 0
44 0.0320750149548457 0.462962962964787 0
45 0.0320750149548457 0.500000000001842 0
46 0.0320750149548457 0.537037037038758 0
47 0.0320750149548869 0.351851851853502 0
48 0.0320750149548869 0.425925925927884 0
49 0.0320750149548869 0.388888888890693 0
50 0.0320750149551127 0.314814814816125 0
51 0.0320750149551127 0.277777777778934 0
52 0.0320750149551127 0.240740740741743 0
53 0.0336012202293138 0.793730993283569 0
54 0.0336012202293138 0.867805067357232 0
55 0.0336012202293138 0.830768030320371 0
56 0.0370370370369653 0 0
57 0.0370370370371912 1 0
58 0.054225985746042 0.0542259857461609 0
59 0.054225985746042 0.0912630227833521 0
60 0.054225985746099 0.90873697721671 0
61 0.0542259857460991 0.945774014253901 0
62 0.0584749204677754 0.119862525069057 0
63 0.0607142131023633 0.877729111521374 0
64 0.0616458402091383 0.699396053273569 0
65 0.0616458402091383 0.736433090310349 0
66 0.0626892525843575 0.664153870582935 0
67 0.0627238551895089 0.185499064391954 0
68 0.0627238551895089 0.148462027354763 0
69 0.0634369425498671 0.222379161826146 0
70 0.0637326649595767 0.59187465085552 0
71 0.0637326649595767 0.6289116878923 0
72 0.0639413474346341 0.555196584687893 0
73 0.0641500299096915 0.48148148148328 0
74 0.0641500299096915 0.518518518520266 0
75 0.0641500299097326 0.444444444446377 0
76 0.0641500299097738 0.370370370372283 0
77 0.0641500299097738 0.407407407409474 0
78 0.0641500299099856 0.0271129928730804 0
79 0.0641500299099996 0.333333333334906 0
80 0.0641500299102254 0.29629629629753 0
81 0.0641500299102254 0.259259259260338 0
82 0.0641500299102407 0.97288700712695 0
83 0.064424140333883 0.773058649549778 0
84 0.0672024404586277 0.809684208789207 0
85 0.0672024404586277 0.846721245826038 0
86 0.0740740740739285 0 0
87 0.0740740740743824 1 0
88 0.0813389786190631 0.0813389786192413 0
89 0.0813389786191486 0.918661021380851 0
90 0.0855879133407965 0.109938480904947 0
91 0.0878272059754129 0.887653155685516 0
92 0.0898368480625299 0.138537983190652 0
93 0.0912630227830114 0.0542259857461609 0
94 0.0912630227832903 0.945774014253901 0
95 0.0924687603137074 0.715760746576557 0
96 0.0935121726889267 0.680518563885923 0
97 0.0940857827842633 0.167137485476357 0
98 0.0943154333316772 0.85664528999018 0
99 0.0945555850641459 0.645276381195289 0
100 0.0947988701446216 0.204017582910549 0
101 0.0952470604384521 0.752386305815986 0
102 0.0955119575049798 0.240897680344742 0
103 0.0955989974393651 0.610034198504655 0
104 0.0958076799144225 0.573356132337027 0
105 0.0960163623894798 0.5366780661694 0
106 0.0962250448645372 0.500000000001773 0
107 0.0962250448645783 0.46296296296487 0
108 0.0962250448646195 0.425925925927967 0
109 0.0962250448646607 0.388888888891064 0
110 0.0962250448648865 0.351851851853688 0
111 0.0962250448651123 0.314814814816311 0
112 0.0962250448653381 0.277777777778934 0
113 0.0980253605631968 0.789011865055415 0
114 0.100803660687941 0.825637424294844 0
115 0.10118706694696 0.0271129928730804 0
116 0.101187066947432 0.97288700712695 0
117 0.109449162010758 0.0850359866214045 0
118 0.109894371404505 0.914454175438921 0
119 0.111111111110908 0 0
120 0.111111111111574 1 0
121 0.113698096732491 0.11363548890711 0
122 0.11638259876077 0.883446309743585 0
123 0.11765965523237 0.72727982337068 0
124 0.117947031454225 0.142234991192815 0
125 0.119373206174706 0.0579229937483241 0
126 0.119818415568647 0.94156716831197 0
127 0.120437955357115 0.763905382610109 0
128 0.122398366937768 0.697437056011588 0
129 0.122870826117034 0.852438444048249 0
130 0.123216255481859 0.800530941849538 0
131 0.123441779312987 0.662194873320953 0
132 0.124485191688206 0.626952690630319 0
133 0.127882694869244 0.591874650855468 0
134 0.128091377344301 0.555196584687841 0
135 0.128300059819359 0.518518518520213 0
136 0.128300059819408 0.481481481483357 0
137 0.12830005981945 0.444444444446454 0
138 0.128300059819491 0.407407407409552 0
139 0.12881102844766 0.369411185928205 0
140 0.128811028447886 0.332374148890829 0
141 0.128811028448112 0.295337111853452 0
142 0.129297250338655 0.0308100008752436 0
143 0.129742459732789 0.96868016118502 0
144 0.129939696867872 0.179743957726379 0
145 0.130652784228231 0.216624055160571 0
146 0.131365871588589 0.253504152594763 0
147 0.137559345402453 0.0887329946235677 0
148 0.138330074955644 0.824286017466904 0
149 0.138449764189862 0.910247329496991 0
150 0.141808280124186 0.117332496909273 0
151 0.142850550151032 0.738798900164803 0
152 0.144937991546126 0.879239463801655 0
153 0.145628850275777 0.775424459404232 0
154 0.147483389566401 0.0616200017504872 0
155 0.14758926185643 0.70895613280571 0
156 0.148148148147856 0 0
157 0.148148148148765 1 0
158 0.148373808354003 0.93736032237004 0
159 0.152327973561828 0.679113365446618 0
160 0.153371385937047 0.643871182755983 0
161 0.153800945537834 0.154841463442837 0
162 0.156768889118085 0.608793142981132 0
163 0.160166392299123 0.573715103206281 0
164 0.16037507477418 0.537037037038654 0
165 0.16037507477423 0.500000000001798 0
166 0.160375074774279 0.462962962964941 0
167 0.160375074774321 0.425925925928039 0
168 0.160397240384736 0.85108703722031 0
169 0.160742669749561 0.799179535021599 0
170 0.16088604340249 0.387929704446692 0
171 0.16139701203066 0.349933482965346 0
172 0.161397012030886 0.312896445927969 0
173 0.163951855171363 0.271063486669281 0
174 0.165669528794147 0.0924300026257308 0
175 0.165793610951482 0.1923504299764 0
176 0.166334287375596 0.0308100008752436 0
177 0.16650669831184 0.229230527410592 0
178 0.16677949676998 0.96868016118502 0
179 0.167005156975218 0.906040483555061 0
180 0.168041445069695 0.750317976958926 0
181 0.172780156775093 0.720475209599833 0
182 0.175856489223346 0.822934610638965 0
183 0.177518868480491 0.69063244224074 0
184 0.177662194207795 0.129938969159295 0
185 0.182257580185888 0.660789674881648 0
186 0.182464405813828 0.877888056973716 0
187 0.183155264543479 0.774073052576292 0
188 0.184520426603336 0.0616200017504872 0
189 0.185185185184785 0 0
190 0.185185185185956 1 0
191 0.185410845391195 0.93736032237004 0
192 0.185655083366926 0.625711635106797 0
193 0.189052586547964 0.590633595331945 0
194 0.189654859621443 0.167447935692858 0
195 0.192450089729002 0.555555555557094 0
196 0.192450089729051 0.518518518520238 0
197 0.192450089729101 0.481481481483382 0
198 0.192450089729151 0.444444444446526 0
199 0.19296105835732 0.40644822296518 0
200 0.19347202698549 0.368452001483833 0
201 0.193982995613659 0.330455780002487 0
202 0.195792403603093 0.742818263049469 0
203 0.196537838754136 0.288622820743799 0
204 0.197923654652438 0.849735630392371 0
205 0.198269084017263 0.797828128193659 0
206 0.199092681894614 0.24678986148511 0
207 0.199826883836359 0.094816154526728 0
208 0.200531115308491 0.712975495690376 0
209 0.201647525035091 0.204956902226422 0
210 0.203203145095449 0.905978257085053 0
211 0.203371324412525 0.0308100008752436 0
212 0.203816533807171 0.96868016118502 0
213 0.205269827013889 0.683132728331283 0
214 0.210906223076877 0.766573338666835 0
215 0.211819549250007 0.132325121060292 0
216 0.213382903491048 0.821583203811026 0
217 0.217149319065791 0.647967253704207 0
218 0.218662393934059 0.877825830503708 0
219 0.218677781645548 0.0640061536514844 0
220 0.220546822246829 0.612889213929356 0
221 0.221608833511425 0.937298095900033 0
222 0.222222222221714 0 0
223 0.222222222223147 1 0
224 0.223543362136491 0.735318549140012 0
225 0.223812214663655 0.169834087593855 0
226 0.223944325427867 0.577811174154505 0
227 0.224525104683868 0.537037037038722 0
228 0.224525104683918 0.500000000001866 0
229 0.224525104683967 0.462962962965009 0
230 0.224525104684028 0.425925925928126 0
231 0.225036073312197 0.387929704446779 0
232 0.225547041940367 0.349933482965433 0
233 0.225547041940418 0.312896445928542 0
234 0.226020042550662 0.790328414284202 0
235 0.228101885080895 0.271063486669853 0
236 0.228282073841889 0.705475781780919 0
237 0.230656728221372 0.229230527411165 0
238 0.233984238878571 0.0972023064277252 0
239 0.234121642772669 0.849673403922363 0
240 0.234378244782525 0.198639346139442 0
241 0.237528679454737 0.0331961527762408 0
242 0.238657181610276 0.759073624757378 0
243 0.23940113321568 0.905916030615045 0
244 0.240014521927402 0.968617934715013 0
245 0.240161565893792 0.670310307153843 0
246 0.245976904292219 0.134711272961289 0
247 0.246858492460238 0.818943714648644 0
248 0.25129432066989 0.727818835230555 0
249 0.252041057945694 0.635144832526766 0
250 0.25283513668776 0.0663923055524816 0
251 0.25486038205429 0.8777636040337 0
252 0.255438561126732 0.600066792751915 0
253 0.256019340382733 0.559292655636132 0
254 0.25654293441109 0.163516531506875 0
255 0.256600119638734 0.518518518520349 0
256 0.256600119638784 0.481481481483493 0
257 0.256600119638844 0.444444444446609 0
258 0.256600119638905 0.407407407409725 0
259 0.257111088267075 0.369411185928379 0
260 0.257111088267125 0.332374148891488 0
261 0.257111088267176 0.295337111854596 0
262 0.257806821631657 0.937235869430025 0
263 0.259259259258643 0 0
264 0.259259259260338 1 0
265 0.259495631519852 0.787688925121821 0
266 0.259665931407653 0.253504152595908 0
267 0.263173812721792 0.692653360603478 0
268 0.263387447968807 0.222912971324185 0
269 0.26710896452996 0.192321790052462 0
270 0.26759723174186 0.847033914759982 0
271 0.268141593920783 0.0995884583287224 0
272 0.272132770579466 0.756434135594997 0
273 0.274565716491666 0.0331961527762408 0
274 0.275053304773694 0.657487885976402 0
275 0.275599121335911 0.905853804145038 0
276 0.277051558964593 0.968617934715012 0
277 0.278707624039654 0.128393716874309 0
278 0.280334081429429 0.816304225486263 0
279 0.281052233120838 0.725308074766037 0
280 0.286932796825597 0.622322411349325 0
281 0.287513576081598 0.581548274233542 0
282 0.288094355337599 0.540774137117759 0
283 0.288335971023481 0.875124114871319 0
284 0.2886751345936 0.500000000001976 0
285 0.288675134593661 0.462962962965093 0
286 0.288675134593722 0.425925925928209 0
287 0.288675134593783 0.388888888891325 0
288 0.288675134593833 0.351851851854434 0
289 0.288675134593884 0.314814814817542 0
290 0.288675134593934 0.277777777780651 0
291 0.289273654158524 0.157198975419895 0
292 0.289872173724689 0.0663923055524816 0
293 0.292396651155088 0.247186596508928 0
294 0.29293172517274 0.69014260013896 0
295 0.292971220489043 0.785049435959439 0
296 0.294843858668848 0.937235869430025 0
297 0.296118167716241 0.216595415237205 0
298 0.296296296295572 0 0
299 0.29629629629753 1 0
300 0.299839684277395 0.186004233965482 0
301 0.301072820711051 0.8443944255976 0
302 0.301890683030415 0.753923375130479 0
303 0.304811217224642 0.654977125511884 0
304 0.307317214861886 0.103644751627034 0
305 0.310810145571786 0.722797314301519 0
306 0.311602753528595 0.0331961527762408 0
307 0.312736639994062 0.905835677317411 0
308 0.31380967039862 0.813664736323882 0
309 0.314088596001784 0.968617934715013 0
310 0.316668096795514 0.628557878323709 0
311 0.317883244980757 0.13245001017262 0
312 0.318509392067003 0.598046613617941 0
313 0.319090171323004 0.557272476502158 0
314 0.319670950579005 0.516498339386375 0
315 0.320542475780833 0.370243044027294 0
316 0.320542475780883 0.333206006990402 0
317 0.320542475780933 0.296168969953511 0
318 0.320750149548488 0.481481481483588 0
319 0.320750149548549 0.444444444446705 0
320 0.32075014954861 0.407407407409821 0
321 0.32075014954877 0.259259259262182 0
322 0.322689637623688 0.687631839674442 0
323 0.322729132939991 0.782538675494921 0
324 0.324471666109924 0.228668077990459 0
325 0.325473489681632 0.875105988043692 0
326 0.328193182671077 0.198076896718736 0
327 0.328449275099627 0.161255268718207 0
328 0.329047794665792 0.070448598850793 0
329 0.331648595481363 0.751412614665961 0
330 0.331981377326999 0.937217742602398 0
331 0.333333333332501 0 0
332 0.333333333334721 1 0
333 0.33454651719456 0.661212592486267 0
334 0.338210339369201 0.844376298769973 0
335 0.340568058022734 0.720286553837001 0
336 0.346403396765431 0.634793345298092 0
337 0.346492835802989 0.107701044925345 0
338 0.347540427453005 0.809325356635092 0
339 0.34824469203692 0.604282080592325 0
340 0.349874158652213 0.905817550489784 0
341 0.350085987308409 0.573770815886557 0
342 0.35066676656441 0.532996678770774 0
343 0.350778374469698 0.0372524460745522 0
344 0.351226114659935 0.968599807887386 0
345 0.351745965533893 0.497979820867987 0
346 0.352409816967882 0.351597199163262 0
347 0.352409816967933 0.314560162126371 0
348 0.352424937593605 0.693867306648826 0
349 0.35261749073566 0.388761562545789 0
350 0.352617490735769 0.277650451435042 0
351 0.352825164503376 0.4629629629652 0
352 0.352825164503437 0.425925925928316 0
353 0.352825164503606 0.240740740743714 0
354 0.356459889994376 0.778199295806132 0
355 0.356546681064759 0.210149559471991 0
356 0.35680277349331 0.173327931471461 0
357 0.35705886592186 0.136506303470932 0
358 0.362611008339782 0.875087861216065 0
359 0.364281817164476 0.667448059460651 0
360 0.365379352535747 0.747073234977172 0
361 0.368223415606895 0.0745048921491044 0
362 0.369118895985149 0.937199615774771 0
363 0.37037037036943 0 0
364 0.370370370371912 1 0
365 0.371941096423586 0.840036919081184 0
366 0.375181661451488 0.71319381485542 0
367 0.376138696735348 0.641028812272476 0
368 0.377979992006837 0.610517547566708 0
369 0.379821287278326 0.58000628286094 0
370 0.381271184507389 0.804985976946303 0
371 0.381662582549815 0.549495018155173 0
372 0.382741781519298 0.514478160252386 0
373 0.383820980488781 0.479461302349599 0
374 0.384277158154932 0.332951354299231 0
375 0.384484831922709 0.370115717681758 0
376 0.384484831922768 0.296041643607902 0
377 0.384692505690487 0.407280081064285 0
378 0.384692505690605 0.259131932916574 0
379 0.384900179458264 0.444444444446812 0
380 0.384900179458441 0.222222222225245 0
381 0.385156271886992 0.185400594224716 0
382 0.385412364315542 0.148578966224186 0
383 0.385668456744092 0.111757338223656 0
384 0.387011677310364 0.905799423662156 0
385 0.387038541022359 0.686774567667245 0
386 0.387815411506627 0.0372524460745522 0
387 0.388263151697126 0.968599807887385 0
388 0.390190647048761 0.773859916117343 0
389 0.396341765394167 0.870748481527276 0
390 0.39889542059323 0.66035532047907 0
391 0.399992955964501 0.739980495995591 0
392 0.405260452643824 0.0745048921491044 0
393 0.405671853477971 0.835697539392395 0
394 0.40615593302234 0.937199615774771 0
395 0.406261935362064 0.62830219345067 0
396 0.407407407406359 0 0
397 0.407407407409103 1 0
398 0.408103230633553 0.597790928744902 0
399 0.409795264880241 0.706101075873839 0
400 0.409944525905042 0.567279664039135 0
401 0.411352426534129 0.208355868816159 0
402 0.411608518962679 0.171534240815629 0
403 0.411864611391229 0.134712612815099 0
404 0.414295418089236 0.531992882274796 0
405 0.415001941561774 0.800646597257514 0
406 0.415374617058719 0.496976024372009 0
407 0.415400700668171 0.313963503468761 0
408 0.415608374436008 0.277053792777433 0
409 0.415816048203844 0.240144082086104 0
410 0.416453816028202 0.461959166469222 0
411 0.416472950480129 0.35142989974733 0
412 0.416680624247906 0.388594263129857 0
413 0.416888298015683 0.425758626512384 0
414 0.421652144451112 0.679681828685664 0
415 0.424804250477514 0.766767177135762 0
416 0.424852448543556 0.0372524460745522 0
417 0.424949233892549 0.105904255601769 0
418 0.425149158856965 0.904331283226033 0
419 0.425300188734317 0.968599807887386 0
420 0.429018659219946 0.647628701657264 0
421 0.434479246940769 0.869280341091152 0
422 0.434606559393254 0.73288775701401 0
423 0.436385173988781 0.615575574628864 0
424 0.437804673609816 0.194489515407072 0
425 0.438060766038367 0.157667887406542 0
426 0.43822646926027 0.585064309923096 0
427 0.442268295279531 0.226277728677018 0
428 0.442577361444464 0.549777528158758 0
429 0.443809335024572 0.834229398956271 0
430 0.444293414568942 0.935731475338647 0
431 0.444408868308995 0.699008336892258 0
432 0.444444444443288 0 0
433 0.444444444446294 1 0
434 0.444541229792281 0.0686518095272164 0
435 0.44652424318141 0.294975652638292 0
436 0.446731916949247 0.258065941946963 0
437 0.446928253628657 0.514490746394419 0
438 0.447596492993368 0.33244204891686 0
439 0.44800745259814 0.479473888491632 0
440 0.448441934585621 0.443273348534794 0
441 0.448668742805325 0.369908445195428 0
442 0.448876416573102 0.407072808577956 0
443 0.450833329993248 0.792366784294748 0
444 0.451145388539686 0.128859530193212 0
445 0.451775383077829 0.666955209863858 0
446 0.459141897846663 0.634902082835458 0
447 0.460635638908988 0.758487364172996 0
448 0.463286640403567 0.902863142789909 0
449 0.463437670280919 0.967131667451262 0
450 0.464133225692013 0.0313993634526642 0
451 0.464230011041005 0.100051172979881 0
452 0.464256920685504 0.180623161997985 0
453 0.466508412615497 0.602848955807058 0
454 0.468720542355219 0.212411375267931 0
455 0.470437947824728 0.724607944051245 0
456 0.470859304799691 0.567562174042719 0
457 0.472616728487371 0.867812200655028 0
458 0.473184164024934 0.244199588537877 0
459 0.475210196983884 0.532275392278381 0
460 0.477341543186823 0.151814804784654 0
461 0.477647785694649 0.275987801807822 0
462 0.478720035506607 0.313454198086391 0
463 0.47939438139599 0.688571155611934 0
464 0.479561089168078 0.496988610514042 0
465 0.479640723456046 0.825949585993506 0
466 0.479792285318564 0.350920594364959 0
467 0.479995571155559 0.460788070557204 0
468 0.48043005314304 0.424587530600366 0
469 0.480864535130521 0.388386990643528 0
470 0.481481481480217 0 0
471 0.48148148148339 1 0
472 0.482430896115544 0.934263334902523 0
473 0.483822006940737 0.0627987269053284 0
474 0.486664718424722 0.784086971331983 0
475 0.486760896164825 0.656518028583534 0
476 0.490426165688143 0.123006447571323 0
477 0.494127410933659 0.624464901555134 0
478 0.496467027340462 0.750207551210231 0
479 0.497353473595258 0.187267906019458 0
480 0.500474707317974 0.967131667451262 0
481 0.501170262728976 0.0313993634526642 0
482 0.501424121950169 0.901395002353785 0
483 0.50181584709962 0.589097215353958 0
484 0.501817095264973 0.219056119289404 0
485 0.503510788189462 0.0941980903579926 0
486 0.505423460911724 0.714170762770921 0
487 0.506166739283813 0.55381043358962 0
488 0.506280716934688 0.250844332559349 0
489 0.508448116918844 0.859532387692263 0
490 0.509807538623 0.293637051411902 0
491 0.510438096096578 0.158459548806127 0
492 0.510517631468007 0.518523651825281 0
493 0.510879788434957 0.33110344769047 0
494 0.511952038246914 0.368569843969038 0
495 0.513062834033871 0.480769666640468 0
496 0.513497316021352 0.44456912668363 0
497 0.513931798008833 0.408368586726792 0
498 0.514379894482986 0.67813397433161 0
499 0.51547211188752 0.81766977303074 0
500 0.518518518517249 0 0
501 0.518518518520363 1 0
502 0.519467933152529 0.934263334902523 0
503 0.520859043977769 0.0627987269053284 0
504 0.521746409251821 0.64608084730321 0
505 0.522496106856196 0.775807158369218 0
506 0.523522718597897 0.129651191592796 0
507 0.529434845417782 0.610713161102035 0
508 0.530450026505012 0.193912650040931 0
509 0.531452540427458 0.739770369929907 0
510 0.534913648174728 0.225700863310876 0
511 0.537123281583742 0.575345474900859 0
512 0.537218723625215 0.882661167828733 0
513 0.53751174435489 0.967131667451262 0
514 0.53798645167092 0.912482707786555 0
515 0.538207299766076 0.0313993634526642 0
516 0.538440469863039 0.268493582163429 0
517 0.539339182258457 0.0940491143152013 0
518 0.54040897399872 0.703733581490597 0
519 0.541474173767936 0.54005869313652 0
520 0.54196729155135 0.311286301015981 0
521 0.543039541363307 0.348752697294549 0
522 0.543534649006332 0.1651042928276 0
523 0.5440193763338 0.502304707951707 0
524 0.544242718593891 0.840798553167211 0
525 0.545019301125226 0.388551440052303 0
526 0.546564578899663 0.464550722766895 0
527 0.546999060887144 0.428350182810056 0
528 0.549365407569982 0.667696793051287 0
529 0.551266713562567 0.798935938505688 0
530 0.555555555554383 0 0
531 0.555555555557251 1 0
532 0.55603026287328 0.945351040335293 0
533 0.556631054843221 0.764694887910406 0
534 0.556687438046764 0.0626497508625371 0
535 0.557053843735943 0.632329106850111 0
536 0.559351112666892 0.129502215550005 0
537 0.563546579414767 0.200557394062403 0
538 0.564742279901904 0.596961420648935 0
539 0.565587488414483 0.728658099471095 0
540 0.567073401103078 0.243350112914956 0
541 0.570600222791389 0.286142831767508 0
542 0.572430716067865 0.561593734447759 0
543 0.573013325300262 0.863927333303681 0
544 0.573781053345966 0.893748873261503 0
545 0.574035693835071 0.0312503874098729 0
546 0.574074074075641 0.978219372884032 0
547 0.5741270444797 0.32893555062006 0
548 0.574543921985745 0.692621311031785 0
549 0.574548781391671 0.923570413219325 0
550 0.574975918633729 0.523839749262946 0
551 0.575167576327451 0.09390013827241 0
552 0.576106804241619 0.368734293377814 0
553 0.577521121199592 0.486085764078133 0
554 0.578086564003537 0.408533036135567 0
555 0.579363043075326 0.164955316784808 0
556 0.580037320268938 0.822064718642159 0
557 0.580066323765456 0.44833177889332 0
558 0.584270904824312 0.658139313166833 0
559 0.585401661549592 0.787823668046876 0
560 0.590766002830246 0.753582617451593 0
561 0.591959340990273 0.622771626965657 0
562 0.592515832115758 0.0625007748197458 0
563 0.592592592591518 0 0
564 0.592592592594032 0.956438745768064 0
565 0.592592592594124 1 0
566 0.595179506735886 0.129353239507214 0
567 0.597921173005408 0.192378867674464 0
568 0.598612217509896 0.225307745344407 0
569 0.599647777156234 0.587403940764481 0
570 0.599722436401508 0.717545829012283 0
571 0.602139039198207 0.268100464196959 0
572 0.605665860886518 0.310893183049512 0
573 0.608255022208622 0.350382599274191 0
574 0.608807926975309 0.84519349877863 0
575 0.609449419240075 0.683063831147331 0
576 0.609575655021013 0.875015038736451 0
577 0.610234781970541 0.390181342031944 0
578 0.610343383066717 0.904836578694273 0
579 0.610995970396446 0.0937511622296187 0
580 0.611072730872205 0.0312503874098729 0
581 0.611111111112422 0.934658118652095 0
582 0.611111111112459 0.978219372884032 0
583 0.612185966000814 0.550008254437222 0
584 0.612214541732459 0.429980084789697 0
585 0.613737636665968 0.156776790396869 0
586 0.614172268255963 0.810952448183347 0
587 0.614731168566677 0.51225426925241 0
588 0.617276371132541 0.474500284067597 0
589 0.619176402078642 0.648581833282379 0
590 0.619536609536617 0.776711397588064 0
591 0.624900950817271 0.742470346992781 0
592 0.626864838244603 0.613214147081203 0
593 0.629552869152893 0.0625007748197458 0
594 0.629554100326528 0.121174713119274 0
595 0.629629629628653 0 0
596 0.629629629630812 0.956438745768064 0
597 0.629629629630832 1 0
598 0.63229576659605 0.184200341286525 0
599 0.632986811100538 0.217129218956468 0
600 0.633677855605025 0.250058096626411 0
601 0.634627933655838 0.707988349127829 0
602 0.636211786822067 0.832109693504126 0
603 0.637204677293337 0.292850815478963 0
604 0.639403027089183 0.575818460753944 0
605 0.639793838615441 0.332340231703642 0
606 0.641510035008544 0.864292814086166 0
607 0.641576128102721 0.797868642908844 0
608 0.642277763054248 0.894114354043987 0
609 0.642382999937545 0.371829647928321 0
610 0.643045491099952 0.923935894001809 0
611 0.644354916494405 0.673506351262878 0
612 0.644362759699463 0.411628390686074 0
613 0.646670843513984 0.0949094409310746 0
614 0.646940469383375 0.763627592313561 0
615 0.64810976790934 0.0312503874098729 0
616 0.64811223025661 0.14859826400893 0
617 0.648148148149202 0.978219372884032 0
618 0.649424589099544 0.456148589963973 0
619 0.651941215933762 0.538422774426686 0
620 0.654081899332972 0.639024353397926 0
621 0.654486418499626 0.500668789241873 0
622 0.661526439530886 0.734808107258293 0
623 0.661564009618342 0.945716521117778 0
624 0.663615646668824 0.819025888229623 0
625 0.665227742270431 0.0636590535212017 0
626 0.665228973444066 0.12233299182073 0
627 0.666620088177552 0.601628667070667 0
628 0.666666666665787 0 0
629 0.666666666667592 1 0
630 0.666670360186692 0.176021814898585 0
631 0.66736140469118 0.208950692568528 0
632 0.668052449195667 0.241879570238472 0
633 0.668743493700155 0.274808447908415 0
634 0.668913894855301 0.851209008811662 0
635 0.668979987949478 0.784784837634341 0
636 0.671253422369453 0.700326109393341 0
637 0.671332655022259 0.314297864133094 0
638 0.673921816344363 0.353787280357772 0
639 0.674212143041778 0.883392129393701 0
640 0.674979871087482 0.913213669351523 0
641 0.676510977666467 0.393276696582451 0
642 0.679158277022131 0.564232980743408 0
643 0.680082528136732 0.967497148233746 0
644 0.68098040520802 0.665844111528389 0
645 0.681572807066548 0.43779689586035 0
646 0.682345716631521 0.0960677196325305 0
647 0.682768760106118 0.63341800482603 0
648 0.68356595809699 0.755965352579073 0
649 0.683784641026878 0.0324086661113288 0
650 0.683787103374148 0.149756542710386 0
651 0.686634636466629 0.48231709513825 0
652 0.691019506515581 0.80594208295512 0
653 0.691696465866711 0.526837294416149 0
654 0.693498389605872 0.934994296467492 0
655 0.695306948950698 0.596022318498771 0
656 0.696317754702058 0.838125203537159 0
657 0.698151928244501 0.727145867523805 0
658 0.700902615387969 0.0648173322226576 0
659 0.700903846561603 0.123491270522186 0
660 0.701616002888535 0.870308324119198 0
661 0.701801205648911 0.184425665826906 0
662 0.702492250153399 0.217354543496849 0
663 0.703183294657886 0.250283421166792 0
664 0.703703703702922 0 0
665 0.703703703704401 1 0
666 0.703803341099944 0.294358823877315 0
667 0.705605476663093 0.777122597899852 0
668 0.706392502422048 0.333848240101994 0
669 0.706914251075013 0.902491444701237 0
670 0.707845137795277 0.558626632171512 0
671 0.707878911083068 0.692663869658853 0
672 0.708981663744152 0.373337656326672 0
673 0.709497947623996 0.411086604962708 0
674 0.709667265981166 0.660237762956494 0
675 0.711455620879264 0.627811656254134 0
676 0.714559777024077 0.455606804240607 0
677 0.717119565173542 0.967497148233746 0
678 0.718020589749059 0.0972259983339864 0
679 0.718917948836367 0.158160393638706 0
680 0.719621606424159 0.500127003518506 0
681 0.720191446810604 0.748303112844585 0
682 0.720578666594453 0.810651887474626 0
683 0.720821678064013 0.0324086661113288 0
684 0.723993809723844 0.590415969926875 0
685 0.72587691478093 0.842835008056665 0
686 0.727774018772654 0.538260912360453 0
687 0.730535426642652 0.934994296467492 0
688 0.731175162967407 0.875018128638704 0
689 0.734777416958116 0.719483627789317 0
690 0.735164636741964 0.781832402419358 0
691 0.736034692023823 0.131895121450506 0
692 0.736565771856214 0.687057521086958 0
693 0.73693205111113 0.192829516755226 0
694 0.737623095615618 0.225758394425169 0
695 0.737939652425103 0.0648173322226576 0
696 0.738243142057675 0.269833797135692 0
697 0.738354126754312 0.654631414384598 0
698 0.738863188499733 0.313909199846215 0
699 0.74014248165241 0.622205307682239 0
700 0.740740740740057 0 0
701 0.740740740741211 1 0
702 0.741452349821837 0.353398616070894 0
703 0.741968633701681 0.391147564706929 0
704 0.742484917581525 0.428896513342964 0
705 0.743922690701221 0.570050250115816 0
706 0.747089183698029 0.904872668297207 0
707 0.747546746981606 0.473416712620863 0
708 0.749750606889476 0.75301291736409 0
709 0.750137826673325 0.815361691994131 0
710 0.753686093237822 0.0946988467242144 0
711 0.754048794298586 0.166564244567026 0
712 0.754156602210292 0.967497148233746 0
713 0.755436074859802 0.84754481257617 0
714 0.755699159330102 0.51155062146281 0
715 0.757858715101147 0.0324086661113288 0
716 0.760071362629787 0.60183958787118 0
717 0.763260778478647 0.701180123379125 0
718 0.763851571678598 0.549684530304757 0
719 0.764723796820837 0.786542206938863 0
720 0.765049133376745 0.668754016676765 0
721 0.766014610794911 0.729612351432792 0
722 0.766837488274843 0.636327909974406 0
723 0.770710359265668 0.937375520063461 0
724 0.771350095590423 0.877399352234673 0
725 0.771700195512585 0.129367969840734 0
726 0.77206289657335 0.201233367683546 0
727 0.772682943015407 0.245308770394069 0
728 0.773302989457464 0.289384173104592 0
729 0.773605155913866 0.0622901806128856 0
730 0.773923035899521 0.333459575815115 0
731 0.774439319779366 0.37120852445115 0
732 0.77495560365921 0.408957473087186 0
733 0.775471887539054 0.446706421723221 0
734 0.777777777777192 0 0
735 0.777777777777932 1 0
736 0.779696986752197 0.820071496513637 0
737 0.780000243607164 0.581473868060121 0
738 0.780987800726271 0.763141641007566 0
739 0.78362429988755 0.484840330565168 0
740 0.78676636925222 0.615962190163347 0
741 0.787264116321045 0.907253891893176 0
742 0.789351596726584 0.0921716951144424 0
743 0.789714297787349 0.164037092957254 0
744 0.791744139999178 0.682876618968932 0
745 0.791776712236046 0.522974239407115 0
746 0.79352421858991 0.0298815145015568 0
747 0.793532494897276 0.650450512266573 0
748 0.794331534833308 0.969878371829715 0
749 0.794497972315442 0.7113088470226 0
750 0.795611007482818 0.84992603617214 0
751 0.795960990657631 0.796670930582339 0
752 0.797251804631705 0.739741075076268 0
753 0.799929124584542 0.561108148249062 0
754 0.806695250229598 0.595596470352288 0
755 0.807365699001348 0.126840818230962 0
756 0.809270659402629 0.0597630290031136 0
757 0.810488378773148 0.226527830068592 0
758 0.810660358042594 0.352017936261068 0
759 0.810885291888684 0.939756743659431 0
760 0.811108425215205 0.270603232779115 0
761 0.811176641922438 0.389766884897103 0
762 0.811525028213439 0.879780575830643 0
763 0.811692925802282 0.427515833533138 0
764 0.811728471657262 0.314678635489638 0
765 0.812224994563066 0.773270364651041 0
766 0.813461375874653 0.630084792455514 0
767 0.814244520966314 0.188700909700286 0
768 0.814814814814326 0 0
769 0.814814814814733 1 0
770 0.816572896257484 0.464583366682508 0
771 0.817985052843701 0.821584354602329 0
772 0.820227501519709 0.66457311455874 0
773 0.822981333835973 0.693005342612408 0
774 0.82472530860598 0.502717275524455 0
775 0.825017100215347 0.0896445435046704 0
776 0.825735166152237 0.721437570666076 0
777 0.827439048944061 0.909635115489146 0
778 0.8284889984685 0.749869798719744 0
779 0.830561255627045 0.0298815145015568 0
780 0.83136857187011 0.969878371829715 0
781 0.831895922180313 0.151504634973994 0
782 0.832877720954476 0.540851184366402 0
783 0.833899073574322 0.851438894260832 0
784 0.834249056749135 0.798183788671031 0
785 0.834987269664661 0.578051968289715 0
786 0.841753395309716 0.612540290392941 0
787 0.846307696439763 0.0597630290031136 0
788 0.847397680185666 0.370576296707021 0
789 0.84791396406551 0.408325245343056 0
790 0.847922328925516 0.939756743659431 0
791 0.848465793800334 0.333236995935591 0
792 0.848519520954772 0.647028612496167 0
793 0.848913860972946 0.251822292453638 0
794 0.849533907415004 0.295897695164161 0
795 0.849547323394312 0.114308360247702 0
796 0.849813094304943 0.881293433919335 0
797 0.849839151312086 0.682416776884948 0
798 0.85051306065457 0.774783222739734 0
799 0.851851851851461 0 0
800 0.851851851851537 1 0
801 0.852592983628349 0.710849004938615 0
802 0.852670003166112 0.213995372085332 0
803 0.852793934520712 0.445392778492425 0
804 0.855346815944613 0.739281232992283 0
805 0.855392540613369 0.0877152218666025 0
806 0.856273118935205 0.823097212691022 0
807 0.856426145359278 0.176168451717026 0
808 0.857673904975914 0.482460311641795 0
809 0.8578463730897 0.912643750786439 0
810 0.86582631732441 0.520594220483742 0
811 0.86759829266418 0.0298815145015568 0
812 0.867935866034595 0.557795004407055 0
813 0.868405608906971 0.969878371829715 0
814 0.87004541474478 0.594995788330369 0
815 0.872187139665826 0.852951752349525 0
816 0.872537122840639 0.799696646759724 0
817 0.874077546573277 0.138972176990734 0
818 0.876683136837785 0.0578337073650457 0
819 0.876811540389835 0.629484110433595 0
820 0.877370878130682 0.764194657012273 0
821 0.878131170747148 0.664872274822375 0
822 0.878329653071155 0.942765378956724 0
823 0.879450801104462 0.700260439211155 0
824 0.879922763792333 0.112379038609634 0
825 0.880220418450583 0.884302069216628 0
826 0.882204633420726 0.728692667264823 0
827 0.884135002328738 0.389134657152973 0
828 0.885203115943407 0.351795356381544 0
829 0.88576798101139 0.0857859002285346 0
830 0.886271229558076 0.314456055610114 0
831 0.887339343172745 0.277116754838684 0
832 0.88825369723534 0.915652386083732 0
833 0.888888888888426 1 0
834 0.888888888888596 0 0
835 0.88901497278394 0.426202190302343 0
836 0.89109548536591 0.239289834470378 0
837 0.893894943239142 0.463269723451713 0
838 0.894561185026708 0.824610070779714 0
839 0.894851627559076 0.201462914102072 0
840 0.897973733062201 0.0279521928634889 0
841 0.898607769752242 0.163635993733766 0
842 0.898774913694344 0.500337256601082 0
843 0.898812933052611 0.972887007127008 0
844 0.899394940316752 0.789108081032264 0
845 0.900884462404529 0.537538040524395 0
846 0.902594463811465 0.855960387646818 0
847 0.902994011114714 0.574738824447709 0
848 0.904228695606795 0.753606091284813 0
849 0.904452986971298 0.137042855352666 0
850 0.905103559824898 0.611939608371022 0
851 0.906423190182212 0.647327772759802 0
852 0.907058577235806 0.0559043857269778 0
853 0.907742820539525 0.682715937148582 0
854 0.908736977216795 0.945774014254017 0
855 0.909062450896838 0.718104101537363 0
856 0.910298204190355 0.110449716971566 0
857 0.910627742596222 0.887310704513921 0
858 0.916143421409412 0.0838565785904667 0
859 0.918661021380979 0.918661021381025 0
860 0.922756668219158 0.407571252916411 0
861 0.922756668219158 0.370534215879482 0
862 0.923824781833827 0.333194915108053 0
863 0.924892895448496 0.258818577299694 0
864 0.924892895448496 0.295855614336623 0
865 0.925925925925623 1 0
866 0.925925925925731 0 0
867 0.92763663867436 0.444638786065781 0
868 0.928649037641662 0.220991656931388 0
869 0.929707456684472 0.80899930644554 0
870 0.929707456684472 0.846036343482675 0
871 0.932405179834828 0.183164736563082 0
872 0.932405179834828 0.146127699526147 0
873 0.932516609129563 0.481706319215151 0
874 0.932516609129563 0.518743356252183 0
875 0.934541211974515 0.773497316698089 0
876 0.934626157839747 0.555944140175496 0
877 0.935010770099336 0.0279521928634889 0
878 0.935849970089812 0.972887007127008 0
879 0.936735706549932 0.630181961135944 0
880 0.936735706549932 0.593144924098809 0
881 0.937740735469229 0.877386660349778 0
882 0.938055336907246 0.665570125524724 0
883 0.938250397053884 0.119534561145047 0
884 0.939374967264559 0.700958289913504 0
885 0.939374967264559 0.737995326950639 0
886 0.944095614272941 0.0929414227639472 0
887 0.944095614272941 0.0559043857269778 0
888 0.945774014253986 0.945774014254017 0
889 0.945774014253986 0.908736977216882 0
890 0.961378334109579 0.388970811642921 0
891 0.961378334109579 0.42600784867985 0
892 0.961378334109579 0.351933774605992 0
893 0.962446447724248 0.277557436797633 0
894 0.962446447724248 0.240520399760704 0
895 0.962446447724248 0.314594473834562 0
896 0.962962962962834 1 0
897 0.962962962962865 0 0
898 0.964853728342236 0.8304255791485 0
899 0.964853728342236 0.793388542111366 0
900 0.964853728342236 0.867462616185635 0
901 0.966202589917414 0.165656442355469 0
902 0.966202589917414 0.202693479392398 0
903 0.966202589917414 0.128619405318528 0
904 0.966258304564781 0.500112418866183 0
905 0.966258304564781 0.463075381829219 0
906 0.966258304564781 0.537149455903283 0
907 0.968367853274966 0.611387276863731 0
908 0.968367853274966 0.648424313900866 0
909 0.968367853274966 0.574350239826596 0
910 0.969687483632279 0.72084951532678 0
911 0.969687483632279 0.683812478289646 0
912 0.969687483632279 0.757886552363915 0
913 0.97204780713647 0.0649892299004535 0
914 0.972047807136471 0.102026266937428 0
915 0.972047807136471 0.0279521928634889 0
916 0.972887007126993 0.935849970089874 0
917 0.972887007126993 0.972887007127008 0
918 0.972887007126993 0.898812933052739 0
919 1 0 0
920 1 1 0
921 1 0.111111111110908 0
922 1 0.222222222221714 0
923 1 0.333333333332501 0
924 1 0.444444444443288 0
925 1 0.555555555554383 0
926 1 0.666666666665787 0
927 1 0.777777777777192 0
928 1 0.888888888888596 0
929 1 0.0370370370369653 0
930 1 0.0740740740739285 0
931 1 0.148148148147856 0
932 1 0.185185185184785 0
933 1 0.259259259258643 0
934 1 0.296296296295572 0
935 1 0.37037037036943 0
936 1 0.407407407406359 0
937 1 0.481481481480217 0
938 1 0.518518518517249 0
939 1 0.592592592591518 0
940 1 0.629629629628653 0
941 1 0.703703703702922 0
942 1 0.740740740740057 0
943 1 0.814814814814326 0
944 1 0.851851851851461 0
945 1 0.925925925925731 0
946 1 0.962962962962865 0
