1 0 0 0
2 0 1 0
3 0 0.750000000000347 0
4 0 0.500000000002059 0
5 0 0.250000000001041 0
6 0 0.875000000000005 0
7 0 0.625000000001009 0
8 0 0.37500000000155 0
9 0 0.12500000000052 0
10 0.0915063509463487 0.091506350946567 0
11 0.0915063509463487 0.216506350947087 0
12 0.0915063509465465 0.783493649053813 0
13 0.0915063509465465 0.908493649053639 0
14 0.0989605023627914 0.560783588396451 0
15 0.0989605023627914 0.685783588395594 0
16 0.105521160909648 0.312666870848417 0
17 0.105521160909648 0.437666870848927 0
18 0.124999999999775 0 0
19 0.12500000000052 1 0
20 0.183012701892697 0.183012701893134 0
21 0.183012701893093 0.816987298107279 0
22 0.190466853309338 0.71927723744906 0
23 0.197027511855997 0.279173221794464 0
24 0.197921004725583 0.621567176790842 0
25 0.20448166327244 0.498450459243318 0
26 0.211042321819297 0.375333741695794 0
27 0.216506350946054 0.091506350946567 0
28 0.216506350947067 0.908493649053639 0
29 0.249999999999411 0 0
30 0.250000000001041 1 0
31 0.273552957388514 0.801878040665159 0
32 0.277154404033473 0.199905854420559 0
33 0.281007108804759 0.704167980006941 0
34 0.291169213996772 0.296066374321889 0
35 0.307046606442488 0.89338439161152 0
36 0.31064805308683 0.108399503473993 0
37 0.314365018070144 0.563608724745381 0
38 0.320925676617001 0.440492007197857 0
39 0.364093212883935 0.78676878322304 0
40 0.371296106174248 0.216799006947985 0
41 0.374999999999051 0 0
42 0.37500000000155 1 0
43 0.39745112214932 0.64620952796148 0
44 0.401052568794476 0.361224639823952 0
45 0.430809031414704 0.50565027269992 0
46 0.432046606442997 0.89338439161152 0
47 0.43564805308647 0.108399503473993 0
48 0.489042807228162 0.767325142844721 0
49 0.492948239755021 0.235643002429306 0
50 0.499999999998692 0 0
51 0.500000000002059 1 0
52 0.522400716493547 0.626765887583161 0
53 0.522704702375249 0.380068635305273 0
54 0.543277208152991 0.504618306770494 0
55 0.556996200787225 0.873940751233201 0
56 0.557300186667243 0.127243498955313 0
57 0.61399240157239 0.747881502466403 0
58 0.614600373335794 0.254486997910627 0
59 0.624999999999016 0 0
60 0.625000000001009 1 0
61 0.634868893231833 0.625733921653735 0
62 0.635172879113535 0.379036669375847 0
63 0.655745384891277 0.503586340841068 0
64 0.681996200786368 0.873940751233201 0
65 0.682300186667567 0.127243498955313 0
66 0.71102168151618 0.68612522821107 0
67 0.712937265004661 0.32001548754164 0
68 0.715489849839924 0.782434400286796 0
69 0.724887639668763 0.216246596463582 0
70 0.731898173175624 0.563977647398403 0
71 0.733509770782402 0.444565159006861 0
72 0.749999999999341 0 0
73 0.750000000000347 1 0
74 0.783493649053903 0.908493649053595 0
75 0.792587453000537 0.0890030975082691 0
76 0.80805096145997 0.624368953955737 0
77 0.809662559066749 0.504956465564195 0
78 0.811274156673528 0.385543977172653 0
79 0.812519129783715 0.720678126031463 0
80 0.816987298107459 0.816987298107189 0
81 0.82322453133763 0.281775086094596 0
82 0.835174906001732 0.178006195016538 0
83 0.87499999999967 0 0
84 0.875000000000005 1 0
85 0.904025480729985 0.687184476977539 0
86 0.904025480729985 0.562184476977215 0
87 0.905637078336764 0.442771988585673 0
88 0.905637078336764 0.317771988586032 0
89 0.908493649053729 0.908493649053595 0
90 0.908493649053729 0.783493649053265 0
91 0.917587453000866 0.0890030975082691 0
92 0.917587453000866 0.214003097507975 0
93 1 0 0
94 1 1 0
95 1 0.249999999999411 0
96 1 0.499999999998692 0
97 1 0.749999999999341 0
98 1 0.124999999999775 0
99 1 0.374999999999051 0
100 1 0.624999999999016 0
101 1 0.87499999999967 0
