1 0 0 0
2 0 1 0
3 0 0.750000000000347 0
4 0 0.500000000002059 0
5 0 0.250000000001041 0
6 0 0.916666666666745 0
7 0 0.833333333333473 0
8 0 0.666666666667582 0
9 0 0.58333333333479 0
10 0 0.416666666668386 0
11 0 0.333333333334713 0
12 0 0.16666666666736 0
13 0 0.0833333333336802 0
14 0.0610042339642324 0.144337567298058 0
15 0.0610042339642324 0.061004233964378 0
16 0.0610042339642324 0.227670900631738 0
17 0.0610042339643643 0.772329099369324 0
18 0.0610042339643643 0.93899576603576 0
19 0.0610042339643643 0.855662432702499 0
20 0.0659736682418609 0.540522392264987 0
21 0.0659736682418609 0.707189058930512 0
22 0.0659736682418609 0.623855725597738 0
23 0.0703474406064322 0.291777913899291 0
24 0.0703474406064322 0.458444580566638 0
25 0.0703474406064322 0.375111247232965 0
26 0.0833333333331714 0 0
27 0.0833333333336802 1 0
28 0.122008467928465 0.122008467928756 0
29 0.122008467928465 0.205341801262436 0
30 0.122008467928729 0.794658198738302 0
31 0.122008467928729 0.877991532071519 0
32 0.126977902206225 0.729518158299489 0
33 0.131351674570665 0.269448814529989 0
34 0.131947336483722 0.581044784527914 0
35 0.131947336483722 0.664378117860677 0
36 0.136321108848293 0.498966972829565 0
37 0.140694881212864 0.333555827797543 0
38 0.140694881212864 0.416889161131216 0
39 0.144337567297396 0.061004233964378 0
40 0.144337567298044 0.93899576603576 0
41 0.16666666666632 0 0
42 0.16666666666736 1 0
43 0.183012701892697 0.183012701893134 0
44 0.183012701893093 0.816987298107279 0
45 0.18798213617059 0.751847257668466 0
46 0.192355908534897 0.247119715160687 0
47 0.192951570448086 0.686707217229654 0
48 0.197921004725583 0.621567176790842 0
49 0.201699115177097 0.31122672842824 0
50 0.202294777090154 0.539489365092492 0
51 0.205341801261602 0.122008467928756 0
52 0.205341801262409 0.877991532071519 0
53 0.206668549454725 0.457411553394143 0
54 0.211042321819297 0.375333741695794 0
55 0.227670900630506 0.061004233964378 0
56 0.227670900631725 0.93899576603576 0
57 0.243372872223374 0.806914459812532 0
58 0.245773836653214 0.194274803578084 0
59 0.24834230650087 0.74177441937372 0
60 0.249999999999411 0 0
61 0.250000000001041 1 0
62 0.253311740778367 0.676634378934908 0
63 0.255117043295414 0.258381816845637 0
64 0.264460249937614 0.322488830113191 0
65 0.265701971592689 0.867918693776773 0
66 0.268102936022119 0.133270569613706 0
67 0.27555034695529 0.582928208760534 0
68 0.279924119319861 0.500850397062185 0
69 0.284297891684433 0.418772585363836 0
70 0.288031070962005 0.928922927741013 0
71 0.290432035391023 0.0722663356493283 0
72 0.303733042553654 0.796841621517786 0
73 0.308534971413731 0.205536905263035 0
74 0.308702476831151 0.731701581078974 0
75 0.317878178055931 0.269643918530588 0
76 0.32606214192297 0.857845855482027 0
77 0.330864070782636 0.144532671298657 0
78 0.330941083008074 0.6379954109046 0
79 0.333333333332505 0 0
80 0.333333333334713 1 0
81 0.33771581980275 0.365927673781233 0
82 0.353179689184997 0.544289240730227 0
83 0.357553461549569 0.462211429031878 0
84 0.364093212883935 0.78676878322304 0
85 0.371296106174248 0.216799006947985 0
86 0.371364404295678 0.928922927741013 0
87 0.373765368724117 0.0722663356493283 0
88 0.386331819060858 0.693062613048666 0
89 0.391133747921067 0.31308276219863 0
90 0.408570425237781 0.599356442874293 0
91 0.409395475256643 0.857845855482027 0
92 0.410971389667885 0.409366517449275 0
93 0.414197404115729 0.144532671298657 0
94 0.416666666665598 0 0
95 0.416666666668386 1 0
96 0.430809031414704 0.50565027269992 0
97 0.447392942446753 0.773806356304161 0
98 0.45239752856143 0.229361670602199 0
99 0.454697737629351 0.928922927741013 0
100 0.457098702057211 0.0722663356493283 0
101 0.469631548623676 0.680100186129787 0
102 0.472235170308249 0.325645425852844 0
103 0.491870154800599 0.586394015955414 0
104 0.492072812055067 0.421929181103489 0
105 0.492695204819461 0.844883428563148 0
106 0.495298826502911 0.157095334952871 0
107 0.499999999998692 0 0
108 0.500000000002059 1 0
109 0.505787815906895 0.504962295413636 0
110 0.530692672009571 0.760843929385282 0
111 0.533498950948612 0.241924334256413 0
112 0.53799746719217 0.915960500822134 0
113 0.538200124444393 0.0848289993035422 0
114 0.552931278186495 0.667137759210908 0
115 0.55333659269543 0.338208089507058 0
116 0.56684893929279 0.58570603866913 0
117 0.567051596547258 0.421241203817205 0
118 0.57599493438228 0.831921001644269 0
119 0.576400248890093 0.169657998607084 0
120 0.580766600399086 0.504274318127352 0
121 0.583333333332242 0 0
122 0.58333333333479 1 0
123 0.61399240157239 0.747881502466403 0
124 0.614600373335794 0.254486997910627 0
125 0.621330800524921 0.915960500822134 0
126 0.621533457777942 0.0848289993035422 0
127 0.627910062678686 0.666449781924625 0
128 0.628315377187621 0.337520112220774 0
129 0.641827723784981 0.585018061382846 0
130 0.642030381039449 0.420553226530921 0
131 0.655745384891277 0.503586340841068 0
132 0.659328267715042 0.831921001644269 0
133 0.659733582223643 0.169657998607084 0
134 0.666666666665791 0 0
135 0.666666666667582 1 0
136 0.678678588201583 0.706710652962848 0
137 0.680158301115038 0.298172657664636 0
138 0.681657367084079 0.770916767679998 0
139 0.688125217557773 0.22899339694593 0
140 0.692596249307879 0.625278932421069 0
141 0.693873304966866 0.381205771974783 0
142 0.704664133857695 0.915960500822134 0
143 0.704866791111492 0.0848289993035422 0
144 0.706513910414175 0.543847211879291 0
145 0.707588308818694 0.46423888628493 0
146 0.726993233226732 0.854956266857864 0
147 0.733258426445622 0.144164397642388 0
148 0.743364774830777 0.665539803459292 0
149 0.745716228894283 0.341858317418644 0
150 0.746343553713273 0.729745918176443 0
151 0.749322332595769 0.793952032893594 0
152 0.749999999999341 0 0
153 0.750000000000347 1 0
154 0.753683145337018 0.272679056699939 0
155 0.757282435937073 0.584108082917514 0
156 0.758356834341592 0.504499757323153 0
157 0.759431232746111 0.424891431728792 0
158 0.761650061779753 0.203499795981234 0
159 0.772329099369384 0.93899576603573 0
160 0.778391635333471 0.0593353983388461 0
161 0.794658198738421 0.877991532071459 0
162 0.806783270667602 0.118670796677692 0
163 0.80805096145997 0.624368953955737 0
164 0.80912535986449 0.544760628361376 0
165 0.810199758269009 0.465152302767015 0
166 0.811029740342467 0.688575068672888 0
167 0.811274156673528 0.385543977172653 0
168 0.814008519224963 0.752781183390038 0
169 0.816987298107459 0.816987298107189 0
170 0.819241073116263 0.316364716453948 0
171 0.827207989558998 0.247185455735243 0
172 0.833333333332894 0 0
173 0.833333333333473 1 0
174 0.835174906001732 0.178006195016538 0
175 0.855662432702559 0.93899576603573 0
176 0.861724968667024 0.0593353983388461 0
177 0.872033974306647 0.666245969303605 0
178 0.872033974306647 0.582912635970055 0
179 0.873108372711166 0.503304310375694 0
180 0.874182771115685 0.423695984781333 0
181 0.874182771115685 0.340362651448239 0
182 0.875012753189143 0.730452084020756 0
183 0.877991532071639 0.877991532071459 0
184 0.877991532071639 0.794658198737906 0
185 0.88214968755842 0.271183390729534 0
186 0.890116604001155 0.118670796677692 0
187 0.890116604001155 0.202004130010829 0
188 0.916666666666447 0 0
189 0.916666666666745 1 0
190 0.936016987153323 0.624789651317923 0
191 0.936016987153323 0.708122984651473 0
192 0.936016987153323 0.541456317984374 0
193 0.937091385557842 0.378514659056919 0
194 0.937091385557843 0.461847992390013 0
195 0.937091385557843 0.295181325723825 0
196 0.93899576603582 0.93899576603573 0
197 0.93899576603582 0.772329099368623 0
198 0.93899576603582 0.855662432702176 0
199 0.945058302000577 0.0593353983388461 0
200 0.945058302000577 0.22600206500512 0
201 0.945058302000577 0.14266873167201 0
202 1 0 0
203 1 1 0
204 1 0.249999999999411 0
205 1 0.499999999998692 0
206 1 0.749999999999341 0
207 1 0.0833333333331714 0
208 1 0.16666666666632 0
209 1 0.333333333332505 0
210 1 0.416666666665598 0
211 1 0.583333333332242 0
212 1 0.666666666665791 0
213 1 0.833333333332894 0
214 1 0.916666666666447 0
