1 0 0 0
2 0 1 0
3 0 0.888888888888426 0
4 0 0.777777777777932 0
5 0 0.666666666667592 0
6 0 0.555555555557251 0
7 0 0.444444444446294 0
8 0 0.333333333334721 0
9 0 0.222222222223147 0
10 0 0.111111111111574 0
11 0.0813389786190631 0.0813389786192413 0
12 0.0813389786191486 0.918661021380851 0
13 0.0924687603137074 0.715760746576557 0
14 0.0940857827842633 0.167137485476357 0
15 0.0955989974393651 0.610034198504655 0
16 0.0962250448645372 0.500000000001773 0
17 0.0962250448646607 0.388888888891064 0
18 0.0962250448653381 0.277777777778934 0
19 0.100803660687941 0.825637424294844 0
20 0.111111111110908 0 0
21 0.111111111111574 1 0
22 0.165669528794147 0.0924300026257308 0
23 0.167005156975218 0.906040483555061 0
24 0.168041445069695 0.750317976958926 0
25 0.182257580185888 0.660789674881648 0
26 0.192450089729002 0.555555555557094 0
27 0.192450089729151 0.444444444446526 0
28 0.193982995613659 0.330455780002487 0
29 0.201647525035091 0.204956902226422 0
30 0.213382903491048 0.821583203811026 0
31 0.222222222221714 0 0
32 0.222222222223147 1 0
33 0.25129432066989 0.727818835230555 0
34 0.268141593920783 0.0995884583287224 0
35 0.275599121335911 0.905853804145038 0
36 0.286932796825597 0.622322411349325 0
37 0.2886751345936 0.500000000001976 0
38 0.288675134593783 0.388888888891325 0
39 0.288675134593934 0.277777777780651 0
40 0.299839684277395 0.186004233965482 0
41 0.31380967039862 0.813664736323882 0
42 0.333333333332501 0 0
43 0.333333333334721 1 0
44 0.340568058022734 0.720286553837001 0
45 0.376138696735348 0.641028812272476 0
46 0.381662582549815 0.549495018155173 0
47 0.384277158154932 0.332951354299231 0
48 0.384900179458264 0.444444444446812 0
49 0.384900179458441 0.222222222225245 0
50 0.385668456744092 0.111757338223656 0
51 0.387011677310364 0.905799423662156 0
52 0.415001941561774 0.800646597257514 0
53 0.444408868308995 0.699008336892258 0
54 0.444444444443288 0 0
55 0.444444444446294 1 0
56 0.464256920685504 0.180623161997985 0
57 0.466508412615497 0.602848955807058 0
58 0.477647785694649 0.275987801807822 0
59 0.479561089168078 0.496988610514042 0
60 0.480864535130521 0.388386990643528 0
61 0.501424121950169 0.901395002353785 0
62 0.503510788189462 0.0941980903579926 0
63 0.522496106856196 0.775807158369218 0
64 0.549365407569982 0.667696793051287 0
65 0.555555555554383 0 0
66 0.555555555557251 1 0
67 0.563546579414767 0.200557394062403 0
68 0.572430716067865 0.561593734447759 0
69 0.5741270444797 0.32893555062006 0
70 0.580066323765456 0.44833177889332 0
71 0.608807926975309 0.84519349877863 0
72 0.610995970396446 0.0937511622296187 0
73 0.611111111112422 0.934658118652095 0
74 0.624900950817271 0.742470346992781 0
75 0.654081899332972 0.639024353397926 0
76 0.666666666665787 0 0
77 0.666666666667592 1 0
78 0.666670360186692 0.176021814898585 0
79 0.668743493700155 0.274808447908415 0
80 0.676510977666467 0.393276696582451 0
81 0.691019506515581 0.80594208295512 0
82 0.691696465866711 0.526837294416149 0
83 0.706914251075013 0.902491444701237 0
84 0.718020589749059 0.0972259983339864 0
85 0.734777416958116 0.719483627789317 0
86 0.74014248165241 0.622205307682239 0
87 0.77206289657335 0.201233367683546 0
88 0.773923035899521 0.333459575815115 0
89 0.775471887539054 0.446706421723221 0
90 0.777777777777192 0 0
91 0.777777777777932 1 0
92 0.779696986752197 0.820071496513637 0
93 0.799929124584542 0.561108148249062 0
94 0.820227501519709 0.66457311455874 0
95 0.825017100215347 0.0896445435046704 0
96 0.827439048944061 0.909635115489146 0
97 0.8284889984685 0.749869798719744 0
98 0.884135002328738 0.389134657152973 0
99 0.887339343172745 0.277116754838684 0
100 0.888888888888426 1 0
101 0.888888888888596 0 0
102 0.894561185026708 0.824610070779714 0
103 0.898607769752242 0.163635993733766 0
104 0.898774913694344 0.500337256601082 0
105 0.905103559824898 0.611939608371022 0
106 0.909062450896838 0.718104101537363 0
107 0.916143421409412 0.0838565785904667 0
108 0.918661021380979 0.918661021381025 0
109 1 0 0
110 1 1 0
111 1 0.111111111110908 0
112 1 0.222222222221714 0
113 1 0.333333333332501 0
114 1 0.444444444443288 0
115 1 0.555555555554383 0
116 1 0.666666666665787 0
117 1 0.777777777777192 0
118 1 0.888888888888596 0
