1 0 0 0
2 0 1 0
3 0 0.750000000000347 0
4 0 0.500000000002059 0
5 0 0.250000000001041 0
6 0.183012701892697 0.183012701893134 0
7 0.183012701893093 0.816987298107279 0
8 0.197921004725583 0.621567176790842 0
9 0.211042321819297 0.375333741695794 0
10 0.249999999999411 0 0
11 0.250000000001041 1 0
12 0.364093212883935 0.78676878322304 0
13 0.371296106174248 0.216799006947985 0
14 0.430809031414704 0.50565027269992 0
15 0.499999999998692 0 0
16 0.500000000002059 1 0
17 0.61399240157239 0.747881502466403 0
18 0.614600373335794 0.254486997910627 0
19 0.655745384891277 0.503586340841068 0
20 0.749999999999341 0 0
21 0.750000000000347 1 0
22 0.80805096145997 0.624368953955737 0
23 0.811274156673528 0.385543977172653 0
24 0.816987298107459 0.816987298107189 0
25 0.835174906001732 0.178006195016538 0
26 1 0 0
27 1 1 0
28 1 0.249999999999411 0
29 1 0.499999999998692 0
30 1 0.749999999999341 0
