1 1 1 1 72 71 49 75 76 64 57 58 65 66
2 1 1 1 3 1 29 6 7 11 19 20 12 13
3 1 1 1 1 38 29 14 25 34 31 19 11 22
4 1 1 1 71 39 49 63 51 42 46 57 64 54
5 1 1 1 38 70 55 50 62 68 60 48 44 56
6 1 1 1 70 72 55 73 74 69 61 60 68 67
7 1 1 1 39 2 23 26 15 9 16 28 32 21
8 1 1 1 2 3 23 4 5 10 17 16 9 8
9 1 1 1 72 49 55 65 58 52 53 61 69 59
10 1 1 1 23 3 29 17 10 12 20 27 24 18
11 1 1 1 23 29 49 24 27 35 43 40 30 33
12 1 1 1 29 38 55 31 34 44 48 47 37 41
13 1 1 1 49 29 55 43 35 37 47 53 52 45
14 1 1 1 39 23 49 32 28 30 40 46 42 36
