1 1 1 1 123 122 84 127 128 129 113 104 94 95 105 114 115 116 106
2 1 1 1 3 1 47 7 8 9 14 24 36 37 25 16 17 15 26
3 1 1 1 1 64 47 18 32 46 59 55 52 36 24 14 28 43 39
4 1 1 1 122 65 84 112 97 82 70 74 79 94 104 113 100 85 90
5 1 1 1 64 121 92 81 96 111 117 108 101 86 78 72 88 103 93
6 1 1 1 121 123 92 124 125 126 118 109 102 101 108 117 119 120 110
7 1 1 1 65 2 38 48 33 19 10 20 29 44 50 57 41 27 35
8 1 1 1 2 3 38 4 5 6 11 21 30 29 20 10 12 13 22
9 1 1 1 123 84 92 114 105 95 87 89 91 102 109 118 107 98 99
10 1 1 1 38 3 47 30 21 11 16 25 37 45 42 40 31 23 34
11 1 1 1 38 47 84 40 42 45 56 66 76 73 60 49 51 53 62
12 1 1 1 47 64 92 52 55 59 72 78 86 83 71 58 63 68 75
13 1 1 1 84 47 92 76 66 56 58 71 83 91 89 87 77 69 80
14 1 1 1 65 38 84 57 50 44 49 60 73 79 74 70 61 54 67
