1 1 1 1 360 359 243 367 368 369 370 371 372 347 329 317 296 278 261 260 279 294 313 330 344 345 350 280 346 348 349 331 314 295 297 315 332 333 334 316
2 1 1 1 3 1 135 10 11 12 13 14 15 23 39 57 77 95 114 115 96 78 60 40 29 26 25 97 27 28 24 41 61 79 80 58 42 43 44 59
3 1 1 1 1 183 135 30 53 76 101 127 153 176 169 162 154 147 140 114 95 77 57 39 23 46 146 120 70 94 119 139 134 128 102 84 66 88 113 108
4 1 1 1 359 184 243 343 319 292 268 242 215 193 202 211 219 227 235 261 278 296 317 329 347 322 222 254 301 274 249 231 238 245 271 289 306 282 256 264
5 1 1 1 183 358 270 213 241 267 291 318 342 354 336 325 310 299 284 257 246 234 223 210 198 226 328 272 253 277 304 312 302 286 259 250 237 263 288 275
6 1 1 1 358 360 270 361 362 363 364 365 366 355 337 326 311 300 285 284 299 310 325 336 354 356 351 298 352 357 353 338 323 308 309 327 339 340 341 324
7 1 1 1 184 2 105 155 129 103 81 54 31 20 36 48 62 74 89 116 125 137 148 158 171 142 45 100 117 92 68 56 71 86 111 122 132 107 83 98
8 1 1 1 2 3 105 4 5 6 7 8 9 21 37 49 63 75 90 89 74 62 48 36 20 16 17 73 18 22 19 32 50 64 65 51 33 34 35 47
9 1 1 1 360 243 270 344 330 313 294 279 260 247 251 255 258 262 266 285 300 311 326 337 355 335 265 281 320 303 283 269 273 276 293 307 321 305 287 290
10 1 1 1 105 3 135 90 75 63 49 37 21 29 40 60 78 96 115 130 124 121 118 112 109 93 38 110 82 67 52 55 72 91 106 104 99 85 69 87
11 1 1 1 105 135 243 109 112 118 121 124 130 149 163 180 197 212 229 224 204 182 161 141 123 126 143 208 131 136 138 159 175 192 187 165 145 150 156 170
12 1 1 1 135 183 270 140 147 154 162 169 176 198 210 223 234 246 257 252 233 214 194 172 151 160 191 239 166 174 181 203 216 228 220 200 178 188 196 207
13 1 1 1 243 135 270 229 212 197 180 163 149 151 172 194 214 233 252 266 262 258 255 251 247 232 168 248 218 201 185 189 209 230 244 240 236 221 205 225
14 1 1 1 184 105 243 171 158 148 137 125 116 123 141 161 182 204 224 235 227 219 211 202 193 179 133 217 167 157 144 152 173 195 206 199 190 177 164 186
