1 1 1 1 188 187 128 193 194 195 196 176 166 154 140 141 155 167 177 178 179 153 180 165 168
2 1 1 1 3 1 71 8 9 10 11 21 30 43 58 57 44 29 17 18 19 45 20 31 32
3 1 1 1 1 97 71 22 39 56 75 91 86 81 76 58 43 30 21 34 70 62 52 66 48
4 1 1 1 187 98 128 175 157 138 119 104 110 116 122 140 154 166 176 160 124 135 143 130 148
5 1 1 1 97 186 142 118 137 156 174 181 170 161 150 132 125 115 107 127 164 144 146 152 134
6 1 1 1 186 188 142 189 190 191 192 182 171 162 151 150 161 170 181 183 184 163 185 172 173
7 1 1 1 98 2 55 77 59 40 23 12 24 35 46 64 72 80 88 68 33 53 50 42 61
8 1 1 1 2 3 55 4 5 6 7 13 25 36 47 46 35 24 12 14 15 37 16 26 27
9 1 1 1 188 128 142 177 167 155 141 131 133 136 139 151 162 171 182 169 145 149 158 147 159
10 1 1 1 55 3 71 47 36 25 13 17 29 44 57 67 65 63 60 49 28 54 38 41 51
11 1 1 1 55 71 128 60 63 65 67 82 93 106 117 113 99 83 69 73 79 103 74 89 87
12 1 1 1 71 97 142 76 81 86 91 107 115 125 132 129 114 100 84 90 102 120 95 111 105
13 1 1 1 128 71 142 117 106 93 82 84 100 114 129 139 136 133 131 121 96 126 109 112 123
14 1 1 1 98 55 128 88 80 72 64 69 83 99 113 122 116 110 104 94 78 108 85 92 101
