1 1 1 1 267 266 180 273 274 275 276 277 254 241 228 211 196 197 212 229 242 255 253 256 210 257 258 243 226 227 240 244
2 1 1 1 3 1 100 9 10 11 12 13 21 34 50 68 83 84 69 51 35 25 22 20 67 24 23 36 52 53 37 38
3 1 1 1 1 137 100 26 46 66 88 110 130 124 118 111 106 83 68 50 34 21 40 105 89 61 82 99 95 73 57 77
4 1 1 1 266 138 180 252 231 208 187 163 145 153 160 167 174 196 211 228 241 254 234 170 189 215 192 177 183 205 220 199
5 1 1 1 137 265 201 162 186 207 230 251 259 247 237 223 213 190 179 171 159 149 173 239 202 195 218 225 216 193 182 204
6 1 1 1 265 267 201 268 269 270 271 272 260 248 238 224 214 213 223 237 247 259 261 262 222 263 264 249 236 235 250 246
7 1 1 1 138 2 78 112 90 70 47 27 17 29 41 54 64 87 97 107 116 125 102 39 75 80 59 49 62 85 93 72
8 1 1 1 2 3 78 4 5 6 7 8 18 30 42 55 65 64 54 41 29 17 14 19 56 15 16 31 43 44 32 28
9 1 1 1 267 180 201 255 242 229 212 197 184 188 191 194 198 214 224 238 248 260 245 200 209 232 217 203 206 221 233 219
10 1 1 1 78 3 100 65 55 42 30 18 25 35 51 69 84 96 92 91 86 81 71 33 79 58 45 48 63 76 74 60
11 1 1 1 78 100 180 81 86 91 92 96 113 126 141 155 168 165 146 127 109 94 98 108 151 101 104 121 136 132 115 119
12 1 1 1 100 137 201 106 111 118 124 130 149 159 171 179 190 185 169 152 133 117 122 143 175 128 135 154 164 157 140 147
13 1 1 1 180 100 201 168 155 141 126 113 117 133 152 169 185 198 194 191 188 184 172 129 181 158 144 148 166 178 176 161
14 1 1 1 138 78 180 125 116 107 97 87 94 109 127 146 165 174 167 160 153 145 134 103 156 123 114 120 139 150 142 131
