1 0.997444514164716 0.504672456348434 0
2 0.944573204325002 0.527637974976114 0
3 0.946670523856444 0.597507740403621 0
4 0.990931103278542 0.623647515531975 0
5 0.847051232942161 0.628035838692762 0
6 0.706869999298462 0.624688395964123 0
7 0.953814200782588 0.736062273608346 0
8 0.754575618954019 0.675937021104107 0
9 0.653027638337479 0.645292364231779 0
10 0.894923111355601 0.744457980870103 0
11 0.741446714435332 0.725508005652275 0
12 0.847051232942161 0.779651887697418 0
13 0.990931103278542 0.870878949167397 0
14 0.946670523856444 0.870305238490804 0
15 0.915538848953034 0.901660402117131 0
16 0.997444514164716 0.993785179418313 0
17 0.0027218192328457 0.495463634613951 0
18 0.059034456931925 0.475313747871152 0
19 0.0568006254783188 0.405332290870862 0
20 0.00965917994001041 0.376835443465584 0
21 0.162904012250881 0.380109361920231 0
22 0.312209468202685 0.390922077446365 0
23 0.0491919754978136 0.266397325166909 0
24 0.261398749042942 0.33713291634835 0
25 0.369556361533884 0.373185453845198 0
26 0.111916212757299 0.26113782976807 0
27 0.275382197642721 0.288261104230087 0
28 0.162904012250881 0.228493312915347 0
29 0.00965917994001041 0.129604009829791 0
30 0.0568006254783188 0.132534792783268 0
31 0.0899586224168478 0.102837529003798 0
32 0.0027218192328457 0.00635091154333678 0
33 0.0063509115433012 0.0027218192328518 0
34 0.0640425567518769 0.0590344569320575 0
35 0.132534792782631 0.0568006254784463 0
36 0.129604009828962 0.00965917994003209 0
37 0.228493312914534 0.162904012251247 0
38 0.317217568022637 0.312209468203385 0
39 0.26639732516533 0.049191975497924 0
40 0.337132916347254 0.261398749043528 0
41 0.37318545384434 0.369556361534713 0
42 0.313472978736967 0.111916212757551 0
43 0.395327027531672 0.275382197643339 0
44 0.380109361918398 0.162904012251247 0
45 0.37683544346309 0.00965917994003209 0
46 0.405332290868387 0.0568006254784463 0
47 0.457134885939927 0.0899586224170497 0
48 0.495463634610622 0.0027218192328518 0
49 0.993815421854266 0.997414271728792 0
50 0.939565104505057 0.943917265914583 0
51 0.870936356552246 0.946039405795512 0
52 0.870986273389771 0.990823779056976 0
53 0.781461932278606 0.84524118836142 0
54 0.701861899478518 0.703401005206983 0
55 0.736608851115398 0.953267623277004 0
56 0.678841451649821 0.751671188408815 0
57 0.649398546027029 0.648921456542259 0
58 0.693366345376236 0.893679597880399 0
59 0.621501884546561 0.738386912239004 0
60 0.629845883274971 0.84524118836142 0
61 0.623754839756014 0.990823779056976 0
62 0.5981388584669 0.946039405795512 0
63 0.548362585430506 0.91453930870386 0
64 0.504702698787681 0.997414271728792 0
65 0.505216820195 0.00204136442463301 0
66 0.539444866362435 0.0442758426989163 0
67 0.608867865499222 0.0426004691087127 0
68 0.625579351519967 0.00724438495500332 0
69 0.66061664114276 0.122178009188085 0
70 0.687130289604318 0.234157101151868 0
71 0.745900668707854 0.0368939816233373 0
72 0.72821677091241 0.196049061782085 0
73 0.719203636538152 0.277167271150241 0
74 0.766841223421441 0.0839371595679225 0
75 0.780584445180518 0.206536648231913 0
76 0.812232690147416 0.122178009188085 0
77 0.872810785155388 0.00724438495500332 0
78 0.881665363586406 0.0426004691087127 0
79 0.919652126600403 0.067468966812594 0
80 0.994329543264879 0.00204136442463301 0
81 0.997958635575359 0.00567045673508851 0
82 0.955724157300904 0.0492839425188682 0
83 0.957399530891114 0.118334636413025 0
84 0.992755615044967 0.127189214843955 0
85 0.877821990811418 0.187767309851738 0
86 0.765842898847179 0.23916520097182 0
87 0.963106018376513 0.254099331290854 0
88 0.803950938217118 0.271783229086397 0
89 0.722832728848631 0.280796363460697 0
90 0.916062840431736 0.28549392554759 0
91 0.793463351767247 0.326481478120864 0
92 0.877821990811418 0.339383358855602 0
93 0.992755615044967 0.374420648478083 0
94 0.957399530891114 0.391132134498781 0
95 0.932531033187131 0.434645230335674 0
96 0.997958635575359 0.494783179802409 0
97 0.494873907113501 0.997867908267605 0
98 0.462522948869227 0.953756342070006 0
99 0.393025488683885 0.955506176708663 0
100 0.374742621145247 0.992433642380327 0
101 0.344813492599184 0.872391857070181 0
102 0.323276692669072 0.755435916574636 0
103 0.255739063809042 0.961466285860057 0
104 0.280496520722342 0.79523764658309 0
105 0.293114908846138 0.71051418346521 0
106 0.236889317003973 0.912332300006808 0
107 0.228594961407458 0.784283945179932 0
108 0.193197443594299 0.872391857070181 0
109 0.127511187509454 0.992433642380327 0
110 0.120227990596291 0.955506176708663 0
111 0.0833464941468013 0.929532412440157 0
112 0.0057611840428865 0.997867908267605 0
113 0.00213209173240152 0.994238815957155 0
114 0.046243657930132 0.948748242250061 0
115 0.0444938232914691 0.879772009404465 0
116 0.00756635761969513 0.872488812491556 0
117 0.127608142930199 0.806802556406626 0
118 0.244564083426093 0.750427816754692 0
119 0.0385337141400574 0.744260936192867 0
120 0.204762353417521 0.719503479278892 0
121 0.289485816535653 0.70688509115476 0
122 0.0876676999934532 0.710775534027443 0
123 0.21571605482071 0.664339115291162 0
124 0.127608142930199 0.655186507402991 0
125 0.00756635761969513 0.6252573788578 0
126 0.0444938232914691 0.606974511319119 0
127 0.0704675875600533 0.562356148917629 0
128 0.00213209173240152 0.505126092890569 0
129 0.995403149740075 0.499455636152137 0
130 0.952197620344347 0.467003062153411 0
131 0.904070054747558 0.488639874903313 0
132 0.908294463998001 0.528849616960473 0
133 0.831636191594006 0.423829583460261 0
134 0.762316361890623 0.319317638912521 0
135 0.810157251318674 0.533751218988449 0
136 0.750621462073562 0.369290969490929 0
137 0.720277243013347 0.285468819810424 0
138 0.774133284387446 0.492663112776874 0
139 0.709002200720281 0.373844523300964 0
140 0.724873223753579 0.467419197549333 0
141 0.734202329480299 0.599928654131039 0
142 0.711975149845133 0.5670691556038 0
143 0.673977747622463 0.553087312686339 0
144 0.650986273912837 0.640075544035482 0
145 0.292207635768501 0.702348725766679 0
146 0.303598540358018 0.652037055201439 0
147 0.261562978895839 0.624835770148318 0
148 0.225375234760721 0.648240482057804 0
149 0.290512155181083 0.5352958693217 0
150 0.358453126132817 0.428399128578687 0
151 0.176800118428016 0.573199881573262 0
152 0.305892572334411 0.444107427666034 0
153 0.371688453266289 0.378311546733735 0
154 0.199583912750756 0.524248512765191 0
155 0.282948555262416 0.413518483086816 0
156 0.201437726390941 0.472754249107941 0
157 0.0801267675000637 0.546257515684271 0
158 0.101294448769788 0.512306802188545 0
159 0.097524980036543 0.47532634149632 0
160 0.00485391096525017 0.500589727502488 0
161 0.296910334554147 0.703392089805921 0
162 0.350318581101374 0.693093057714267 0
163 0.359701837361303 0.646609343248028 0
164 0.32236359368949 0.625176686875428 0
165 0.458262050706347 0.635646419601872 0
166 0.589428313968323 0.650897222502037 0
167 0.375504957291321 0.554152793262258 0
168 0.552933398505767 0.612509655986905 0
169 0.643365180060859 0.642252999421782 0
170 0.432201619853833 0.55406594041213 0
171 0.573324221519955 0.580889517257851 0
172 0.482899658669273 0.535200787136551 0
173 0.362538701654706 0.461385862092392 0
174 0.404031430799875 0.465881000765744 0
175 0.43837706399398 0.448002621679447 0
176 0.376391152051935 0.379354910772978 0
177 0.378402274040632 0.37159772595935 0
178 0.43036694380885 0.356485310902302 0
179 0.446000781847388 0.303999218152241 0
180 0.413840455750029 0.282626582598342 0
181 0.540726003062126 0.285082021439335 0
182 0.662444037473816 0.293191558083926 0
183 0.474393981622564 0.199797993874588 0
184 0.633549061781708 0.252849687260531 0
185 0.714667271150066 0.279889090383097 0
186 0.527979053188507 0.195853372325477 0
187 0.657419888644289 0.216195828171945 0
188 0.578630015312922 0.171369984686013 0
189 0.475648314158285 0.0972030073720531 0
190 0.514200156368521 0.0994010945871589 0
191 0.549256136428751 0.0771281467526262 0
192 0.500680454806914 0.00476318365748857 0
193 0.64644990852475 0.63916827095788 0
194 0.656334031824405 0.583991504645638 0
195 0.617307440714432 0.548135613777934 0
196 0.584271292118617 0.569942446659137 0
197 0.642886597923739 0.451021872383605 0
198 0.70415597839722 0.339255660416739 0
199 0.538650564233381 0.47944988157218 0
200 0.655953752942861 0.350357427665063 0
201 0.715740877625259 0.284561546732822 0
202 0.55903999431192 0.427227565953443 0
203 0.634463417684107 0.313076862879328 0
204 0.560129504508714 0.369528246043992 0
205 0.449324134592642 0.437055551080733 0
206 0.46840547300854 0.401506958556773 0
207 0.464491807060314 0.359432756686299 0
208 0.379475880515825 0.376270182309075 0
209 0.499576605899147 0.995282179996397 0
210 0.52121997239364 0.940975007270358 0
211 0.491164347149349 0.901545582504176 0
212 0.454332767537537 0.920356191497132 0
213 0.537200996087373 0.806707474221477 0
214 0.621083449060435 0.700458746562758 0
215 0.429806294709422 0.825659480347185 0
216 0.57186694033227 0.707177365117479 0
217 0.644272453138495 0.646789364809863 0
218 0.46100256239947 0.775264997867202 0
219 0.559145735630213 0.667919324679161 0
220 0.474659375872631 0.717633045431601 0
221 0.352349801162401 0.775107724236908 0
222 0.378635379187806 0.741277052378602 0
223 0.384023470139022 0.698823253883793 0
224 0.297817607631784 0.707928455194002 0
