1 0.984251483825714 0.528794624246481 0
2 0.9218505308997 0.550326385718223 0
3 0.987029809089071 0.616277016312276 0
4 0.933736671834178 0.621156026053906 0
5 0.846108039661967 0.625742037283532 0
6 0.739036326678136 0.624966504602231 0
7 0.955700587342972 0.736631538191657 0
8 0.882638888888969 0.714583333332844 0
9 0.780443322998552 0.683743251318698 0
10 0.67941369901548 0.653255021596117 0
11 0.739036326678136 0.717528793155488 0
12 0.846108039661967 0.781376424523343 0
13 0.933736671834178 0.838850722625928 0
14 0.987029809089071 0.875894821124821 0
15 0.9218505308997 0.902506479084025 0
16 0.984251483825714 0.961700354155934 0
17 0.0167735675229011 0.472044054130361 0
18 0.0832361209351939 0.453835420329156 0
19 0.0138144045205105 0.384413703914317 0
20 0.0705763258570578 0.382372790239468 0
21 0.163908596809667 0.382453392557403 0
22 0.277949474543875 0.388930969125339 0
23 0.0471828063802454 0.265727602127719 0
24 0.12499999999986 0.291666666667494 0
25 0.233847348285464 0.327949116095892 0
26 0.341452864953777 0.363817621651862 0
27 0.277949474543875 0.296368680571943 0
28 0.163908596809667 0.226819005317358 0
29 0.0705763258570578 0.16467809366712 0
30 0.0138144045205105 0.124795899101382 0
31 0.0832361209351939 0.101655326962825 0
32 0.0167735675229011 0.0391383242202574 0
33 0.039138324220069 0.0167735675229387 0
34 0.101655326962514 0.0832361209353807 0
35 0.124795899100603 0.0138144045205415 0
36 0.164678093666328 0.0705763258572162 0
37 0.226819005316567 0.163908596810035 0
38 0.296368680571195 0.277949474544499 0
39 0.265727602126142 0.0471828063803513 0
40 0.29166666666609 0.12500000000014 0
41 0.327949116094733 0.233847348285988 0
42 0.363817621650945 0.341452864954543 0
43 0.388930969123968 0.277949474544499 0
44 0.382453392555563 0.163908596810035 0
45 0.38237279023721 0.0705763258572162 0
46 0.38441370391179 0.0138144045205415 0
47 0.453835420326473 0.0832361209353807 0
48 0.472044054127257 0.0167735675229387 0
49 0.961886727128579 0.984065110853219 0
50 0.903431324872408 0.920925685111442 0
51 0.876048314509145 0.986876315705494 0
52 0.839634904025049 0.93295249043569 0
53 0.783197631155162 0.844286833030572 0
54 0.720617120650844 0.735947999182904 0
55 0.737155791597405 0.955176333938696 0
56 0.715972222222989 0.881249999999947 0
57 0.686341555189423 0.77784501912846 0
58 0.657048942318345 0.675619778293402 0
59 0.62805483209821 0.735947999182904 0
60 0.627563243916399 0.844286833030572 0
61 0.621940207454494 0.93295249043569 0
62 0.616430509698348 0.986876315705494 0
63 0.551251231508978 0.920925685111442 0
64 0.528980997222042 0.984065110853219 0
65 0.532149337751043 0.012580175642168 0
66 0.566973609905171 0.0624270907013567 0
67 0.619039897216363 0.0103608033903765 0
68 0.635271291225241 0.0529322443927605 0
69 0.658523756645287 0.122931447607174 0
70 0.680556399510702 0.208462105907777 0
71 0.746068099467655 0.0353871047851621 0
72 0.739583333332679 0.0937499999998366 0
73 0.730512720975535 0.175385511213989 0
74 0.721545594586499 0.256089648715174 0
75 0.773118688063959 0.208462105907777 0
76 0.814158143885097 0.122931447607174 0
77 0.852965987797262 0.0529322443927605 0
78 0.878657702028908 0.0103608033903765 0
79 0.919153703270973 0.0624270907013567 0
80 0.965055067660496 0.012580175642168 0
81 0.987419824357781 0.034944932339336 0
82 0.937572909298389 0.0808462967286765 0
83 0.989639196609581 0.121342297970469 0
84 0.947067755607024 0.14703401220203 0
85 0.877068552392326 0.185841856114074 0
86 0.791537894091375 0.226881311935097 0
87 0.964612895214694 0.253931900531058 0
88 0.906249999999782 0.260416666666067 0
89 0.824614488785298 0.269487279023259 0
90 0.743910351283784 0.278454405412342 0
91 0.791537894091375 0.31944360048787 0
92 0.877068552392326 0.34147624335307 0
93 0.947067755607024 0.364728708772913 0
94 0.989639196609581 0.380960102781656 0
95 0.937572909298389 0.433026390092636 0
96 0.987419824357781 0.467850662246524 0
97 0.468409781167063 0.986860705440398 0
98 0.435800927459852 0.934798371934117 0
99 0.381420582934871 0.989178716458937 0
100 0.367081252970429 0.944715211411988 0
101 0.346939863248618 0.871604932499132 0
102 0.328708582974126 0.782272911607362 0
103 0.255504660745326 0.963040135002152 0
104 0.264583333334173 0.902083333333472 0
105 0.277282190634008 0.816819577176441 0
106 0.289836167578495 0.73252858911962 0
107 0.23614629442073 0.782272911607362 0
108 0.191305476008574 0.871604932499132 0
109 0.149386556398081 0.944715211411988 0
110 0.121802778121936 0.989178716458937 0
111 0.0836208340935207 0.934798371934117 0
112 0.0355040512569597 0.986860705440398 0
113 0.0131392945596411 0.964495948743264 0
114 0.0652016280660768 0.916379165906825 0
115 0.0108212835410956 0.878197221879011 0
116 0.055284788588177 0.850613443602859 0
117 0.12839506750125 0.808694523992327 0
118 0.217727088393286 0.76385370558007 0
119 0.0369598649979581 0.744495339256584 0
120 0.0979166666668195 0.735416666667492 0
121 0.183180422824105 0.722717809367313 0
122 0.267471410881177 0.710163832422486 0
123 0.217727088393286 0.671291417027437 0
124 0.12839506750125 0.653060136753564 0
125 0.055284788588177 0.632918747032304 0
126 0.0108212835410956 0.618579417068214 0
127 0.0652016280660768 0.564199072543395 0
128 0.0131392945596411 0.531590218836726 0
129 0.971671308183495 0.496645286494196 0
130 0.92460271838746 0.456741117852867 0
131 0.911489727509282 0.523848777053864 0
132 0.880804427441202 0.485884734827635 0
133 0.832769139735298 0.422473394305895 0
134 0.778567703180446 0.3431583282481 0
135 0.810720934876661 0.535308325054566 0
136 0.788888888888751 0.474999999999347 0
137 0.758351160619475 0.390643305077981 0
138 0.728161835109498 0.307249029660014 0
139 0.713388424991075 0.369769986207304 0
140 0.723176592054293 0.467218280637581 0
141 0.727511078605576 0.548471960092427 0
142 0.728675523287718 0.598488895937871 0
143 0.676609235976526 0.557992894696078 0
144 0.666833523373261 0.621105683843832 0
145 0.284244978404078 0.682207886550972 0
146 0.30096320932848 0.625126837354685 0
147 0.231541492913797 0.648267409493242 0
148 0.253756748681163 0.605090599605497 0
149 0.292303664310917 0.535513529309426 0
150 0.343151102609952 0.453130041666826 0
151 0.175577873881496 0.574422126119787 0
152 0.222916666666679 0.527083333334299 0
153 0.289132136873641 0.460867863126912 0
154 0.354592159513418 0.395407840486713 0
155 0.28877075808497 0.414948097639011 0
156 0.200868461807625 0.471314344573683 0
157 0.125861114445235 0.515291537270488 0
158 0.0790160325865873 0.5411750650092 0
159 0.0940574044762895 0.479852548842829 0
160 0.0299128620825422 0.503634272965212 0
161 0.313225975624244 0.688637754101325 0
162 0.375355012974263 0.68017458918461 0
163 0.324831430472287 0.630422359087472 0
164 0.375696956134372 0.632144857850315 0
165 0.458775505036399 0.637253754895926 0
166 0.559250958049222 0.647722363582827 0
167 0.373825068668019 0.553600271754928 0
168 0.438888888888982 0.575000000000226 0
169 0.529897366205722 0.604933020778632 0
170 0.619867534309116 0.634524537862286 0
171 0.574292329938924 0.586399847416455 0
172 0.484066092962528 0.534145973349823 0
173 0.41107234432685 0.48792212137173 0
174 0.367019323753758 0.458425563399613 0
175 0.432584278145437 0.446855277330379 0
176 0.383573156733585 0.401837708037067 0
177 0.395966959403179 0.354033040596711 0
178 0.45590457903035 0.340376565245855 0
179 0.415408577788285 0.288310277934875 0
180 0.46322040732079 0.286779592678749 0
181 0.540977149201828 0.286840044417209 0
182 0.634391819838387 0.291698226843158 0
183 0.472887104784386 0.199295701595197 0
184 0.531249999999206 0.218749999999977 0
185 0.612885511213561 0.245961837071205 0
186 0.693589648714947 0.272863216238113 0
187 0.657532391976476 0.222276510428318 0
188 0.579885746011403 0.170114253987525 0
189 0.517644081463266 0.123508570249977 0
190 0.480313028990791 0.0935969243257571 0
191 0.543949602370945 0.0762414952218982 0
192 0.504193391879491 0.0293537431651067 0
193 0.638877577501708 0.615514494669603 0
194 0.6535852284423 0.5533880931893 0
195 0.589948655062146 0.570743522293159 0
196 0.609883868843602 0.524946518140373 0
197 0.64453858142041 0.451490678511032 0
198 0.69036441745685 0.365165184700526 0
199 0.537539940193393 0.480672126118704 0
200 0.580555555555277 0.433333333333257 0
201 0.640723950857501 0.367117863125927 0
202 0.700205889237946 0.301657840485785 0
203 0.639840834954874 0.315412954603388 0
204 0.55958814505203 0.367837195370034 0
205 0.49105884696473 0.407935618733471 0
206 0.448240603268659 0.431198952207083 0
207 0.461353594146837 0.364091293006086 0
208 0.402583199926178 0.382827664844383 0
209 0.49739077838723 0.970925816293617 0
210 0.525234102995337 0.910104401570378 0
211 0.459669148603659 0.921674687639612 0
212 0.489021460423639 0.877667701847678 0
213 0.538702291900229 0.807326968032724 0
214 0.60203770358457 0.725126715641841 0
215 0.42846126760572 0.826781266437829 0
216 0.480555555556475 0.783333333333419 0
217 0.553422808158568 0.722560230540448 0
218 0.625458723483533 0.6624804837338 0
219 0.563855759556155 0.670746371117021 0
220 0.474503107163477 0.715891765529704 0
221 0.399222398087218 0.749772067612131 0
222 0.352576804117933 0.769149227312857 0
223 0.379959814481197 0.703198596718804 0
224 0.318817164798662 0.71659369997284 0
