1 0.828878078791125 0.583839588064987 0
2 0.828878078791125 0.812879725760706 0
3 0.990160509084661 0.747030686172833 0
4 0.847051232942161 0.628035838692762 0
5 0.847051232942161 0.779651887697418 0
6 0.953814200782588 0.736062273608346 0
7 0.862726533632949 0.666157427946782 0
8 0.862726533632949 0.750991130812949 0
9 0.922463599401012 0.726601441238795 0
10 0.894923111355601 0.744457980870103 0
11 0.894923111355601 0.692122831899671 0
12 0.85807044395571 0.707169187228751 0
13 0.917596947656274 0.799599677435783 0
14 0.917596947656274 0.650665935941449 0
15 0.812722771354359 0.6934843866213 0
16 0.946670523856444 0.870305238490804 0
17 0.946670523856444 0.597507740403621 0
18 0.754575618954019 0.675937021104107 0
19 0.96030827498071 0.903471603651075 0
20 0.96030827498071 0.5725724439692 0
21 0.727300116705491 0.66770595237825 0
22 0.972637600076126 0.933455938646518 0
23 0.972637600076126 0.550029476782805 0
24 0.702641466514652 0.660264584569215 0
25 0.987714723289974 0.970122788592709 0
26 0.987714723289974 0.522462429012983 0
27 0.672487220086956 0.651164782392846 0
28 0.997444514164716 0.993785179418313 0
29 0.997444514164716 0.504672456348434 0
30 0.653027638337479 0.645292364231779 0
31 0.920001578304392 0.53330825384822 0
32 0.728370104210539 0.724509372878245 0
33 0.999544984151979 0.885932373272061 0
34 0.999544984151979 0.613793001776934 0
35 0.920001578304392 0.918408675068102 0
36 0.728370104210539 0.611548323153489 0
37 0.846840033812077 0.565232617895459 0
38 0.802977777677721 0.79794630310862 0
39 0.998098855177109 0.780571078994452 0
40 0.998098855177109 0.718281484483919 0
41 0.846840033812077 0.842327639197279 0
42 0.802977777677721 0.583140876317334 0
43 0.887224328589657 0.549236506411437 0
44 0.762940039145463 0.756942594304471 0
45 0.997752298931788 0.837570899282625 0
46 0.997752298931788 0.661072500071353 0
47 0.887224328589657 0.882697703742229 0
48 0.762940039145463 0.59997979618495 0
49 0.967696240697269 0.51570321457755 0
50 0.681990775435963 0.675713246908691 0
51 0.998229650533676 0.95233353851229 0
52 0.998229650533676 0.546597966542234 0
53 0.967696240697269 0.96479984193673 0
54 0.681990775435963 0.632352191519568 0
55 0.986617018208085 0.508877436964326 0
56 0.663703236390243 0.656310013722625 0
57 0.997596412068583 0.978562549311575 0
58 0.997596412068583 0.51998676447999 0
59 0.986617018208085 0.983045260414421 0
60 0.663703236390243 0.640717975104114 0
61 0.944573204325002 0.527637974976114 0
62 0.706869999298462 0.698392905387005 0
63 0.996473463043444 0.917719119635412 0
64 0.996473463043444 0.580152437939804 0
65 0.944573204325002 0.938909166094605 0
66 0.706869999298462 0.624688395964123 0
67 0.915538848953034 0.54736304517886 0
68 0.741446714435332 0.725508005652275 0
69 0.990931103278542 0.870878949167397 0
70 0.990931103278542 0.623647515531975 0
71 0.915538848953034 0.901660402117131 0
72 0.741446714435332 0.618442082349425 0
73 0.872565860493203 0.567143272289728 0
74 0.785993545303418 0.768346975477534 0
75 0.989357260870285 0.80825975223127 0
76 0.989357260870285 0.685316819416969 0
77 0.872565860493203 0.855943815107534 0
78 0.785993545303418 0.60248936547403 0
79 0.970582747080507 0.527263089439665 0
80 0.688074218186622 0.669130293762072 0
81 0.989259701399778 0.947356616796795 0
82 0.989259701399778 0.546161072804156 0
83 0.970582747080507 0.954982118856208 0
84 0.688074218186622 0.642606808338168 0
85 0.947735616033829 0.544316986660493 0
86 0.716361585016972 0.690026643702366 0
87 0.983819465616106 0.909406369635673 0
88 0.983819465616106 0.580827864048518 0
89 0.947735616033829 0.924138828932706 0
90 0.716361585016972 0.638783307017307 0
91 0.90009997755225 0.574508983398828 0
92 0.771562175138197 0.735137368656325 0
93 0.976254513976459 0.834103647943378 0
94 0.976254513976459 0.651564756940571 0
95 0.90009997755225 0.865196328495544 0
96 0.771562175138197 0.626988914562417 0
97 0.856737511677024 0.593514330880532 0
98 0.815840864259218 0.778638920494857 0
99 0.975338290730665 0.771596748623144 0
100 0.975338290730665 0.713518669449737 0
101 0.856737511677024 0.820019551905819 0
102 0.815840864259218 0.610211778642976 0
103 0.9316557004017 0.569859647953913 0
104 0.745804815565563 0.700840826210374 0
105 0.970456150699645 0.873049525834245 0
106 0.970456150699645 0.609119275178505 0
107 0.9316557004017 0.888891129802182 0
108 0.745804815565563 0.645739595017845 0
109 0.885877698660248 0.606782080219147 0
110 0.80442118785963 0.741918877865161 0
111 0.957617780147032 0.795049041914217 0
112 0.957617780147032 0.679371156753194 0
113 0.885877698660248 0.824339371042211 0
114 0.80442118785963 0.64003947220312 0
115 0.919275219331387 0.606992087839006 0
116 0.780773334747142 0.704145486762653 0
117 0.947868112588378 0.832612425396873 0
118 0.947868112588378 0.635923358531024 0
119 0.919275219331387 0.844286446904267 0
120 0.780773334747142 0.663540194563241 0
121 0.885355286002744 0.642693538056154 0
122 0.83008105843824 0.732184250456061 0
123 0.932480322225924 0.768872211486317 0
124 0.932480322225924 0.690376267015757 0
125 0.885355286002744 0.788112610891214 0
126 0.83008105843824 0.665261122091561 0
127 0.182260034423574 0.425273413656694 0
128 0.182260034423574 0.196233275960631 0
129 0.010479931152427 0.253493310385161 0
130 0.162904012250881 0.380109361920231 0
131 0.162904012250881 0.228493312915347 0
132 0.0491919754978136 0.266397325166909 0
133 0.146208425716321 0.341152993339437 0
134 0.146208425716321 0.256319290473143 0
135 0.0825831485669336 0.277527716189907 0
136 0.111916212757299 0.26113782976807 0
137 0.111916212757299 0.313472978738581 0
138 0.151167574484977 0.300389191495836 0
139 0.0877665646264153 0.204788650795779 0
140 0.0877665646264153 0.353722392290338 0
141 0.199466870746749 0.316488956916363 0
142 0.0568006254783188 0.132534792783268 0
143 0.0568006254783188 0.405332290870862 0
144 0.261398749042942 0.33713291634835 0
145 0.0422752100796988 0.0986421568530259 0
146 0.0422752100796988 0.429541316535399 0
147 0.290449579840178 0.346816526614062 0
148 0.029143384534291 0.0680012305802766 0
149 0.029143384534291 0.451427692444566 0
150 0.316713230931001 0.355571076977632 0
151 0.0130849101053478 0.030531456912594 0
152 0.0130849101053478 0.478191816492993 0
153 0.348830179788887 0.366276726596887 0
154 0.0027218192328457 0.00635091154333678 0
155 0.0027218192328457 0.495463634613951 0
156 0.369556361533884 0.373185453845198 0
157 0.0852054195574144 0.470952017130294 0
158 0.289309948177997 0.289956124530874 0
159 0.000484632264164456 0.114091858341319 0
160 0.000484632264164456 0.386231229836854 0
161 0.0852054195574144 0.0858515959098333 0
162 0.289309948177997 0.402917174255799 0
163 0.163128958069906 0.442923830008579 0
164 0.209846153952631 0.212546004589173 0
165 0.00202488797704273 0.219530165404728 0
166 0.00202488797704273 0.281819759915355 0
167 0.163128958069906 0.165828808706343 0
168 0.209846153952631 0.427351431380783 0
169 0.12011609972694 0.456769298575506 0
170 0.252489899134899 0.255681900652469 0
171 0.00239400113773981 0.162548800774505 0
172 0.00239400113773981 0.339047199986042 0
173 0.12011609972694 0.123308101244213 0
174 0.252489899134899 0.412644698772226 0
175 0.0344063708549651 0.486017103965903 0
176 0.33870804983137 0.341222155583136 0
177 0.00188557931324413 0.0477607404534423 0
178 0.00188557931324413 0.453496312424109 0
179 0.0344063708549651 0.0369204766060477 0
180 0.33870804983137 0.384583210972324 0
181 0.014254063447004 0.491835266208753 0
182 0.358185902069407 0.36159928138112 0
183 0.00256003448316463 0.0215654524126136 0
184 0.00256003448316463 0.480141237244887 0
185 0.014254063447004 0.017667442757945 0
186 0.358185902069407 0.377191319999654 0
187 0.059034456931925 0.475313747871152 0
188 0.312209468202685 0.317217568023371 0
189 0.00375607486496954 0.0824686841079572 0
190 0.00375607486496954 0.420035365804073 0
191 0.059034456931925 0.0640425567520432 0
192 0.312209468202685 0.390922077446365 0
193 0.0899586224168478 0.457134885942602 0
194 0.275382197642721 0.288261104230087 0
195 0.00965917994001041 0.129604009829791 0
196 0.00965917994001041 0.376835443465584 0
197 0.0899586224168478 0.102837529003798 0
198 0.275382197642721 0.395327027533098 0
199 0.13572866929712 0.439643161175687 0
200 0.227935868907502 0.243049817968036 0
201 0.0113354617949573 0.192307020858758 0
202 0.0113354617949573 0.315249953673244 0
203 0.13572866929712 0.150842618357447 0
204 0.227935868907502 0.408907427971789 0
205 0.0313319853580261 0.474303509828926 0
206 0.332228643351381 0.347481138405769 0
207 0.0114393712901722 0.0532153517677849 0
208 0.0114393712901722 0.454410895761027 0
209 0.0313319853580261 0.0465844804117392 0
210 0.332228643351381 0.374004623829714 0
211 0.055666207774595 0.458466323728884 0
212 0.30210008696404 0.325078360646097 0
213 0.0172337052609444 0.0914553156274988 0
214 0.0172337052609444 0.420033821215147 0
215 0.055666207774595 0.0786444814560996 0
216 0.30210008696404 0.376321697331234 0
217 0.106402390772704 0.430811136140374 0
218 0.243306559024298 0.277027959295123 0
219 0.0252910502025766 0.167160904566983 0
220 0.0252910502025766 0.349699795570065 0
221 0.106402390772704 0.140123791043222 0
222 0.243306559024298 0.385176413389194 0
223 0.152587265669375 0.414115032403445 0
224 0.196145825049267 0.231168370757807 0
225 0.0262669092809368 0.229716596841229 0
226 0.0262669092809368 0.287794676014723 0
227 0.152587265669375 0.187609811377817 0
228 0.196145825049267 0.399595512609941 0
229 0.0727927451342521 0.433779989303397 0
230 0.270740433125317 0.312696195446158 0
231 0.0314668217400097 0.128523815252925 0
232 0.0314668217400097 0.392454065909062 0
233 0.0727927451342521 0.114748507454648 0
234 0.270740433125317 0.36779742663877 0
235 0.121550380125126 0.399295438787618 0
236 0.208308793995569 0.268496561834864 0
237 0.0451408258788806 0.207207999380004 0
238 0.0451408258788806 0.322885884541201 0
239 0.121550380125126 0.181738147964227 0
240 0.208308793995569 0.370375967497059 0
241 0.085979056333396 0.397306864978196 0
242 0.233495856482232 0.307529306061746 0
243 0.0555250871839515 0.170163828962538 0
244 0.0555250871839515 0.366852895828683 0
245 0.085979056333396 0.160012505912579 0
246 0.233495856482232 0.348134598261218 0
247 0.122106795973355 0.363411801742968 0
248 0.180978754326056 0.276864687260522 0
249 0.0719144497001681 0.23472351099899 0
250 0.0719144497001681 0.313219455469668 0
251 0.122106795973355 0.21799272890769 0
252 0.180978754326056 0.343787815625123 0
253 0.196233275960123 0.182260034423983 0
254 0.425273413654644 0.182260034423983 0
255 0.253493310383496 0.0104799311524505 0
256 0.228493312914534 0.162904012251247 0
257 0.380109361918398 0.162904012251247 0
258 0.26639732516533 0.049191975497924 0
259 0.256319290472068 0.146208425716649 0
260 0.341152993337791 0.146208425716649 0
261 0.277527716188404 0.0825831485671189 0
262 0.313472978736967 0.111916212757551 0
263 0.261137829766809 0.111916212757551 0
264 0.300389191494486 0.151167574485316 0
265 0.35372239228835 0.0877665646266123 0
266 0.204788650794794 0.0877665646266123 0
267 0.316488956915128 0.199466870747196 0
268 0.405332290868387 0.0568006254784463 0
269 0.132534792782631 0.0568006254784463 0
270 0.337132916347254 0.261398749043528 0
271 0.429541316532691 0.0422752100797937 0
272 0.0986421568525464 0.0422752100797937 0
273 0.346816526613025 0.29044957984083 0
274 0.451427692441661 0.0291433845343565 0
275 0.0680012305799544 0.0291433845343565 0
276 0.355571076976664 0.316713230931712 0
277 0.478191816489836 0.0130849101053772 0
278 0.0305314569124522 0.0130849101053772 0
279 0.366276726595992 0.34883017978967 0
280 0.495463634610622 0.0027218192328518 0
281 0.0063509115433012 0.0027218192328518 0
282 0.37318545384434 0.369556361534713 0
283 0.0858515959096327 0.0852054195576056 0
284 0.402917174254379 0.289309948178646 0
285 0.38623122983425 0.000484632264165544 0
286 0.114091858340547 0.000484632264165544 0
287 0.4709520171275 0.0852054195576056 0
288 0.289956124530215 0.289309948178646 0
289 0.165828808705959 0.163128958070272 0
290 0.427351431378847 0.209846153953102 0
291 0.281819759913466 0.00202488797704727 0
292 0.219530165403259 0.00202488797704727 0
293 0.442923830006329 0.163128958070272 0
294 0.212546004588684 0.209846153953102 0
295 0.123308101243922 0.12011609972721 0
296 0.41264469877058 0.252489899135466 0
297 0.339047199983769 0.00239400113774519 0
298 0.162548800773421 0.00239400113774519 0
299 0.45676929857297 0.12011609972721 0
300 0.255681900651881 0.252489899135466 0
301 0.0369204766059536 0.0344063708550424 0
302 0.384583210971255 0.33870804983213 0
303 0.453496312421063 0.00188557931324837 0
304 0.0477607404531291 0.00188557931324837 0
305 0.486017103962784 0.0344063708550424 0
306 0.341222155582358 0.33870804983213 0
307 0.0176674427578851 0.014254063447036 0
308 0.377191319998717 0.358185902070211 0
309 0.48014123724166 0.00256003448317037 0
310 0.0215654524124749 0.00256003448317037 0
311 0.4918352662055 0.014254063447036 0
312 0.361599281380288 0.358185902070211 0
313 0.0640425567518769 0.0590344569320575 0
314 0.390922077445134 0.312209468203385 0
315 0.420035365801261 0.00375607486497797 0
316 0.0824686841074186 0.00375607486497797 0
317 0.475313747868216 0.0590344569320575 0
318 0.317217568022637 0.312209468203385 0
319 0.102837529003509 0.0899586224170497 0
320 0.395327027531672 0.275382197643339 0
321 0.37683544346309 0.00965917994003209 0
322 0.129604009828962 0.00965917994003209 0
323 0.457134885939927 0.0899586224170497 0
324 0.288261104229382 0.275382197643339 0
325 0.150842618357041 0.135728669297425 0
326 0.408907427970058 0.227935868908013 0
327 0.315249953671172 0.0113354617949827 0
328 0.192307020857514 0.0113354617949827 0
329 0.439643161173335 0.135728669297425 0
330 0.243049817967422 0.227935868908013 0
331 0.0465844804115662 0.0313319853580964 0
332 0.374004623828687 0.332228643352127 0
333 0.454410895758018 0.0114393712901978 0
334 0.0532153517674779 0.0114393712901978 0
335 0.474303509825872 0.0313319853580964 0
336 0.347481138404921 0.332228643352127 0
337 0.0786444814558199 0.05566620777472 0
338 0.376321697330056 0.302100086964718 0
339 0.420033821212396 0.0172337052609831 0
340 0.0914553156269603 0.0172337052609831 0
341 0.458466323726046 0.05566620777472 0
342 0.325078360645265 0.302100086964718 0
343 0.140123791042756 0.106402390772943 0
344 0.385176413387692 0.243306559024844 0
345 0.349699795567823 0.0252910502026334 0
346 0.167160904565971 0.0252910502026334 0
347 0.430811136137951 0.106402390772943 0
348 0.27702795929435 0.243306559024844 0
349 0.187609811377238 0.152587265669718 0
350 0.39959551260813 0.196145825049708 0
351 0.287794676012903 0.0262669092809957 0
352 0.2297165968398 0.0262669092809957 0
353 0.414115032401341 0.152587265669718 0
354 0.231168370757131 0.196145825049708 0
355 0.114748507454202 0.0727927451344154 0
356 0.367797426637509 0.270740433125925 0
357 0.39245406590656 0.0314668217400803 0
358 0.128523815252201 0.0314668217400803 0
359 0.433779989300803 0.0727927451344154 0
360 0.312696195445268 0.270740433125925 0
361 0.181738147963544 0.121550380125399 0
362 0.370375967495495 0.208308793996036 0
363 0.322885884539224 0.0451408258789819 0
364 0.207207999378807 0.0451408258789819 0
365 0.39929543878547 0.121550380125399 0
366 0.268496561833986 0.208308793996036 0
367 0.160012505911887 0.085979056333589 0
368 0.348134598259922 0.233495856482756 0
369 0.366852895826462 0.0555250871840761 0
370 0.170163828961642 0.0555250871840761 0
371 0.397306864975907 0.085979056333589 0
372 0.307529306060723 0.233495856482756 0
373 0.21799272890677 0.12210679597363 0
374 0.34378781562362 0.180978754326462 0
375 0.313219455467882 0.0719144497003295 0
376 0.234723510997732 0.0719144497003295 0
377 0.363411801741069 0.12210679597363 0
378 0.27686468725947 0.180978754326462 0
379 0.814904837254597 0.826852967297332 0
380 0.585864699560421 0.826852967297332 0
381 0.747147129853957 0.990044065405179 0
382 0.781461932278606 0.84524118836142 0
383 0.629845883274971 0.84524118836142 0
384 0.736608851115398 0.953267623277004 0
385 0.752615668877368 0.861101995569277 0
386 0.667781966011773 0.861101995569277 0
387 0.727519031779835 0.92154600886129 0
388 0.693366345376236 0.893679597880399 0
389 0.745701494346315 0.893679597880399 0
390 0.708848826946424 0.856390804239047 0
391 0.651641119994739 0.916621763604774 0
392 0.800574861488071 0.916621763604774 0
393 0.695700685186156 0.810506472790291 0
394 0.5981388584669 0.946039405795512 0
395 0.870936356552246 0.946039405795512 0
396 0.678841451649821 0.751671188408815 0
397 0.5730421685283 0.959838550424223 0
398 0.903941328207947 0.959838550424223 0
399 0.670933169932728 0.724072899151397 0
400 0.55035329216939 0.97231378469238 0
401 0.933779754030521 0.97231378469238 0
402 0.663783620469047 0.699122430615076 0
403 0.522607816906184 0.9875693353999 0
404 0.970268176482895 0.9875693353999 0
405 0.655040673279878 0.668611329200036 0
406 0.504702698787681 0.997414271728792 0
407 0.993815421854266 0.997414271728792 0
408 0.649398546027029 0.648921456542259 0
409 0.919355401952175 0.919054851420329 0
410 0.614762878134328 0.725155549230471 0
411 0.613798386582473 0.999539599349043 0
412 0.885937758075767 0.999539599349043 0
413 0.534254980734886 0.919054851420329 0
414 0.727723927858322 0.725155549230471 0
415 0.844140183176028 0.845027489833346 0
416 0.585472500251832 0.800646153744688 0
417 0.718303983241106 0.998076356421806 0
418 0.78059357775122 0.998076356421806 0
419 0.567045161876074 0.845027489833346 0
420 0.800277927041672 0.800646153744688 0
421 0.88403232707268 0.885889705259228 0
422 0.602785239510022 0.760134595821469 0
423 0.661099100086264 0.997725698919144 0
424 0.837597499296347 0.997725698919144 0
425 0.550571129744133 0.885889705259228 0
426 0.759748037628486 0.760134595821469 0
427 0.965182134946284 0.967313947687732 0
428 0.636115614296147 0.678227352659693 0
429 0.546618917426536 0.998208699652415 0
430 0.952354489393859 0.998208699652415 0
431 0.516085507590129 0.967313947687732 0
432 0.679476669684978 0.678227352659693 0
433 0.983203638897209 0.986458639725325 0
434 0.644697818460961 0.659723393033529 0
435 0.520015209310805 0.99756796724099 0
436 0.978590994139302 0.99756796724099 0
437 0.509035815450307 0.986458639725325 0
438 0.660289857079367 0.659723393033529 0
439 0.939565104505057 0.943917265914583 0
440 0.628157390056131 0.703401005206983 0
441 0.580194172107778 0.996431728878273 0
442 0.917760853801113 0.996431728878273 0
443 0.528293913389336 0.943917265914583 0
444 0.701861899478518 0.703401005206983 0
445 0.902659942366392 0.91453930870386 0
446 0.621501884546561 0.738386912239004 0
447 0.623754839756014 0.990823779056976 0
448 0.870986273389771 0.990823779056976 0
449 0.548362585430506 0.91453930870386 0
450 0.72856780784869 0.738386912239004 0
451 0.857451911433306 0.871057764167533 0
452 0.605021986241134 0.783460924537533 0
453 0.685442768994527 0.989231311294774 0
454 0.808385701808001 0.989231311294774 0
455 0.568651368617445 0.871057764167533 0
456 0.770879596243521 0.783460924537533 0
457 0.95533025202699 0.970234613909828 0
458 0.646298237709379 0.684382788815692 0
459 0.546288176932598 0.989132597274319 0
460 0.947483720922535 0.989132597274319 0
461 0.527611222613326 0.970234613909828 0
462 0.672821723133105 0.684382788815692 0
463 0.924757342352639 0.947117102614052 0
464 0.642139974651067 0.713004917383711 0
465 0.58101934966526 0.983627980002077 0
466 0.909597855250202 0.983627980002077 0
467 0.544935500082984 0.947117102614052 0
468 0.693383311335781 0.713004917383711 0
469 0.866378577282249 0.898917728765772 0
470 0.629692320775017 0.768858768926553 0
471 0.651845768611701 0.975973502307514 0
472 0.834384659613279 0.975973502307514 0
473 0.575691232187492 0.898917728765772 0
474 0.737840774868196 0.768858768926553 0
475 0.821714965969213 0.855042097613866 0
476 0.612391176700661 0.813661466202903 0
477 0.713810523999092 0.975046436183071 0
478 0.771888603172108 0.975046436183071 0
479 0.595209744945451 0.855042097613866 0
480 0.780818318551407 0.813661466202903 0
481 0.889699938081813 0.930846892122352 0
482 0.648747822053517 0.742796588530544 0
483 0.609468906533637 0.970106519346944 0
484 0.873399157187599 0.970106519346944 0
485 0.570668456235692 0.930846892122352 0
486 0.703849053245675 0.742796588530544 0
487 0.825689930821921 0.884527138880949 0
488 0.642354014359948 0.802106645703899 0
489 0.679872721487106 0.957116215414996 0
490 0.79555060664735 0.957116215414996 0
491 0.608132640000322 0.884527138880949 0
492 0.744233420021303 0.802106645703899 0
493 0.845241769753007 0.918319896483145 0
494 0.666134592969624 0.778178936341531 0
495 0.636540303946336 0.947251167175163 0
496 0.83322937081086 0.947251167175163 0
497 0.607947410689345 0.918319896483145 0
498 0.706739885168762 0.778178936341531 0
499 0.789469353069474 0.88399854382513 0
500 0.66727199714092 0.828070183389977 0
501 0.691175316458573 0.931681272784733 0
502 0.769671260928604 0.931681272784733 0
503 0.644050280235393 0.88399854382513 0
504 0.73419512550497 0.828070183389977 0
505 0.620291594949502 0.136695025817596 0
506 0.849331732645221 0.136695025817596 0
507 0.749126672403307 0.00785994836431537 0
508 0.66061664114276 0.122178009188085 0
509 0.812232690147416 0.122178009188085 0
510 0.745900668707854 0.0368939816233373 0
511 0.695399113089886 0.109656319287173 0
512 0.780232815956053 0.109656319287173 0
513 0.743118070952091 0.0619373614251618 0
514 0.766841223421441 0.0839371595679225 0
515 0.714506074451009 0.0839371595679225 0
516 0.737402702125581 0.113375680863662 0
517 0.81715299036097 0.0658249234697707 0
518 0.668219248866636 0.0658249234697707 0
519 0.733377760770431 0.149600153059969 0
520 0.881665363586406 0.0426004691087127 0
521 0.608867865499222 0.0426004691087127 0
522 0.72821677091241 0.196049061782085 0
523 0.911926645666969 0.0317064075597545 0
524 0.581027485985094 0.0317064075597545 0
525 0.725795868345968 0.217837184879998 0
526 0.939284615553345 0.0218575384007047 0
527 0.555858153689632 0.0218575384007047 0
528 0.723607230755069 0.237534923198103 0
529 0.972739770613765 0.00981368257900478 0
530 0.525079411034039 0.00981368257900478 0
531 0.720930818350242 0.261622634841503 0
532 0.994329543264879 0.00204136442463301 0
533 0.505216820195 0.00204136442463301 0
534 0.719203636538152 0.277167271150241 0
535 0.55034933775961 0.0639040646680212 0
536 0.782371362513528 0.216982461133363 0
537 0.886029299724893 0.000363474198123117 0
538 0.613889928229766 0.000363474198123117 0
539 0.935449758979492 0.0639040646680212 0
540 0.669410312788772 0.216982461133363 0
541 0.597858409509262 0.122346718552353 0
542 0.839915533898917 0.157384615464376 0
543 0.780976056589859 0.0015186659827811 0
544 0.718686462079326 0.0015186659827811 0
545 0.874953430811082 0.122346718552353 0
546 0.62511010710763 0.157384615464376 0
547 0.573259726356694 0.0900870747951493 0
548 0.807440574131174 0.189367424351057 0
549 0.83804969951017 0.00179550085330375 0
550 0.661551300298898 0.00179550085330375 0
551 0.906720923687486 0.0900870747951493 0
552 0.650477776011654 0.189367424351057 0
553 0.522584488748506 0.0258047781412079 0
554 0.743454856874595 0.25403103737337 0
555 0.952710654374937 0.00141418448493222 0
556 0.546975082404881 0.00141418448493222 0
557 0.971681116107685 0.0258047781412079 0
558 0.700093801485472 0.25403103737337 0
559 0.511728249653711 0.0106905475852464 0
560 0.727947194136115 0.268639426551889 0
561 0.979074556208205 0.00192002586237228 0
562 0.520498771376621 0.00192002586237228 0
563 0.985896073103806 0.0106905475852464 0
564 0.712355155517604 0.268639426551889 0
565 0.539444866362435 0.0442758426989163 0
566 0.760834799027201 0.234157101151868 0
567 0.918470334608402 0.00281705614872541 0
568 0.580903652912794 0.00281705614872541 0
569 0.950716057480925 0.0442758426989163 0
570 0.687130289604318 0.234157101151868 0
571 0.565354769662131 0.067468966812594 0
572 0.780584445180518 0.206536648231913 0
573 0.872810785155388 0.00724438495500332 0
574 0.625579351519967 0.00724438495500332 0
575 0.919652126600403 0.067468966812594 0
576 0.673518521877668 0.206536648231913 0
577 0.594289006149004 0.101796501972777 0
578 0.813934149258785 0.17095190168052 0
579 0.810526844590249 0.00850159634621269 0
580 0.687583911775948 0.00850159634621269 0
581 0.883089548966809 0.101796501972777 0
582 0.648076539255281 0.17095190168052 0
583 0.533529486511236 0.023498989018505 0
584 0.735576022431985 0.249171482513381 0
585 0.949644491054817 0.00857952846762381 0
586 0.548448947062178 0.00857952846762381 0
587 0.961248515927779 0.023498989018505 0
588 0.709052537008081 0.249171482513381 0
589 0.555450228215351 0.0417496558309204 0
590 0.750446661094844 0.226575065222889 0
591 0.912853110687843 0.0129252789457003 0
592 0.584274605100689 0.0129252789457003 0
593 0.935272070487565 0.0417496558309204 0
594 0.699203324409785 0.226575065222889 0
595 0.595789461553253 0.0798017930794788 0
596 0.783798680460919 0.182479919268111 0
597 0.839161857983866 0.0189682876519207 0
598 0.656622966981059 0.0189682876519207 0
599 0.886476806649968 0.0798017930794788 0
600 0.675650226367011 0.182479919268111 0
601 0.62403178401424 0.11444044925196 0
602 0.817868085504496 0.147109368786859 0
603 0.776850130479302 0.0197001819606904 0
604 0.718772051305895 0.0197001819606904 0
605 0.850537005039528 0.11444044925196 0
606 0.649440943652615 0.147109368786859 0
607 0.584418196980683 0.0545945588506552 0
608 0.754988912835142 0.203055324843862 0
609 0.879342890182212 0.0236001163049926 0
610 0.615412639526472 0.0236001163049926 0
611 0.903449678828953 0.0545945588506552 0
612 0.699887681642613 0.203055324843862 0
613 0.63109215624404 0.0911627850937881 0
614 0.783580636664047 0.15623159549658 0
615 0.804077207089944 0.0338556194091395 0
616 0.688399321928921 0.0338556194091395 0
617 0.848649447067104 0.0911627850937881 0
618 0.681701231002006 0.15623159549658 0
619 0.624187899105591 0.0644842922500071 0
620 0.750844658058844 0.175121892361565 0
621 0.843717442833603 0.0416438153879378 0
622 0.647028375967753 0.0416438153879378 0
623 0.861482258170852 0.0644842922500071 0
624 0.710239365859432 0.175121892361565 0
625 0.667114897250691 0.0915800969799599 0
626 0.768380001321074 0.135734065744458 0
627 0.783255101426272 0.0539358372750926 0
628 0.704759156955712 0.0539358372750926 0
629 0.812533970085752 0.0915800969799599 0
630 0.701456872956574 0.135734065744458 0
631 0.863304974181848 0.150668267354144 0
632 0.863304974181848 0.379708405048665 0
633 0.992140051635653 0.250873327595385 0
634 0.877821990811418 0.187767309851738 0
635 0.877821990811418 0.339383358855602 0
636 0.963106018376513 0.254099331290854 0
637 0.890343680712381 0.21976718404292 0
638 0.890343680712381 0.304600886908643 0
639 0.938062638574586 0.256881929046632 0
640 0.916062840431736 0.28549392554759 0
641 0.916062840431736 0.233158776577432 0
642 0.886624319135877 0.262597297873172 0
643 0.934175076529962 0.331780751131705 0
644 0.934175076529962 0.18284700963815 0
645 0.850399846939423 0.266622239228348 0
646 0.957399530891114 0.391132134498781 0
647 0.957399530891114 0.118334636413025 0
648 0.803950938217118 0.271783229086397 0
649 0.968293592440117 0.418972514012746 0
650 0.968293592440117 0.088073354332602 0
651 0.782162815119116 0.274204131652846 0
652 0.978142461599206 0.444141846308075 0
653 0.978142461599206 0.0607153844463681 0
654 0.76246507680093 0.276392769243767 0
655 0.990186317420955 0.474920588963493 0
656 0.990186317420955 0.0272602293861091 0
657 0.738377365157432 0.279069181648608 0
658 0.997958635575359 0.494783179802409 0
659 0.997958635575359 0.00567045673508851 0
660 0.722832728848631 0.280796363460697 0
661 0.936095935331719 0.0645502410202395 0
662 0.783017538865754 0.330589687209746 0
663 0.999636525801875 0.386110071768209 0
664 0.999636525801875 0.113970700274506 0
665 0.936095935331719 0.449650662238107 0
666 0.783017538865754 0.217628637485581 0
667 0.877653281447149 0.125046569188406 0
668 0.842615384534984 0.374889892890592 0
669 0.998481334017213 0.281313537919204 0
670 0.998481334017213 0.219023943408997 0
671 0.877653281447149 0.402141590488777 0
672 0.842615384534984 0.160084466100429 0
673 0.909912925204484 0.093279076312131 0
674 0.810632575648173 0.349522223986738 0
675 0.998204499146689 0.338448699699333 0
676 0.998204499146689 0.161950300488985 0
677 0.909912925204484 0.426740273641179 0
678 0.810632575648173 0.192559425868039 0
679 0.974195221858687 0.0283188838921963 0
680 0.745968962625597 0.299906198513255 0
681 0.998585815515062 0.453024917592751 0
682 0.998585815515062 0.0472893456248172 0
683 0.974195221858687 0.477415511249027 0
684 0.745968962625597 0.256545143124358 0
685 0.98930945241471 0.0141039268961274 0
686 0.731360573447019 0.287644844481199 0
687 0.99807997413762 0.479501228620868 0
688 0.99807997413762 0.0209254437916826 0
689 0.98930945241471 0.488271750343742 0
690 0.731360573447019 0.27205280586277 0
691 0.955724157300904 0.0492839425188682 0
692 0.765842898847179 0.312869710394317 0
693 0.997182943851263 0.419096347085016 0
694 0.997182943851263 0.0815296653911745 0
695 0.955724157300904 0.460555133635207 0
696 0.765842898847179 0.23916520097182 0
697 0.932531033187131 0.0803478733992554 0
698 0.793463351767247 0.326481478120864 0
699 0.992755615044967 0.374420648478083 0
700 0.992755615044967 0.127189214843955 0
701 0.932531033187131 0.434645230335674 0
702 0.793463351767247 0.219415554818574 0
703 0.898203498026809 0.116910451032698 0
704 0.829048098318784 0.351923460743077 0
705 0.991498403653753 0.312416088222428 0
706 0.991498403653753 0.189473155408769 0
707 0.898203498026809 0.405710993848992 0
708 0.829048098318784 0.186065850740441 0
709 0.976501010981399 0.0387514840720451 0
710 0.750828517485605 0.290947462990687 0
711 0.991420471532341 0.45155105293547 0
712 0.991420471532341 0.0503555089449295 0
713 0.976501010981399 0.466470513486351 0
714 0.750828517485605 0.264423977566921 0
715 0.95825034416891 0.0647279295121453 0
716 0.773424934776189 0.300796675588905 0
717 0.987074721054247 0.415725394897152 0
718 0.987074721054247 0.0871468893117161 0
719 0.95825034416891 0.444549771782372 0
720 0.773424934776189 0.249553338904114 0
721 0.920198206920197 0.113523193349531 0
722 0.817520080731147 0.324349773631505 0
723 0.981031712348002 0.343377033017167 0
724 0.981031712348002 0.160838142015315 0
725 0.920198206920197 0.404210538444725 0
726 0.817520080731147 0.216201319538162 0
727 0.885559550747574 0.149462994959824 0
728 0.852890631212542 0.350559056345722 0
729 0.980299818039229 0.281227948692656 0
730 0.980299818039229 0.223149869519553 0
731 0.885559550747574 0.375968215983926 0
732 0.852890631212542 0.182131914494723 0
733 0.945405441149123 0.0965503211706055 0
734 0.796944675155312 0.300112318356053 0
735 0.976399883694911 0.384587360471543 0
736 0.976399883694911 0.120657109817184 0
737 0.945405441149123 0.415581803017206 0
738 0.796944675155312 0.245011087163813 0
739 0.908837214905841 0.151350552932206 0
740 0.843768404502785 0.318298768996506 0
741 0.966144380590723 0.311600678069483 0
742 0.966144380590723 0.195922792909066 0
743 0.908837214905841 0.368907843754132 0
744 0.843768404502785 0.216419363334997 0
745 0.935515707749731 0.138517741828498 0
746 0.824878107637722 0.289760634139255 0
747 0.958356184611893 0.352971624030448 0
748 0.958356184611893 0.156282557165628 0
749 0.935515707749731 0.375812100892518 0
750 0.824878107637722 0.249155341940057 0
751 0.908419903019668 0.187466029913374 0
752 0.86426593425499 0.298543127042022 0
753 0.946064162724688 0.295240843042806 0
754 0.946064162724688 0.216744898572657 0
755 0.908419903019668 0.332885102747674 0
756 0.86426593425499 0.231619998677872 0
757 0.385783739531561 0.857229639701576 0
758 0.156743601835497 0.857229639701576 0
759 0.251222658635467 0.991790720597268 0
760 0.344813492599184 0.872391857070181 0
761 0.193197443594299 0.872391857070181 0
762 0.255739063809042 0.961466285860057 0
763 0.30947450110088 0.885470066522249 0
764 0.224640798234586 0.885470066522249 0
765 0.25963470066706 0.935309866955921 0
766 0.236889317003973 0.912332300006808 0
767 0.289224465974483 0.912332300006808 0
768 0.267636217024069 0.881585399986803 0
769 0.185772561793377 0.931249524375995 0
770 0.334706303287935 0.931249524375995 0
771 0.273271134921206 0.843750951248426 0
772 0.120227990596291 0.955506176708663 0
773 0.393025488683885 0.955506176708663 0
774 0.280496520722342 0.79523764658309 0
775 0.0894825280024185 0.966884418770912 0
776 0.420381687684791 0.966884418770912 0
777 0.283885784315315 0.772481162458595 0
778 0.0616868305978427 0.977171015448145 0
779 0.445113292462132 0.977171015448145 0
780 0.286949876942537 0.751907969104123 0
781 0.0276963930564335 0.989750153750814 0
782 0.475356752636832 0.989750153750814 0
783 0.290696854309245 0.726749692498786 0
784 0.0057611840428865 0.997867908267605 0
785 0.494873907113501 0.997867908267605 0
786 0.293114908846138 0.71051418346521 0
787 0.452490842892843 0.933255754680045 0
788 0.2272723024256 0.773373873927303 0
789 0.113986854684083 0.999620371393071 0
790 0.386126226179619 0.999620371393071 0
791 0.0673904216723815 0.933255754680045 0
792 0.340233352150525 0.773373873927303 0
793 0.407579222426743 0.872215649511945 0
794 0.167079337899406 0.835620512737155 0
795 0.219091439676369 0.998413837751317 0
796 0.281381034186995 0.998413837751317 0
797 0.130484201124507 0.872215649511945 0
798 0.381884764691016 0.835620512737155 0
799 0.430744143634652 0.905909055213925 0
800 0.200975755839872 0.802216245677721 0
801 0.162030100527994 0.998124699108771 0
802 0.338528499739531 0.998124699108771 0
803 0.0972829463033589 0.905909055213925 0
804 0.357938553959628 0.802216245677721 0
805 0.478562390280655 0.973048342830285 0
806 0.267835411452957 0.734678694298839 0
807 0.0473521982689058 0.998522962871292 0
808 0.453087770239572 0.998522962871292 0
809 0.0294657629208003 0.973048342830285 0
810 0.311196466842146 0.734678694298839 0
811 0.488746885795234 0.988834316966517 0
812 0.283992335932697 0.719421043379048 0
813 0.0210107782745942 0.997994639654855 0
814 0.479586563106868 0.997994639654855 0
815 0.0145790623444255 0.988834316966517 0
816 0.299584374551232 0.719421043379048 0
817 0.462522948869227 0.953756342070006 0
818 0.249572183246078 0.755435916574636 0
819 0.0816548678872133 0.997057741355775 0
820 0.419221549583329 0.997057741355775 0
821 0.0512517577501177 0.953756342070006 0
822 0.323276692669072 0.755435916574636 0
823 0.437643851085606 0.929532412440157 0
824 0.228594961407458 0.784283945179932 0
825 0.127511187509454 0.992433642380327 0
826 0.374742621145247 0.992433642380327 0
827 0.0833464941468013 0.929532412440157 0
828 0.33566088471047 0.784283945179932 0
829 0.410235282827958 0.893679209050621 0
830 0.193663713038045 0.82145023602251 0
831 0.189851004136516 0.991120554927286 0
832 0.312793936951002 0.991120554927286 0
833 0.121434740009718 0.893679209050621 0
834 0.359521323041798 0.82145023602251 0
835 0.467514913001349 0.975456611469554 0
836 0.27549826567959 0.739754229374829 0
837 0.0507368213215794 0.991039159156034 0
838 0.451932365314822 0.991039159156034 0
839 0.0397958835841625 0.975456611469554 0
840 0.302021751103534 0.739754229374829 0
841 0.446405312044381 0.956394803909913 0
842 0.259623341803846 0.763354931878239 0
843 0.0877213461542917 0.986500264212264 0
844 0.41629985174194 0.986500264212264 0
845 0.0665834697715961 0.956394803909913 0
846 0.310866678488982 0.763354931878239 0
847 0.407757284806273 0.916651460561406 0
848 0.224311538173157 0.80940986209769 0
849 0.161681177023088 0.980188677341321 0
850 0.344220068026169 0.980188677341321 0
851 0.117069939709121 0.916651460561406 0
852 0.332459992267228 0.80940986209769 0
853 0.381054458175058 0.880473308559025 0
854 0.188670108663771 0.846352437044786 0
855 0.224025433163689 0.979424254396606 0
856 0.282103512337183 0.979424254396606 0
857 0.154549237149431 0.880473308559025 0
858 0.357097250515905 0.846352437044786 0
859 0.418008227857632 0.942979016311519 0
860 0.254035768268967 0.787919994051897 0
861 0.121706003875919 0.975350989637 0
862 0.385636254532056 0.975350989637 0
863 0.0989767460088833 0.942979016311519 0
864 0.309136999461579 0.787919994051897 0
865 0.372959523093823 0.904785535568679 0
866 0.223362989802461 0.836824778036853 0
867 0.197427487106241 0.964639686394887 0
868 0.313105372267437 0.964639686394887 0
869 0.155402232270432 0.904785535568679 0
870 0.325242395464656 0.836824778036853 0
871 0.378678069439282 0.932649739205526 0
872 0.256938537157229 0.817094912422306 0
873 0.158133393406008 0.956505348372584 0
874 0.354822460272153 0.956505348372584 0
875 0.141383710373664 0.932649739205526 0
876 0.297543829356701 0.817094912422306 0
877 0.336955329282057 0.904349676487566 0
878 0.237652623823184 0.858233309111298 0
879 0.219142046897277 0.943667014401552 0
880 0.297637991367955 0.943667014401552 0
881 0.191536256446778 0.904349676487566 0
882 0.304575752187785 0.858233309111298 0
883 0.14277036029885 0.843256398165048 0
884 0.14277036029885 0.614216260470872 0
885 0.00820927940275651 0.748777341366564 0
886 0.127608142930199 0.806802556406626 0
887 0.127608142930199 0.655186507402991 0
888 0.0385337141400574 0.744260936192867 0
889 0.114529933478092 0.775359201766668 0
890 0.114529933478092 0.690525498901072 0
891 0.0646901330442716 0.740365299334744 0
892 0.0876676999934532 0.710775534027443 0
893 0.0876676999934532 0.763110682997523 0
894 0.11841460001355 0.732363782977518 0
895 0.0687504756242098 0.66529369671446 0
896 0.0687504756242098 0.814227438207792 0
897 0.156249048752039 0.726728865080223 0
898 0.0444938232914691 0.606974511319119 0
899 0.0444938232914691 0.879772009404465 0
900 0.204762353417521 0.719503479278892 0
901 0.0331155812291863 0.579618312318503 0
902 0.0331155812291863 0.91051747199815 0
903 0.227518837542083 0.716114215685832 0
904 0.0228289845519226 0.55488670754141 0
905 0.0228289845519226 0.938313169402541 0
906 0.248092030896617 0.713050123058518 0
907 0.0102498462492166 0.524643247367025 0
908 0.0102498462492166 0.972303606943736 0
909 0.273250307502028 0.709303145691708 0
910 0.00213209173240152 0.505126092890569 0
911 0.00213209173240152 0.994238815957155 0
912 0.289485816535653 0.70688509115476 0
913 0.0667442453201537 0.932609578327828 0
914 0.226626126073372 0.659766647851091 0
915 0.000379628606929843 0.613873773823565 0
916 0.000379628606929843 0.886013145316859 0
917 0.0667442453201537 0.547509157110539 0
918 0.226626126073372 0.772727697575086 0
919 0.127784350488436 0.869515798875896 0
920 0.164379487263335 0.618115235311265 0
921 0.00158616224868773 0.718618965815314 0
922 0.00158616224868773 0.780908560325428 0
923 0.127784350488436 0.592420777575942 0
924 0.164379487263335 0.832920662101106 0
925 0.0940909447863557 0.902717053696948 0
926 0.197783754322869 0.642061446042281 0
927 0.00187530089123455 0.661471500263248 0
928 0.00187530089123455 0.837969899473331 0
929 0.0940909447863557 0.569255856368401 0
930 0.197783754322869 0.799024244160744 0
931 0.026951657169795 0.970534237079301 0
932 0.265321305701952 0.688803533159023 0
933 0.00147703712871187 0.546912229764153 0
934 0.00147703712871187 0.952647801731476 0
935 0.026951657169795 0.521437609723145 0
936 0.265321305701952 0.732164588547854 0
937 0.0111656830335164 0.985420937655641 0
938 0.280578956621788 0.700415625449766 0
939 0.00200536034515101 0.520413436897077 0
940 0.00200536034515101 0.978989221725573 0
941 0.0111656830335164 0.511253114208739 0
942 0.280578956621788 0.716007664068172 0
943 0.046243657930132 0.948748242250061 0
944 0.244564083426093 0.676723307332305 0
945 0.00294225864423403 0.580778450420109 0
946 0.00294225864423403 0.918345132113444 0
947 0.046243657930132 0.53747705113434 0
948 0.244564083426093 0.750427816754692 0
949 0.0704675875600533 0.916653505853515 0
950 0.21571605482071 0.664339115291162 0
951 0.00756635761969513 0.6252573788578 0
952 0.00756635761969513 0.872488812491556 0
953 0.0704675875600533 0.562356148917629 0
954 0.21571605482071 0.77140503859329 0
955 0.106320790949696 0.878565259990723 0
956 0.178549763978022 0.640478676960225 0
957 0.00887944507274037 0.687206063051528 0
958 0.00887944507274037 0.810148995865001 0
959 0.106320790949696 0.589764717174862 0
960 0.178549763978022 0.806336286962612 0
961 0.0245433885305196 0.960204116416036 0
962 0.260245770625947 0.697978248897586 0
963 0.00896084084399225 0.548067634688854 0
964 0.00896084084399225 0.949263178678792 0
965 0.0245433885305196 0.532485087002373 0
966 0.260245770625947 0.724501734321311 0
967 0.0436051960902165 0.933416530228723 0
968 0.236645068122466 0.689133321512335 0
969 0.013499735787776 0.583700148261418 0
970 0.013499735787776 0.91227865384636 0
971 0.0436051960902165 0.553594687959068 0
972 0.236645068122466 0.740376658197049 0
973 0.0833485394388421 0.882930060291405 0
974 0.190590137902878 0.667540007734509 0
975 0.0198113226587382 0.655779931976562 0
976 0.0198113226587382 0.83831882297814 0
977 0.0833485394388421 0.592242715196648 0
978 0.190590137902878 0.775688461827688 0
979 0.119526691441331 0.845450762851214 0
980 0.153647562955672 0.642902749486229 0
981 0.0205757456034557 0.717896487665033 0
982 0.0205757456034557 0.775974566838049 0
983 0.119526691441331 0.618945541827452 0
984 0.153647562955672 0.811329891336975 0
985 0.0570209836886505 0.901023253991632 0
986 0.212080005948735 0.690863000539852 0
987 0.0246490103630738 0.614363745470992 0
988 0.0246490103630738 0.878293996124955 0
989 0.0570209836886505 0.581991772145511 0
990 0.212080005948735 0.74596423173201 0
991 0.0952144644316043 0.844597767730352 0
992 0.163175221963634 0.67475760453717 0
993 0.035360313605218 0.686894627734961 0
994 0.035360313605218 0.802572512895205 0
995 0.0952144644316043 0.627040476908753 0
996 0.163175221963634 0.776637010198526 0
997 0.0673502607946743 0.858616289627146 0
998 0.182905087578239 0.702456170644788 0
999 0.0434946516275454 0.645177539730542 0
1000 0.0434946516275454 0.841866606595066 0
1001 0.0673502607946743 0.621321930563484 0
1002 0.182905087578239 0.743061462843926 0
1003 0.0956503235127185 0.808463743554297 0
1004 0.141766690889124 0.695424247813979 0
1005 0.0563329855986162 0.702362008634201 0
1006 0.0563329855986162 0.780857953104232 0
1007 0.0956503235127185 0.663044670720215 0
1008 0.141766690889124 0.762347376178028 0
1009 0.853465483266509 0.397698953527019 0
1010 0.692183052972973 0.463547993114892 0
1011 0.821018130426777 0.563753053356132 0
1012 0.831636191594006 0.423829583460261 0
1013 0.724873223753579 0.467419197549333 0
1014 0.810157251318674 0.533751218988449 0
1015 0.812807280113393 0.446368625282008 0
1016 0.753070214345331 0.470758314856162 0
1017 0.800789172207536 0.507873059859874 0
1018 0.774133284387446 0.492663112776874 0
1019 0.810985951787337 0.477616757447794 0
1020 0.781547430491477 0.454720129773375 0
1021 0.746897847884321 0.525265137753701 0
1022 0.851772024186236 0.482446687073849 0
1023 0.767996794595697 0.417288175170492 0
1024 0.711975149845133 0.5670691556038 0
1025 0.904070054747558 0.488639874903313 0
1026 0.750621462073562 0.369290969490929 0
1027 0.695593709145608 0.586678466392014 0
1028 0.928601867420826 0.491544957982964 0
1029 0.742471090099825 0.346776575623064 0
1030 0.680783928113858 0.60440643087839 0
1031 0.950780061675332 0.49417132309198 0
1032 0.735102676877056 0.326422246027672 0
1033 0.662673537507912 0.62608537135755 0
1034 0.977901040710929 0.497383017977688 0
1035 0.726092088447406 0.301531610662803 0
1036 0.650986273912837 0.640075544035482 0
1037 0.995403149740075 0.499455636152137 0
1038 0.720277243013347 0.285468819810424 0
1039 0.935640919483698 0.450482614291595 0
1040 0.703019117170147 0.363897941059275 0
1041 0.728006630012415 0.610619444647172 0
1042 0.919638104106268 0.532379375341903 0
1043 0.664466039542258 0.561198985392906 0
1044 0.782562523017733 0.331421639263234 0
1045 0.875752136624258 0.405617648182703 0
1046 0.689455418347061 0.440122510787345 0
1047 0.801459111694934 0.579259841027995 0
1048 0.84532136782929 0.56135158260612 0
1049 0.68063105912487 0.485282466807404 0
1050 0.840714239712093 0.378365950584518 0
1051 0.907665224136272 0.430849975594302 0
1052 0.697856904237829 0.398758730399466 0
1053 0.761144538292152 0.595391294004274 0
1054 0.885428827736346 0.544648004230761 0
1055 0.672852964349947 0.52672006982742 0
1056 0.80838487457996 0.353631925939862 0
1057 0.972424872392363 0.480652422403432 0
1058 0.713665203322865 0.3156094130921 0
1059 0.680576590951025 0.62873816450251 0
1060 0.966282056212331 0.512089187560493 0
1061 0.65618599729465 0.609767702769889 0
1062 0.744198613159272 0.30314310966766 0
1063 0.986905864483293 0.492666476206517 0
1064 0.717977591655103 0.29652228144682 0
1065 0.661783210527862 0.635811242344706 0
1066 0.984696992345705 0.503970704204918 0
1067 0.653012688804953 0.628989725449151 0
1068 0.728956985515602 0.292039570343974 0
1069 0.952197620344347 0.467003062153411 0
1070 0.710416103172181 0.340507685371713 0
1071 0.704052943149725 0.617489252472918 0
1072 0.941756148176265 0.52043883148491 0
1073 0.662594156599365 0.585243529600612 0
1074 0.762316361890623 0.319317638912521 0
1075 0.923462136465673 0.451226822566039 0
1076 0.709002200720281 0.373844523300964 0
1077 0.734202329480299 0.599928654131039 0
1078 0.908294463998001 0.528849616960473 0
1079 0.673977747622463 0.553087312686339 0
1080 0.784394455045789 0.34306307035123 0
1081 0.887560758897094 0.425170203263686 0
1082 0.701613958811988 0.419066733034034 0
1083 0.777491948957171 0.580763063700322 0
1084 0.864064264146956 0.545416970516021 0
1085 0.684197043330227 0.508200359324251 0
1086 0.81840535918907 0.371382670157771 0
1087 0.965760712381177 0.486108100867831 0
1088 0.721411264566112 0.31821055243158 0
1089 0.679494689718963 0.620681346698632 0
1090 0.962003218612848 0.505337627800128 0
1091 0.664575229168021 0.609077321825747 0
1092 0.740088218885383 0.310585050372166 0
1093 0.942069809785016 0.474134299147019 0
1094 0.721160550810019 0.345113662250586 0
1095 0.703436306071219 0.605752038600437 0
1096 0.934810337088077 0.511285718243623 0
1097 0.674611929185881 0.583333078800867 0
1098 0.757244400392295 0.330381202953552 0
1099 0.896452720896656 0.44762684129252 0
1100 0.717620058283398 0.398858757031464 0
1101 0.7525938874862 0.578514401674058 0
1102 0.881131689900252 0.526034470510469 0
1103 0.691760382058394 0.531199453008274 0
1104 0.793774594707606 0.367766076479299 0
1105 0.860897841478239 0.421059743582907 0
1106 0.709628142889566 0.444073387227379 0
1107 0.796140682298448 0.559866869187756 0
1108 0.837037329716253 0.543169421425312 0
1109 0.701400415006792 0.486179994628027 0
1110 0.828228921943207 0.395650583944703 0
1111 0.915861591848767 0.46959984700427 0
1112 0.728600375557012 0.369971966311054 0
1113 0.722204699260474 0.585428186682718 0
1114 0.908055584096611 0.509548239618785 0
1115 0.691210256714685 0.56132139803614 0
1116 0.767400825854956 0.354130362343117 0
1117 0.866454995052873 0.446399594846283 0
1118 0.729646103163033 0.425080849216651 0
1119 0.770565568450353 0.553519555935109 0
1120 0.852022079250971 0.520262163951137 0
1121 0.713258402765471 0.508947315958249 0
1122 0.801386184649817 0.395790520088657 0
1123 0.883383820338109 0.471130167225051 0
1124 0.74415332696911 0.396752721979182 0
1125 0.739129519359035 0.557117110793809 0
1126 0.87763140394328 0.500569004069574 0
1127 0.716289042496872 0.53935229545668 0
1128 0.772746220226101 0.385078700471789 0
1129 0.840900225245591 0.456338241399737 0
1130 0.749621220257734 0.441236665098982 0
1131 0.776145221162928 0.527425093499324 0
1132 0.831419448727432 0.504857509463916 0
1133 0.738500961457907 0.498146224840041 0
1134 0.796746256480914 0.421996265694085 0
1135 0.325030394722427 0.539489674125619 0
1136 0.190469313826334 0.445010617327134 0
1137 0.15325029145128 0.596749708550149 0
1138 0.290512155181083 0.5352958693217 0
1139 0.201437726390941 0.472754249107941 0
1140 0.176800118428016 0.573199881573262 0
1141 0.260738359194416 0.531678492239354 0
1142 0.210898558760595 0.49668458980743 0
1143 0.197113082045029 0.552886917956118 0
1144 0.199583912750756 0.524248512765191 0
1145 0.230330812770852 0.545836761715266 0
1146 0.238835274478433 0.511164725522446 0
1147 0.156517040250625 0.519016089003703 0
1148 0.244015613378454 0.580451257369466 0
1149 0.268217346370959 0.481782653629728 0
1150 0.101294448769788 0.512306802188545 0
1151 0.261562978895839 0.624835770148318 0
1152 0.305892572334411 0.444107427666034 0
1153 0.075390791308888 0.509159628852303 0
1154 0.269794047621785 0.645655532219633 0
1155 0.323565161069367 0.426434838930966 0
1156 0.0519723690862107 0.506314399984239 0
1157 0.277235415430905 0.664477815501347 0
1158 0.339542215482921 0.410457784517305 0
1159 0.0233347563545615 0.502835063858105 0
1160 0.286335217607373 0.687494962182788 0
1161 0.359080026038101 0.390919973961999 0
1162 0.00485391096525017 0.500589727502488 0
1163 0.292207635768501 0.702348725766679 0
1164 0.371688453266289 0.378311546733735 0
1165 0.31183154563079 0.630718664979328 0
1166 0.289689576784929 0.403829898353312 0
1167 0.0672288775843212 0.546701436670262 0
1168 0.22711075833754 0.658958927410814 0
1169 0.0855850481643472 0.471864741227808 0
1170 0.356054193498153 0.450426331364281 0
1171 0.327508445333241 0.561039065317808 0
1172 0.211432316201319 0.43116497040422 0
1173 0.129809238465478 0.58904596428087 0
1174 0.166404375240378 0.614740422016193 0
1175 0.164715120318593 0.446737369032016 0
1176 0.337630504441067 0.519772208954688 0
1177 0.317899854049809 0.598830744615754 0
1178 0.254365200026134 0.417153400914977 0
1179 0.0964849459240956 0.565265854472166 0
1180 0.200177755460608 0.638071444146046 0
1181 0.121991400618175 0.461278000718258 0
1182 0.346580843921255 0.481900555138594 0
1183 0.299727676556917 0.674820637122887 0
1184 0.340185086960082 0.388134385345607 0
1185 0.0288372364830392 0.518294977534404 0
1186 0.267206885015196 0.685660900970281 0
1187 0.035883407983677 0.489568278339185 0
1188 0.365659707001165 0.406020820693431 0
1189 0.294833020068795 0.692250891656485 0
1190 0.360191262414561 0.382012718276291 0
1191 0.013725717516684 0.506986390070126 0
1192 0.283138991104956 0.696148901311153 0
1193 0.0162594237921579 0.49665666448539 0
1194 0.369351585102926 0.388444434206359 0
1195 0.303598540358018 0.652037055201439 0
1196 0.315151726846919 0.397996018442069 0
1197 0.0499997327951016 0.531216926359388 0
1198 0.248320158291062 0.670463182557353 0
1199 0.0619767155761591 0.482387688866857 0
1200 0.358453126132817 0.428399128578687 0
1201 0.305674677237558 0.62147400123181 0
1202 0.282948555262416 0.413518483086816 0
1203 0.0801267675000637 0.546257515684271 0
1204 0.225375234760721 0.648240482057804 0
1205 0.097524980036543 0.47532634149632 0
1206 0.345849785202774 0.457683176448774 0
1207 0.314278433275142 0.580121838133977 0
1208 0.236815313980242 0.430255881018995 0
1209 0.117656252744653 0.570872280849925 0
1210 0.18988522577298 0.621586240635288 0
1211 0.144608114369861 0.460991614222893 0
1212 0.334256659857198 0.498672145144716 0
1213 0.291577755983973 0.672281758724578 0
1214 0.341189484195373 0.395548773092908 0
1215 0.0359827598206918 0.513419468185411 0
1216 0.271685141916119 0.678912630080624 0
1217 0.0402928262020183 0.49584765909212 0
1218 0.356772031881901 0.406489710830153 0
1219 0.292311275897061 0.647599645239349 0
1220 0.315599822751816 0.408778508906068 0
1221 0.0608389013511609 0.524871845857481 0
1222 0.253878773383411 0.660410479410748 0
1223 0.0691659435623711 0.490923135303718 0
1224 0.345705283054256 0.429916385288431 0
1225 0.296992528675583 0.598351143873102 0
1226 0.263117881683036 0.432807891270795 0
1227 0.108639589641419 0.550090964859001 0
1228 0.215881188105455 0.625388257396862 0
1229 0.126213713431443 0.478442614021975 0
1230 0.32665509846314 0.477419128584059 0
1231 0.306234828625047 0.557017781887903 0
1232 0.216721570652723 0.449064858422456 0
1233 0.145793600722268 0.575167359692538 0
1234 0.179914472236609 0.599124567351315 0
1235 0.173163011272831 0.46358437821596 0
1236 0.315672516490599 0.518541054435622 0
1237 0.284872751082987 0.624642989841536 0
1238 0.295389443488391 0.42705994091589 0
1239 0.0884878054286602 0.529547069245472 0
1240 0.243546827688744 0.638418297639813 0
1241 0.0974417554973258 0.493042503580517 0
1242 0.327761416813968 0.449789198782567 0
1243 0.284725602088763 0.574053043323222 0
1244 0.24366910760079 0.455391189569098 0
1245 0.140355290310488 0.551805767110582 0
1246 0.208316047842517 0.599522894738999 0
1247 0.156910693730347 0.484310660859657 0
1248 0.303523258427176 0.497416444404246 0
1249 0.268884143911635 0.599763035621535 0
1250 0.276990508109777 0.452706845791172 0
1251 0.122875347978626 0.52878011859019 0
1252 0.238430174762191 0.609914358671494 0
1253 0.129473707960941 0.501879112508151 0
1254 0.300846117276906 0.469456528823252 0
1255 0.26387348686248 0.558836049555678 0
1256 0.237311739924672 0.479226695894004 0
1257 0.167564773212887 0.543187254553215 0
1258 0.213681140589292 0.575566831646978 0
1259 0.178439781571972 0.49885068201185 0
1260 0.276629077838774 0.506832486344068 0
1261 0.468155128705814 0.666616055078186 0
1262 0.505374151080868 0.514876963855171 0
1263 0.343137386880258 0.543506981067325 0
1264 0.458262050706347 0.635646419601872 0
1265 0.482899658669273 0.535200787136551 0
1266 0.375504957291321 0.554152793262258 0
1267 0.449728750921938 0.608933481146572 0
1268 0.463514227637505 0.552731152997884 0
1269 0.403423688107498 0.563335365856225 0
1270 0.432201619853833 0.55406594041213 0
1271 0.423697158146252 0.58873797660495 0
1272 0.460767888666855 0.582196082983602 0
1273 0.419858466364602 0.515426503402706 0
1274 0.395656733372098 0.614095107142443 0
1275 0.501151466930244 0.595478389455528 0
1276 0.404031430799875 0.465881000765744 0
1277 0.359701837361303 0.646609343248028 0
1278 0.552933398505767 0.612509655986905 0
1279 0.396607329596067 0.442640336127952 0
1280 0.342836216148485 0.661861029416619 0
1281 0.577223120922389 0.620498634456111 0
1282 0.389895507650576 0.42162941525529 0
1283 0.327588707598561 0.675649446239332 0
1284 0.599182451417813 0.627721138506051 0
1285 0.381687842942375 0.395935856168977 0
1286 0.308943034511647 0.692510844389766 0
1287 0.626035789212928 0.63655329944193 0
1288 0.376391152051935 0.379354910772978 0
1289 0.296910334554147 0.703392089805921 0
1290 0.643365180060859 0.642252999421782 0
1291 0.374326788795292 0.691621004907355 0
1292 0.585448347517077 0.582766888027785 0
1293 0.356891530354572 0.450612107065541 0
1294 0.312668882487208 0.630904440680589 0
1295 0.436905607242682 0.436491975849853 0
1296 0.567092176937051 0.657603583470239 0
1297 0.448254963906025 0.677273189275428 0
1298 0.527282641870625 0.527178394712706 0
1299 0.341129060890296 0.520548416012543 0
1300 0.33100700178247 0.561815272375663 0
1301 0.493282904866965 0.493697737663455 0
1302 0.49237676001751 0.66948698996156 0
1303 0.407711683322465 0.684115949040714 0
1304 0.558237837457458 0.55806579538525 0
1305 0.350717145887023 0.482818255574714 0
1306 0.322036156015577 0.599748445051874 0
1307 0.46189912788799 0.463197905809644 0
1308 0.532731382763378 0.662053649139159 0
1309 0.326653447992475 0.698850009797829 0
1310 0.62109564963764 0.619406364106018 0
1311 0.368917569036831 0.406743626096831 0
1312 0.302985538592583 0.675543442526286 0
1313 0.39963164993736 0.401323494173154 0
1314 0.614049478137002 0.648133063301237 0
1315 0.307766845171761 0.70161295896576 0
1316 0.635125065701891 0.633961260276697 0
1317 0.37377475579329 0.389425780758224 0
1318 0.299256190759159 0.693232238208351 0
1319 0.384819116481366 0.387476775930898 0
1320 0.632591359426417 0.644290985861433 0
1321 0.350318581101374 0.693093057714267 0
1322 0.601405296749381 0.602067985009506 0
1323 0.36494278881619 0.429838957276905 0
1324 0.310088203041391 0.653476883899657 0
1325 0.41715014965723 0.420625893598983 0
1326 0.589428313968323 0.650897222502037 0
1327 0.380803743492284 0.682724620650435 0
1328 0.573324221519955 0.580889517257851 0
1329 0.362538701654706 0.461385862092392 0
1330 0.32236359368949 0.625176686875428 0
1331 0.43837706399398 0.448002621679447 0
1332 0.555926008983475 0.651820691445803 0
1333 0.424394204392243 0.673615563865106 0
1334 0.538430643427299 0.548367030636184 0
1335 0.353841818847403 0.503017405499388 0
1336 0.333863592265348 0.584467098488648 0
1337 0.471324292599506 0.482285204248813 0
1338 0.511478781802092 0.658247697263217 0
1339 0.325819849951456 0.690923224467695 0
1340 0.61431009332665 0.623201972374993 0
1341 0.376536723388839 0.41087480315799 0
1342 0.311342447490911 0.676666851052414 0
1343 0.39532419223071 0.40755936747998 0
1344 0.610000026945324 0.640773781468283 0
1345 0.35005761014966 0.681749192390704 0
1346 0.591127760484353 0.606728168638276 0
1347 0.375481296032932 0.436522638971698 0
1348 0.322087288875738 0.654205898922616 0
1349 0.411778659518065 0.430117221886024 0
1350 0.582800718273142 0.640676879192038 0
1351 0.399720874385236 0.666175840525815 0
1352 0.54659337930183 0.571710128313287 0
1353 0.37035241297988 0.487114031161575 0
1354 0.340689843192322 0.608046046450617 0
1355 0.446957567962817 0.473595474399747 0
1356 0.529019255511806 0.643358479150313 0
1357 0.443551359032422 0.657616352523738 0
1358 0.512059408997349 0.538773611150436 0
1359 0.361055898637174 0.528610036326503 0
1360 0.351618210771622 0.567086763778784 0
1361 0.480358457448537 0.507556643594879 0
1362 0.484689998446786 0.650356592627014 0
1363 0.369316515115334 0.66632218327421 0
1364 0.565221059397878 0.596826336277069 0
1365 0.382129092153733 0.461851480449398 0
1366 0.339240426422751 0.636705271508367 0
1367 0.421159130914981 0.454963826550287 0
1368 0.556267109329213 0.633330901942024 0
1369 0.418328093503465 0.64611720711963 0
1370 0.516821998912117 0.564162365223482 0
1371 0.381516574251358 0.514720427657569 0
1372 0.362718917912945 0.591357026576545 0
1373 0.453681153261738 0.501985501949729 0
1374 0.500266595492258 0.631657471474407 0
1375 0.386982877649558 0.642872996932157 0
1376 0.532902659994733 0.591385857491725 0
1377 0.396781129022654 0.490741145576795 0
1378 0.364819155657383 0.621047652375078 0
1379 0.425543210997144 0.485665484051836 0
1380 0.526304300012417 0.618286863573764 0
1381 0.424654549188016 0.622374436769428 0
1382 0.491130851546901 0.568225871169178 0
1383 0.400881265932028 0.534399692062071 0
1384 0.388125674955733 0.586403255273681 0
1385 0.448285148523396 0.526034301016454 0
1386 0.480255843187816 0.612562443710543 0
1387 0.545565008605384 0.318955060241583 0
1388 0.602825043028758 0.14717495697005 0
1389 0.44535994836347 0.190119982788302 0
1390 0.540726003062126 0.285082021439335 0
1391 0.578630015312922 0.171369984686013 0
1392 0.474393981622564 0.199797993874588 0
1393 0.536552106428413 0.255864745003826 0
1394 0.557760532144749 0.192239467854295 0
1395 0.499437361424451 0.208145787141815 0
1396 0.527979053188507 0.195853372325477 0
1397 0.514895265946026 0.235104734053242 0
1398 0.550875680863079 0.225291893621217 0
1399 0.521941641155681 0.153591488096383 0
1400 0.484708205782459 0.265291794216967 0
1401 0.587100153059477 0.237366717686581 0
1402 0.514200156368521 0.0994010945871589 0
1403 0.446000781847388 0.303999218152241 0
1404 0.633549061781708 0.252849687260531 0
1405 0.510568802518801 0.0739816176395519 0
1406 0.427844012599136 0.322155987400588 0
1407 0.655337184879676 0.260112394959796 0
1408 0.507285846132394 0.0510009229350574 0
1409 0.411429230667397 0.338570769332413 0
1410 0.675034923197831 0.266678307732456 0
1411 0.503271227525088 0.0228985926843782 0
1412 0.391356137631243 0.358643862368671 0
1413 0.699122634841291 0.274707544946877 0
1414 0.500680454806914 0.00476318365748857 0
1415 0.378402274040632 0.37159772595935 0
1416 0.714667271150066 0.279889090383097 0
1417 0.453266512015298 0.353214012846671 0
1418 0.668602592348495 0.217467093397532 0
1419 0.47188089563382 0.0855688937557326 0
1420 0.403846052760699 0.289673422376773 0
1421 0.549541617319333 0.0643886969321905 0
1422 0.640362329917581 0.302187880690972 0
1423 0.525209840889403 0.332192872505455 0
1424 0.621735293812553 0.159409503441423 0
1425 0.446804865295662 0.164647624053053 0
1426 0.43123246666818 0.211364819935883 0
1427 0.594483596214185 0.124371606529401 0
1428 0.568033937115253 0.320513573534647 0
1429 0.485904425128565 0.342576973930615 0
1430 0.646487774115414 0.191761425488802 0
1431 0.461357800753639 0.121911600580514 0
1432 0.417233200951249 0.25428539998877 0
1433 0.569269724460453 0.0924810759328945 0
1434 0.607247074585915 0.309483524078267 0
1435 0.407167699721056 0.364512827973338 0
1436 0.696951169296726 0.255916616686618 0
1437 0.489631130979836 0.0358205553399746 0
1438 0.388197237988307 0.340122234317062 0
1439 0.51944185655976 0.0276903574544562 0
1440 0.68611090544955 0.288437408228412 0
1441 0.388919569653722 0.368876449655461 0
1442 0.708088431378987 0.271199461035063 0
1443 0.496741998964903 0.016174089309412 0
1444 0.382098052758121 0.360105927932587 0
1445 0.507461525515094 0.0132505820684205 0
1446 0.704190421724397 0.282893489998928 0
1447 0.43036694380885 0.356485310902302 0
1448 0.680870164829358 0.237913176016846 0
1449 0.482512891359409 0.0618515130807829 0
1450 0.398121220936327 0.315026524352111 0
1451 0.533184741587474 0.0480319175638943 0
1452 0.662444037473816 0.293191558083926 0
1453 0.460681797195044 0.342851164455933 0
1454 0.657419888644289 0.216195828171945 0
1455 0.475648314158285 0.0972030073720531 0
1456 0.413840455750029 0.282626582598342 0
1457 0.549256136428751 0.0771281467526262 0
1458 0.630653407818836 0.296495270648962 0
1459 0.503196434120291 0.32973237088079 0
1460 0.629184102930318 0.182287363475503 0
1461 0.461369462947008 0.144230265643638 0
1462 0.430633729743731 0.236437465254226 0
1463 0.575396569824041 0.11313196376776 0
1464 0.587719700429845 0.306680570977945 0
1465 0.407534110341151 0.355727632370632 0
1466 0.689986918191093 0.260610853803579 0
1467 0.496228971465374 0.0399115138257202 0
1468 0.395930085468188 0.34080817181975 0
1469 0.514463867694248 0.0349383603087028 0
1470 0.683356046835181 0.280503467871478 0
1471 0.431771925546594 0.343849742795638 0
1472 0.670480482308159 0.243808770483873 0
1473 0.491497592142864 0.0685914867204203 0
1474 0.409352965746873 0.315025365910418 0
1475 0.526727386113726 0.0589833610919035 0
1476 0.657669648137019 0.282241272997609 0
1477 0.480965874942077 0.323108352104323 0
1478 0.633498476029308 0.207770969470744 0
1479 0.479285649026233 0.125370678424864 0
1480 0.433650926275974 0.262274846676765 0
1481 0.55363771121555 0.105092843282112 0
1482 0.606461362506093 0.288882310041054 0
1483 0.523627296623495 0.310586274301668 0
1484 0.605662761517642 0.173376278067855 0
1485 0.46445994185648 0.172287447630408 0
1486 0.44994042206327 0.215846007010398 0
1487 0.580253601879267 0.140707358532956 0
1488 0.563555976055081 0.299696634456577 0
1489 0.45221562361928 0.32533499197658 0
1490 0.647442978742503 0.234522146583943 0
1491 0.494091397635834 0.0963928614394081 0
1492 0.42810883497254 0.294340549430918 0
1493 0.531973494080573 0.0860613805907355 0
1494 0.633667670944504 0.275848069978278 0
1495 0.501468123740531 0.299471579089828 0
1496 0.606466521203735 0.201372421375565 0
1497 0.485815355053346 0.155405999534542 0
1498 0.456895883763371 0.24216441340518 0
1499 0.555857446445769 0.136303610972774 0
1500 0.580996669788472 0.277781975621982 0
1501 0.472322497366434 0.297980148732763 0
1502 0.617697553886014 0.230646979545641 0
1503 0.50372994874517 0.127622871721527 0
1504 0.454557682029185 0.275139671870694 0
1505 0.531646087132173 0.120009379434083 0
1506 0.60754623083626 0.261100948695154 0
1507 0.510902712875117 0.272558851306422 0
1508 0.581599456789412 0.207648515444787 0
1509 0.501247830333087 0.176042633248722 0
1510 0.481623844215638 0.234914591601555 0
1511 0.547257481083529 0.163494546680289 0
1512 0.56486867469845 0.257840861718087 0
1513 0.674716501052226 0.460054682730795 0
1514 0.54969875922667 0.336945608719934 0
1515 0.517251406386938 0.502999708549048 0
1516 0.642886597923739 0.451021872383605 0
1517 0.560129504508714 0.369528246043992 0
1518 0.538650564233381 0.47944988157218 0
1519 0.615431633400191 0.443230598667535 0
1520 0.56912657058575 0.397632483377188 0
1521 0.557108462679893 0.459136917955054 0
1522 0.55903999431192 0.427227565953443 0
1523 0.587606263124942 0.455357708524916 0
1524 0.595020409228973 0.417414725521418 0
1525 0.519327239607724 0.415957730159112 0
1526 0.600620240173366 0.496009616211934 0
1527 0.621719186884742 0.388032653628726 0
1528 0.46840547300854 0.401506958556773 0
1529 0.617307440714432 0.548135613777934 0
1530 0.655953752942861 0.350357427665063 0
1531 0.444519234352991 0.394728431370804 0
1532 0.625135025679313 0.572586729698962 0
1533 0.672012406633531 0.332684838930012 0
1534 0.422924676789387 0.38860024611632 0
1535 0.632211620556623 0.594691969367081 0
1536 0.686530369319821 0.316707784516363 0
1537 0.39651740772841 0.381106291382869 0
1538 0.640865353998963 0.621723734655822 0
1539 0.704283904938457 0.297169973961074 0
1540 0.379475880515825 0.376270182309075 0
1541 0.64644990852475 0.63916827095788 0
1542 0.715740877625259 0.284561546732822 0
1543 0.663658319101979 0.561037441304854 0
1544 0.640553490421784 0.303019832744458 0
1545 0.437454857142071 0.435942725950465 0
1546 0.585997597416466 0.582217638128397 0
1547 0.453457672519501 0.354045964900157 0
1548 0.702211396729868 0.363736396971224 0
1549 0.677256245829793 0.484607504148398 0
1550 0.568832642928429 0.323989631228574 0
1551 0.49557777790761 0.491402864622799 0
1552 0.52957751491127 0.52488352167205 0
1553 0.526008546702579 0.335668930199382 0
1554 0.686080605051984 0.439447548128339 0
1555 0.668862962453707 0.525922069448183 0
1556 0.608191375034701 0.313593226031391 0
1557 0.464612329177425 0.460484704520197 0
1558 0.560951038746892 0.555352594095802 0
1559 0.486848725577351 0.346686675883739 0
1560 0.693866902341589 0.39796073002023 0
1561 0.653043365105904 0.609139176332149 0
1562 0.686854661734227 0.291674319382818 0
1563 0.401768639825701 0.399186504284804 0
1564 0.62323263952598 0.617269374217668 0
1565 0.407911456005733 0.367749739127743 0
1566 0.710522571134119 0.31498088665436 0
1567 0.648745964666334 0.628136380621442 0
1568 0.705200213103882 0.287288215861701 0
1569 0.387720488895618 0.384575403516634 0
1570 0.638026438116143 0.631059887862433 0
1571 0.389929361033207 0.373271175518233 0
1572 0.713710867516484 0.29566893661911 0
1573 0.656334031824405 0.583991504645638 0
1574 0.663925600337238 0.299639486602129 0
1575 0.421407034504189 0.416369008752004 0
1576 0.60566218159634 0.597811100162526 0
1577 0.431848506672272 0.362933239420505 0
1578 0.70415597839722 0.339255660416739 0
1579 0.657879114389084 0.54986758603971 0
1580 0.634463417684107 0.313076862879328 0
1581 0.449324134592642 0.437055551080733 0
1582 0.584271292118617 0.569942446659137 0
1583 0.464491807060314 0.359432756686299 0
1584 0.692903567486901 0.370624796654335 0
1585 0.665304607005265 0.504421872059313 0
1586 0.59219091036013 0.326139780392639 0
1587 0.484171149300438 0.469438347547819 0
1588 0.551277500128231 0.535520173935191 0
1589 0.507667644050576 0.349191580295484 0
1590 0.682721522487025 0.415288245769096 0
1591 0.645509610351034 0.605264198062405 0
1592 0.687868243288579 0.300141055252957 0
1593 0.408288813026219 0.394594746684409 0
1594 0.627274714122159 0.610237351579422 0
1595 0.412046306794548 0.375365219752111 0
1596 0.702345645749124 0.314397428668238 0
1597 0.645889087084256 0.577588510380625 0
1598 0.66446738743447 0.311825800362256 0
1599 0.431310192147106 0.41058568925689 0
1600 0.610659293113394 0.587196636009142 0
1601 0.438569664844046 0.373434270160285 0
1602 0.692437708708393 0.339369093830344 0
1603 0.649608631720691 0.522769102940856 0
1604 0.616437276752781 0.332298612888848 0
1605 0.475620758192361 0.444932284170067 0
1606 0.575256569531374 0.543046938083607 0
1607 0.490941789188764 0.366524654952118 0
1608 0.675468307945694 0.390428406964046 0
1609 0.657622232871819 0.477424358201159 0
1610 0.573916812493792 0.344788162055558 0
1611 0.510127621300221 0.477787479743054 0
1612 0.541828572849033 0.509004447298611 0
1613 0.533988133062207 0.355677801900649 0
1614 0.665849960754593 0.435317750800511 0
1615 0.638765553814575 0.55083245745627 0
1616 0.646079583964318 0.329866113965342 0
1617 0.456821528886939 0.41930142857816 0
1618 0.600883457369836 0.561163938304942 0
1619 0.464627536639095 0.379353035963644 0
1620 0.676155672656901 0.359483025731184 0
1621 0.638023692967198 0.493900373998815 0
1622 0.59880221777424 0.355273726714131 0
1623 0.504840755924396 0.450825899286831 0
1624 0.567981601574776 0.513002762560584 0
1625 0.519273671726299 0.376963330181977 0
1626 0.65441139336476 0.410033907257217 0
1627 0.623747230523454 0.520843933062264 0
1628 0.629447793003517 0.356419015027688 0
1629 0.488471643138862 0.422737051909819 0
1630 0.595831092136451 0.528457425349708 0
1631 0.494224059533691 0.393298215065296 0
1632 0.651611514995691 0.378244359584767 0
1633 0.618643545290746 0.474174741606956 0
1634 0.593234929858289 0.38129400037015 0
1635 0.529788191516797 0.444531258022665 0
1636 0.572633894540303 0.486722828175389 0
1637 0.539268968034957 0.396011989958485 0
1638 0.629763804090572 0.417265181865897 0
1639 0.566127495890002 0.8186436878946 0
1640 0.471648439090032 0.684082606998908 0
1641 0.403890731689392 0.847273705106754 0
1642 0.537200996087373 0.806707474221477 0
1643 0.474659375872631 0.717633045431601 0
1644 0.429806294709422 0.825659480347185 0
1645 0.512250369543969 0.796411862525198 0
1646 0.477256467111495 0.746572062091526 0
1647 0.452159830013962 0.807016075383539 0
1648 0.46100256239947 0.775264997867202 0
1649 0.482590811349884 0.806011897887207 0
1650 0.498073292920072 0.768723104245855 0
1651 0.42491225491485 0.760372714853201 0
1652 0.486347423281579 0.847871287980769 0
1653 0.530406988472996 0.741755997166286 0
1654 0.378635379187806 0.741277052378602 0
1655 0.491164347149349 0.901545582504176 0
1656 0.57186694033227 0.707177365117479 0
1657 0.356927952842015 0.732319712882818 0
1658 0.493423856211491 0.926722969195135 0
1659 0.59131485761592 0.69095731792231 0
1660 0.337303169110192 0.724221753796503 0
1661 0.495466584629788 0.949484800140525 0
1662 0.608896912929445 0.676293446063222 0
1663 0.313304671213519 0.714319027898686 0
1664 0.497964569541106 0.977319489150714 0
1665 0.6303974259148 0.65836148295085 0
1666 0.297817607631784 0.707928455194002 0
1667 0.499576605899147 0.995282179996397 0
1668 0.644272453138495 0.646789364809863 0
1669 0.533342256637371 0.9186752228134 0
1670 0.567253721025111 0.658411303910516 0
1671 0.341070689006944 0.772913473276346 0
1672 0.453328179749261 0.932795354029088 0
1673 0.374488332883352 0.692428725347632 0
1674 0.613850154036812 0.724775920623543 0
1675 0.563231622852642 0.843441327584663 0
1676 0.493051722676538 0.672861803256632 0
1677 0.385383321140245 0.833696869158961 0
1678 0.411077778875972 0.870292005933751 0
1679 0.448929926565053 0.680648002570501 0
1680 0.5816589612284 0.799059991496004 0
1681 0.546062427601388 0.884014404367998 0
1682 0.533529383142642 0.666043651035394 0
1683 0.362074855925396 0.799941944596865 0
1684 0.43488044560042 0.903634754133068 0
1685 0.408509683701728 0.688105950936948 0
1686 0.598276537367277 0.75825929493024 0
1687 0.512534333216851 0.965836910559024 0
1688 0.614678004574764 0.651275695489978 0
1689 0.314454328877811 0.732887393951254 0
1690 0.481820252316321 0.971257042482701 0
1691 0.327281974430236 0.701992641986571 0
1692 0.632564439922869 0.676750315530986 0
1693 0.504214417173673 0.98445327938018 0
1694 0.633444704254158 0.648557710000046 0
1695 0.304007545241595 0.716989010620038 0
1696 0.493170056485597 0.986402284207507 0
1697 0.308620189999502 0.705879683104373 0
1698 0.639876420184327 0.657718032688384 0
1699 0.52121997239364 0.940975007270358 0
1700 0.590680338923339 0.657157347276989 0
1701 0.329766355352446 0.751867645452909 0
1702 0.4690126115526 0.950188070948279 0
1703 0.35157060605639 0.699353182489219 0
1704 0.621083449060435 0.700458746562758 0
1705 0.530171129876811 0.906972951084188 0
1706 0.559145735630213 0.667919324679161 0
1707 0.352349801162401 0.775107724236908 0
1708 0.454332767537537 0.920356191497132 0
1709 0.384023470139022 0.698823253883793 0
1710 0.603310428992866 0.730820554619331 0
1711 0.547302915570266 0.862178319094819 0
1712 0.515257269067157 0.677140133588154 0
1713 0.379106482032003 0.810681547317283 0
1714 0.429820441818163 0.882910520345394 0
1715 0.428172691657308 0.692508000190043 0
1716 0.583673533193954 0.774581479464819 0
1717 0.506067073350159 0.961273773065863 0
1718 0.613813150708794 0.659839400285246 0
1719 0.321786442610472 0.728886826649148 0
1720 0.487279604508287 0.964589208743873 0
1721 0.329632973714927 0.709988843284657 0
1722 0.624754088446211 0.675421947971727 0
1723 0.51247868850819 0.933617366826316 0
1724 0.588545286693578 0.669399721293625 0
1725 0.340642691467658 0.746982911880316 0
1726 0.476181325023057 0.940022783911991 0
1727 0.355802178570095 0.710472034492291 0
1728 0.609683163076273 0.699505181595975 0
1729 0.52805975430595 0.879106406107093 0
1730 0.537449605579508 0.68551022948796 0
1731 0.376157306783967 0.785383364405204 0
1732 0.451454599323013 0.892624962868921 0
1733 0.408151224452938 0.708327590863462 0
1734 0.582060842893475 0.749047446267874 0
1735 0.545740399132997 0.834466352010472 0
1736 0.493445634873949 0.694134774761928 0
1737 0.40248063266248 0.821398873227857 0
1738 0.426437840321634 0.855519744742096 0
1739 0.452306995459585 0.701394534658652 0
1740 0.562921830888207 0.793085720599509 0
1741 0.511405941958646 0.906197881759352 0
1742 0.566756049909436 0.685775604842064 0
1743 0.363504674801344 0.758026513398841 0
1744 0.472375903197397 0.913085535658463 0
1745 0.379805455695557 0.718766886174249 0
1746 0.589485307776471 0.718147578167544 0
1747 0.523117417928385 0.849166825275836 0
1748 0.515313537452202 0.706892181272578 0
1749 0.403235711288838 0.793940993451849 0
1750 0.450952838918006 0.861901750983675 0
1751 0.43337503546341 0.721351916917802 0
1752 0.557338792288011 0.766746332098786 0
1753 0.50337516315952 0.87482524485573 0
1754 0.544812662407456 0.710828675547058 0
1755 0.39347884110245 0.764346079597469 0
1756 0.47461308118503 0.87990090638069 0
1757 0.405491240044596 0.735414808905451 0
1758 0.561562345439799 0.734684284714116 0
1759 0.508611399966679 0.827665558226682 0
1760 0.504227326421708 0.732419859877544 0
1761 0.428827940281038 0.789914581896031 0
1762 0.461207517375311 0.836030949272299 0
1763 0.448626032421908 0.742231852936428 0
1764 0.531833116872207 0.771737197791529 0
