1 0.99448823154675 0.510077730484266 0
2 0.971582891642006 0.518933842452655 0
3 0.994837337925012 0.542463489283415 0
4 0.882291546699126 0.553151945346074 0
5 0.976352047441921 0.599896687045322 0
6 0.887483009090662 0.573150851924005 0
7 0.824954538845755 0.574297724647532 0
8 0.830233753076029 0.587136523751958 0
9 0.76921176782559 0.599320612460522 0
10 0.996413352142191 0.66862430469984 0
11 0.980838243322704 0.667610881827539 0
12 0.779595414253541 0.617199633248419 0
13 0.911225261901954 0.662315941255612 0
14 0.859072928219304 0.657272032532516 0
15 0.681496437099889 0.637371507325907 0
16 0.998007588975396 0.749398739867663 0
17 0.987449160514848 0.746212468557097 0
18 0.929770810228298 0.728806575867141 0
19 0.882638888888969 0.714583333332844 0
20 0.825466142862998 0.697330019443419 0
21 0.658940203573408 0.647076629480487 0
22 0.681496437099889 0.670395573053362 0
23 0.735109749992939 0.698392062927713 0
24 0.859072928219304 0.757671391598874 0
25 0.911225261901954 0.784104039299502 0
26 0.779595414253541 0.749775113815069 0
27 0.980838243322704 0.820824034259459 0
28 0.996413352142191 0.829210972923142 0
29 0.76921176782559 0.761387081729315 0
30 0.830233753076029 0.810401007689479 0
31 0.824954538845755 0.820053535483336 0
32 0.887483009090662 0.858939484922575 0
33 0.976352047441921 0.885830584190562 0
34 0.882291546699126 0.87580508283817 0
35 0.994837337925012 0.954420584492515 0
36 0.971582891642006 0.963915003389209 0
37 0.99448823154675 0.986595640033779 0
38 0.00587052261292666 0.490215795647113 0
39 0.0302667426298025 0.482579494679538 0
40 0.00549869333430433 0.457811445383984 0
41 0.125369950261231 0.453116552167574 0
42 0.0251871684050432 0.401362671375514 0
43 0.119840582033562 0.432841177178233 0
44 0.186438952708581 0.43502422298841 0
45 0.180816120984031 0.421904282297742 0
46 0.245809951428258 0.412969885111327 0
47 0.00382009831009034 0.33156670021616 0
48 0.0204089716089457 0.333409566753394 0
49 0.234750446357072 0.394537889069852 0
50 0.0945529754890013 0.342411707519281 0
51 0.150099839766355 0.350232959456215 0
52 0.339234564035472 0.379590220876182 0
53 0.00212209458241712 0.250707364861833 0
54 0.0133677580315166 0.254455919344852 0
55 0.0748003204668683 0.274933440156559 0
56 0.12499999999986 0.291666666667494 0
57 0.185894049021577 0.31196468300799 0
58 0.363258954773726 0.371086318258484 0
59 0.339234564035472 0.346566155148678 0
60 0.282131627226332 0.315714518433866 0
61 0.150099839766355 0.249833600389706 0
62 0.0945529754890013 0.220623609475209 0
63 0.234750446357072 0.261962408503002 0
64 0.0204089716089457 0.180196414321244 0
65 0.00382009831009034 0.170980031992616 0
66 0.245809951428258 0.25090341584229 0
67 0.180816120984031 0.198639798359886 0
68 0.186438952708581 0.189268412152237 0
69 0.119840582033562 0.147052544179234 0
70 0.0251871684050432 0.115428774229845 0
71 0.125369950261231 0.130463414674993 0
72 0.00549869333430433 0.0458543501742649 0
73 0.0302667426298025 0.0375983337423146 0
74 0.00587052261292666 0.0136978860968831 0
75 0.0136978860968172 0.00587052261293984 0
76 0.0375983337421974 0.0302667426298705 0
77 0.0458543501739808 0.00549869333431667 0
78 0.130463414674677 0.125369950261512 0
79 0.11542877422918 0.0251871684050998 0
80 0.147052544178782 0.119840582033831 0
81 0.1892684121518 0.186438952709 0
82 0.19863979835936 0.180816120984437 0
83 0.250903415841704 0.24580995142881 0
84 0.170980031991482 0.00382009831009891 0
85 0.180196414320123 0.0204089716089915 0
86 0.261962408502292 0.234750446357599 0
87 0.220623609474148 0.0945529754892135 0
88 0.249833600388698 0.150099839766692 0
89 0.346566155147867 0.339234564036234 0
90 0.250707364860154 0.00212209458242188 0
91 0.254455919343199 0.0133677580315466 0
92 0.274933440155043 0.0748003204670362 0
93 0.29166666666609 0.12500000000014 0
94 0.311964683006724 0.185894049021994 0
95 0.371086318257616 0.363258954774541 0
96 0.379590220875149 0.339234564036234 0
97 0.372373233050469 0.282131627226965 0
98 0.35023295945453 0.150099839766692 0
99 0.3424117075174 0.0945529754892135 0
100 0.394537889068249 0.234750446357599 0
101 0.333409566751241 0.0204089716089915 0
102 0.331566700213945 0.00382009831009891 0
103 0.41296988510965 0.24580995142881 0
104 0.421904282295713 0.180816120984437 0
105 0.435024222986318 0.186438952709 0
106 0.432841177175857 0.119840582033831 0
107 0.401362671372924 0.0251871684050998 0
108 0.453116552165085 0.125369950261512 0
109 0.457811445380925 0.00549869333431667 0
110 0.482579494676423 0.0302667426298705 0
111 0.490215795643838 0.00587052261293984 0
112 0.986660868062871 0.994423003517711 0
113 0.964251300529622 0.971246594501642 0
114 0.954481681085396 0.994776241332403 0
115 0.877198082285687 0.880898547251643 0
116 0.88611044161792 0.976072190015171 0
117 0.860271046945483 0.886151447067937 0
118 0.822125079402541 0.82288299492657 0
119 0.812410075700727 0.8282246850649 0
120 0.764118303412151 0.766480546142788 0
121 0.829253418461051 0.996370906605409 0
122 0.821050800611767 0.980611476971471 0
123 0.752383452108362 0.776987075960431 0
124 0.785154627916997 0.910174673285308 0
125 0.759339167597112 0.857405152221738 0
126 0.674164845987505 0.677727164165795 0
127 0.749422318698033 0.997984010146701 0
128 0.746360999203529 0.987300629870039 0
129 0.729637690540424 0.928939695556363 0
130 0.715972222222989 0.881249999999947 0
131 0.699395508878041 0.823400653429224 0
132 0.651112840089529 0.654903992964418 0
133 0.641140780260273 0.677727164165795 0
134 0.644868144168938 0.731974954134564 0
135 0.65893980853143 0.857405152221738 0
136 0.663366529873928 0.910174673285308 0
137 0.619807971542604 0.776987075960431 0
138 0.667837648180879 0.980611476971471 0
139 0.66866675023883 0.996370906605409 0
140 0.60205183414445 0.766480546142788 0
141 0.58914559176471 0.8282246850649 0
142 0.576369268568392 0.82288299492657 0
143 0.574482413948837 0.886151447067937 0
144 0.600176544474606 0.976072190015171 0
145 0.554544944795764 0.880898547251643 0
146 0.542524585879071 0.994776241332403 0
147 0.519270139596065 0.971246594501642 0
148 0.510142958516567 0.994423003517711 0
149 0.511251835006845 0.00440289195969227 0
150 0.524987190978583 0.0227000569723378 0
151 0.54356322795027 0.00412402000072569 0
152 0.578225935398184 0.094027462695865 0
153 0.604934120726303 0.0188903763037707 0
154 0.597118968330587 0.0898804365251156 0
155 0.611585515189045 0.139829214531349 0
156 0.623299747948566 0.13561209073794 0
157 0.648482602745905 0.184357463571079 0
158 0.669388324361853 0.00286507373256598 0
159 0.671692676149306 0.0153067287066998 0
160 0.664149722519576 0.176062834767695 0
161 0.681226536353309 0.070914731616707 0
162 0.687292000485623 0.112574879824697 0
163 0.705218420132631 0.254425923026447 0
164 0.749823158784144 0.00159157093681185 0
165 0.748886020163385 0.0100258185236313 0
166 0.743766639960433 0.0561002403501165 0
167 0.739583333332679 0.0937499999998366 0
168 0.734508829247531 0.139420536766096 0
169 0.719728420434835 0.272444216080126 0
170 0.738242485860085 0.254425923026447 0
171 0.754818388372671 0.211598720419618 0
172 0.787691359551981 0.112574879824697 0
173 0.803014634397199 0.070914731616707 0
174 0.796725203086227 0.176062834767695 0
175 0.824905828581225 0.0153067287066998 0
176 0.829974992585156 0.00286507373256598 0
177 0.810549072014698 0.184357463571079 0
178 0.846564231886087 0.13561209073794 0
179 0.857341326024849 0.139829214531349 0
180 0.882907601329157 0.0898804365251156 0
181 0.890868017871543 0.0188903763037707 0
182 0.90087907289028 0.094027462695865 0
183 0.95552032315937 0.00412402000072569 0
184 0.969968351915137 0.0227000569723378 0
185 0.987769744556358 0.00440289195969227 0
186 0.99559710804029 0.0122302554435828 0
187 0.97729994302757 0.0300316480847327 0
188 0.995875979999258 0.0444796768404021 0
189 0.905972537303752 0.0991209271093112 0
190 0.981109623696152 0.109131982127908 0
191 0.910119563474519 0.117092398670336 0
192 0.860170785468082 0.142658673974568 0
193 0.864387909261509 0.153435768113268 0
194 0.815642536428171 0.189450927984525 0
195 0.997134926267422 0.170025007413958 0
196 0.984693271293238 0.175094171417877 0
197 0.823937165231589 0.203274796912915 0
198 0.929085268383005 0.196985365601854 0
199 0.887425120174845 0.212308640447039 0
200 0.745574076972519 0.261757514138841 0
201 0.998408429063182 0.250176841214549 0
202 0.989974181476328 0.251113979835313 0
203 0.943899759649655 0.256233360038292 0
204 0.906249999999782 0.260416666666067 0
205 0.860579463233337 0.265491170751243 0
206 0.727555783918766 0.280271579564016 0
207 0.745574076972519 0.294781579866123 0
208 0.788401279579522 0.301840326243755 0
209 0.887425120174845 0.312707999512872 0
210 0.929085268383005 0.318773463645106 0
211 0.823937165231589 0.335850277478872 0
212 0.984693271293238 0.328307323848995 0
213 0.997134926267422 0.33061167563642 0
214 0.815642536428171 0.351517397252471 0
215 0.864387909261509 0.376700252049621 0
216 0.860170785468082 0.388414484809086 0
217 0.910119563474519 0.402881031667411 0
218 0.981109623696152 0.395065879271651 0
219 0.905972537303752 0.421774064599719 0
220 0.995875979999258 0.456436772047347 0
221 0.97729994302757 0.475012809018959 0
222 0.99559710804029 0.488748164990603 0
223 0.488943849080978 0.995401423953209 0
224 0.476021700443076 0.976291051606662 0
225 0.456620061828217 0.995692690221463 0
226 0.425953062944289 0.901793538962065 0
227 0.395905451554418 0.980270051416055 0
228 0.406875717737611 0.906124877407071 0
229 0.394629116568191 0.853956153711655 0
230 0.38272745608451 0.858360705229217 0
231 0.359711062301836 0.807448871381255 0
232 0.330739012248974 0.997007589657097 0
233 0.328987622904786 0.984012972239664 0
234 0.343675292359119 0.816112150353681 0
235 0.321925229496651 0.925933502533638 0
236 0.317711327506817 0.882421792183056 0
237 0.306089398668448 0.734266258172292 0
238 0.250247577702309 0.998337692577107 0
239 0.251559571771354 0.989528589541982 0
240 0.258726704055394 0.941406415634304 0
241 0.264583333334173 0.902083333333472 0
242 0.271687639053288 0.854382994933141 0
243 0.292380211390792 0.715447152093999 0
244 0.273065332940944 0.734266258172292 0
245 0.254585999201454 0.778996892006106 0
246 0.217311968440308 0.882421792183056 0
247 0.200137131452578 0.925933502533638 0
248 0.21109981179227 0.816112150353681 0
249 0.175774470472636 0.984012972239664 0
250 0.17015234402543 0.997007589657097 0
251 0.197644593032799 0.807448871381255 0
252 0.159462972146653 0.858360705229217 0
253 0.148873305732018 0.853956153711655 0
254 0.121087084738612 0.906124877407071 0
255 0.109971554408749 0.980270051416055 0
256 0.103299925451708 0.901793538962065 0
257 0.0446629666184981 0.995692690221463 0
258 0.0310405395058531 0.976291051606662 0
259 0.0124259395307482 0.995401423953209 0
260 0.0045985760468049 0.98757406046933 0
261 0.023708948393409 0.968959460494278 0
262 0.00430730977854995 0.955337033381847 0
263 0.0982064610382279 0.896700074548626 0
264 0.0197299485840035 0.890028445592054 0
265 0.0938751225932087 0.878912915261892 0
266 0.14604384628878 0.85112669426844 0
267 0.141639294771205 0.840537027853915 0
268 0.192551128619319 0.802355406967816 0
269 0.00299241034291213 0.829847655975956 0
270 0.0159870277603837 0.824225529528727 0
271 0.183887849646867 0.788900188208502 0
272 0.0740664974665831 0.79986286854868 0
273 0.117578207817294 0.782688031560864 0
274 0.2657337418285 0.726934667059908 0
275 0.00166230742289787 0.749752422299744 0
276 0.0104714104580495 0.748440428230662 0
277 0.0585935843658708 0.74127329594643 0
278 0.0979166666668195 0.735416666667492 0
279 0.145617005067293 0.728312360948184 0
280 0.284552847906849 0.70761978861012 0
281 0.2657337418285 0.693910601332676 0
282 0.221003107994553 0.688755286182104 0
283 0.117578207817294 0.682288672495182 0
284 0.0740664974665831 0.678074770505611 0
285 0.183887849646867 0.656324707642744 0
286 0.0159870277603837 0.671012377097839 0
287 0.00299241034291213 0.669260987753735 0
288 0.192551128619319 0.640288937700115 0
289 0.141639294771205 0.617272543917898 0
290 0.14604384628878 0.605370883434292 0
291 0.0938751225932087 0.593124282265246 0
292 0.0197299485840035 0.60409454844874 0
293 0.0982064610382279 0.574046937058703 0
294 0.00430730977854995 0.543379938175522 0
295 0.023708948393409 0.523978299560721 0
296 0.0045985760468049 0.511056150923026 0
297 0.99008533958704 0.498825895476136 0
298 0.972137280952582 0.484452232576189 0
299 0.967458871641264 0.508394680228553 0
300 0.902385889445944 0.428331900032047 0
301 0.9175644929282 0.511251946770503 0
302 0.890957806797222 0.437916432929464 0
303 0.858178374443478 0.392057413842238 0
304 0.851837069776357 0.399648236670411 0
305 0.812055888570362 0.358075232684798 0
306 0.879426472966548 0.545830090251721 0
307 0.8721762803839 0.534033656340122 0
308 0.804775408554293 0.370885678740926 0
309 0.840310530284959 0.481089404901366 0
310 0.817195930403144 0.441115216314441 0
311 0.74041141489753 0.304221003423354 0
312 0.823362967908937 0.570230376697892 0
313 0.820207934552357 0.561514987524838 0
314 0.80297268786896 0.513904751637427 0
315 0.788888888888751 0.474999999999347 0
316 0.771804725135291 0.427807112007503 0
317 0.722044015465516 0.290349310049549 0
318 0.717156968614525 0.313715422320048 0
319 0.724856148811569 0.361367679125144 0
320 0.74649804839415 0.469980032046174 0
321 0.754551411246003 0.516103483089173 0
322 0.711420174322251 0.409001129404042 0
323 0.764288685546779 0.578082437664535 0
324 0.766346694093012 0.591998757366169 0
325 0.697934083127297 0.404669342599827 0
326 0.694621662337538 0.463836775802793 0
327 0.685125324313838 0.462712209457911 0
328 0.68971497772806 0.520080664916995 0
329 0.716219373689091 0.593457942200201 0
330 0.675184305129342 0.521094677061522 0
331 0.677372417099146 0.626832345101805 0
332 0.658796380127459 0.612384316346136 0
333 0.654537311613697 0.635824794472357 0
334 0.290423370519776 0.697835584255238 0
335 0.296000484458302 0.676490096010215 0
336 0.271232435162804 0.684746112442165 0
337 0.31792107888055 0.593405489865671 0
338 0.246190276399597 0.64677667217368 0
339 0.303728431680428 0.589165884819143 0
340 0.332482798997362 0.540395106420666 0
341 0.322455415755236 0.539176826213728 0
342 0.344016412466486 0.487016822168013 0
343 0.196371226929409 0.633922107183295 0
344 0.204296821255812 0.622309754961153 0
345 0.32862556895028 0.487662171333263 0
346 0.240169980556294 0.570724068466445 0
347 0.267678047583649 0.53252163195016 0
348 0.362943512428881 0.403568520434904 0
349 0.148165940871198 0.601834059130262 0
350 0.155007052802721 0.594992947198694 0
351 0.192378528284162 0.557621471717012 0
352 0.222916666666679 0.527083333334299 0
353 0.25996054648816 0.49003945351258 0
354 0.367857530820531 0.382142469179515 0
355 0.343541873814022 0.389946093322473 0
356 0.301861575810336 0.41980906688129 0
357 0.208693424132226 0.491106896335725 0
358 0.168619472955584 0.520486478023872 0
359 0.250737474117456 0.432974785600098 0
360 0.114284094202154 0.559109329583655 0
361 0.102026559348318 0.567680106541883 0
362 0.24880236177117 0.420164403595343 0
363 0.191287531442081 0.447080226590475 0
364 0.188101260131479 0.439020834451969 0
365 0.135827609793945 0.47127807370848 0
366 0.0782041118269455 0.528828939602517 0
367 0.128362360604143 0.46031107065159 0
368 0.0292076417277133 0.514813810670209 0
369 0.0345740524083525 0.492935367125828 0
370 0.0104690986597316 0.501271946568144 0
371 0.300566329034347 0.700085951256828 0
372 0.323526640484374 0.696348363783423 0
373 0.305501004608142 0.678597928455001 0
374 0.412982640992193 0.681980588116078 0
375 0.332202142218202 0.642267074740886 0
376 0.411354715769664 0.668248644740028 0
377 0.470291020273727 0.673302324334194 0
378 0.467417128503375 0.664305793574913 0
379 0.526731530983331 0.661907254588033 0
380 0.32452135984966 0.594869860884518 0
381 0.338990599293715 0.596989323935794 0
382 0.519880698741923 0.649097000685911 0
383 0.403536510429201 0.60696937573671 0
384 0.451717695880864 0.615159743626625 0
385 0.61532958292321 0.644853726881945 0
386 0.33614930685921 0.541208576010581 0
387 0.345551931020835 0.544301133459069 0
388 0.396916379057154 0.561195088128715 0
389 0.438888888888982 0.575000000000226 0
390 0.489803079876677 0.591745863481123 0
391 0.638099848297495 0.640521212562745 0
392 0.620695993603849 0.622975283337564 0
393 0.574871908882875 0.599442998270228 0
394 0.468032591728928 0.548645168245337 0
395 0.423327076361067 0.526284760782845 0
396 0.541424214333714 0.561265744810736 0
397 0.363887736563567 0.495485610449913 0
398 0.350616693435596 0.48848119318686 0
399 0.553067332239156 0.554538218697739 0
400 0.503697607142735 0.516393072966695 0
401 0.510226339534008 0.510489099655902 0
402 0.457795368631308 0.478913675378973 0
403 0.378666400503679 0.452835867882663 0
404 0.465413775833954 0.468222884528127 0
405 0.372444032578721 0.40567635287969 0
406 0.395836079135593 0.401548344663731 0
407 0.378000489335103 0.384392836181105 0
408 0.382338153265728 0.367661846734233 0
409 0.404577411855001 0.361934621008572 0
410 0.390129383099234 0.343358584036959 0
411 0.491195820509114 0.339837414124675 0
412 0.420648639160146 0.301022003530736 0
413 0.491656857400001 0.324630882882714 0
414 0.546609738176656 0.326268167240349 0
415 0.545204030245494 0.316428211722377 0
416 0.601599154912271 0.309727413832592 0
417 0.420291740203991 0.248675025161375 0
418 0.43365508465207 0.250057175064298 0
419 0.596990899696599 0.295903416801525 0
420 0.493191219360681 0.256808780638701 0
421 0.53752495994094 0.262674719591389 0
422 0.687797914810324 0.284692665656317 0
423 0.439091570935951 0.188030523645811 0
424 0.447525818522792 0.190841939508068 0
425 0.493600240349392 0.206200080116809 0
426 0.531249999999206 0.218749999999977 0
427 0.576920536765579 0.23397351225531 0
428 0.709944216079939 0.278314738693065 0
429 0.696053931242107 0.259924616360763 0
430 0.656181059746431 0.236785888824718 0
431 0.562624799707286 0.187375200291733 0
432 0.523638243871358 0.16546770710592 0
433 0.630134769837939 0.196471806376686 0
434 0.471958372759678 0.13514731074053 0
435 0.460438407259427 0.128235023994078 0
436 0.642115772229076 0.188177561881178 0
437 0.601020151229332 0.148979848769486 0
438 0.60804869088501 0.141951309113771 0
439 0.563104015648949 0.110289408134107 0
440 0.492132113445761 0.0865715806721268 0
441 0.571859104881355 0.0978475610059639 0
442 0.493118656900509 0.0343907626305962 0
443 0.515822702088059 0.0281987503066545 0
444 0.50146763065195 0.0102734145726321 0
445 0.644753107258802 0.633867953601406 0
446 0.649631891236935 0.610551418568057 0
447 0.626927846049385 0.616743430891999 0
448 0.668817474612514 0.519821310958175 0
449 0.603417366408549 0.57089754074442 0
450 0.655700025046423 0.513277674380766 0
451 0.681588500009803 0.462004844597115 0
452 0.672342065618304 0.459380856459011 0
453 0.691567252610468 0.403395976496479 0
454 0.557396776990585 0.55020877394629 0
455 0.564554382157151 0.538135576987189 0
456 0.677405221640614 0.402198138867813 0
457 0.596963118764051 0.484585824593239 0
458 0.621830847615812 0.445046591890868 0
459 0.707992479724001 0.31188252454197 0
460 0.512631380060744 0.508084059129155 0
461 0.518847732911764 0.501242947197593 0
462 0.552806288257918 0.463871471715944 0
463 0.580555555555277 0.433333333333257 0
464 0.614216432653339 0.39628945351157 0
465 0.712259811110621 0.288392469178598 0
466 0.689966843847769 0.294132089213548 0
467 0.6519513197409 0.322517897216669 0
468 0.567029530792102 0.391081936392959 0
469 0.530487115248441 0.419124721894961 0
470 0.605041105164665 0.330938818063579 0
471 0.480925536454744 0.455783507555426 0
472 0.469743220585383 0.463893439776677 0
473 0.603105971467935 0.316285249264919 0
474 0.550476868135764 0.339376196343166 0
475 0.547446786595286 0.329911096273501 0
476 0.499707062868067 0.359666284144768 0
477 0.447345114216802 0.417208071029588 0
478 0.492702637064779 0.346395249557002 0
479 0.402067931581128 0.395316492218166 0
480 0.406746340892446 0.371374044565802 0
481 0.38465374829641 0.377739577219766 0
482 0.49908680759555 0.98982442747092 0
483 0.508914267149787 0.966939284723105 0
484 0.485522220592916 0.971067292939064 0
485 0.547350426311757 0.87790613690874 0
486 0.472710276247762 0.923055246593427 0
487 0.536045517418638 0.870164419307601 0
488 0.572372657104838 0.821220687503677 0
489 0.563969647472009 0.817753274606882 0
490 0.594857315660443 0.763488135799885 0
491 0.4325533439134 0.898164445567473 0
492 0.442137885350898 0.886736354378542 0
493 0.581371075012405 0.761000048200095 0
494 0.485291759369558 0.836108175818945 0
495 0.518065871652095 0.798811567856042 0
496 0.630784907813995 0.673419854387258 0
497 0.39829562443004 0.851940163858355 0
498 0.405823971350109 0.845661335099257 0
499 0.446949658980321 0.81136148773942 0
500 0.480555555556475 0.783333333333419 0
501 0.521320738373672 0.749334155962862 0
502 0.640056689168512 0.650305416917627 0
503 0.61716248070135 0.654018215772457 0
504 0.574060590559471 0.67895801071282 0
505 0.476651136037009 0.739826944404795 0
506 0.435054168926195 0.764557668218449 0
507 0.526683689278381 0.683111953367502 0
508 0.378937459972406 0.796723627325152 0
509 0.366311343270947 0.803819777986664 0
510 0.528004897086721 0.668274085104853 0
511 0.471873047847307 0.686585390294117 0
512 0.470998385134548 0.676839148638224 0
513 0.418157706306122 0.702263597421619 0
514 0.354762543674744 0.755069082021277 0
515 0.414256007095583 0.688347418632898 0
516 0.315589918818288 0.729042499504695 0
517 0.325359538262514 0.705512852673934 0
518 0.302523169905364 0.70987015561171 0
