1 0.882638888888969 0.714583333332844 0
2 0.990849656631505 0.977746798080115 0
3 0.666217353403898 0.649272692447075 0
4 0.990849656631505 0.516730509471341 0
5 0.966802941776066 0.919266325857578 0
6 0.714310783114774 0.663786094312431 0
7 0.966802941776066 0.560697579828524 0
8 0.825846635462808 0.576467261390784 0
9 0.996223395741291 0.74886031469051 0
10 0.825846635462808 0.818422423917239 0
11 0.926997850704523 0.822462228636018 0
12 0.793920965257861 0.687810468805219 0
13 0.926997850704523 0.633477302557295 0
14 0.845467876743058 0.624185191368311 0
15 0.956980913180791 0.737017908710761 0
16 0.845467876743058 0.782546899919461 0
17 0.984211992682171 0.845414818594363 0
18 0.902395223307818 0.878819298398382 0
19 0.761309450676918 0.619874376683467 0
20 0.902395223307818 0.562271309750825 0
21 0.761309450676918 0.736063871653345 0
22 0.984211992682171 0.645056324916683 0
23 1 0.929435140641133 0
24 0.950310578201629 0.949722537706917 0
25 0.697606088465278 0.623462602934057 0
26 0.950310578201629 0.520287397064475 0
27 0.697606088465278 0.694027462292923 0
28 1 0.570564859357559 0
29 0.12499999999986 0.291666666667494 0
30 0.00974592784809706 0.0227404983123169 0
31 0.355508144303385 0.368502714768381 0
32 0.00974592784809706 0.483756786921783 0
33 0.0353578134929315 0.082501564817166 0
34 0.304284373013717 0.351428124338555 0
35 0.0353578134929315 0.441070310846759 0
36 0.185488790631247 0.432807178141289 0
37 0.00402241873708461 0.251340806246719 0
38 0.185488790631247 0.190852015614471 0
39 0.0777537684803555 0.181425459788214 0
40 0.219492463038868 0.323164154347045 0
41 0.0777537684803555 0.370410385867221 0
42 0.164590427137499 0.384044329989018 0
43 0.0458191457245807 0.265273048575832 0
44 0.164590427137499 0.22568262143763 0
45 0.0168156290959053 0.155425962860653 0
46 0.103957750322988 0.126378589117879 0
47 0.254226620580686 0.392836954345967 0
48 0.103957750322988 0.442926577765912 0
49 0.254226620580686 0.276647459375914 0
50 0.0168156290959053 0.355784456538634 0
51 0 0.0705648593589727 0
52 0.0529236445189521 0.0529236445190709 0
53 0.322076355480627 0.392641214840323 0
54 0.0529236445189521 0.482358785162158 0
55 0.322076355480627 0.32207635548135 0
56 0 0.429435140643087 0
57 0.29166666666609 0.12500000000014 0
58 0.483756786918569 0.00974592784811894 0
59 0.368502714767495 0.355508144304183 0
60 0.0227404983122071 0.00974592784811894 0
61 0.441070310843948 0.0353578134930108 0
62 0.351428124337555 0.3042843730144 0
63 0.0825015648167696 0.0353578134930108 0
64 0.190852015614019 0.185488790631664 0
65 0.251340806245045 0.00402241873709364 0
66 0.432807178139208 0.185488790631664 0
67 0.370410385865076 0.07775376848053 0
68 0.323164154345854 0.219492463039361 0
69 0.181425459787341 0.07775376848053 0
70 0.225682621436849 0.164590427137869 0
71 0.265273048574252 0.0458191457246836 0
72 0.384044329987171 0.164590427137869 0
73 0.355784456536314 0.016815629095943 0
74 0.442926577763396 0.103957750323221 0
75 0.276647459375193 0.254226620581257 0
76 0.126378589117495 0.103957750323221 0
77 0.392836954344463 0.254226620581257 0
78 0.155425962859682 0.016815629095943 0
79 0.429435140640195 0 0
80 0.482358785159147 0.0529236445190709 0
81 0.322076355480627 0.32207635548135 0
82 0.0529236445189521 0.0529236445190709 0
83 0.392641214839125 0.32207635548135 0
84 0.0705648593584974 0 0
85 0.715972222222989 0.881249999999947 0
86 0.516838797561746 0.990741368544293 0
87 0.653222782939807 0.662267262911254 0
88 0.977855086167414 0.990741368544293 0
89 0.56109044442566 0.966410077181662 0
90 0.667167031791007 0.710929845636515 0
91 0.919659190452299 0.966410077181662 0
92 0.820483410480044 0.823785648900038 0
93 0.748905008233702 0.996178702199764 0
94 0.578528247955219 0.823785648900038 0
95 0.634341233320243 0.926133919943546 0
96 0.690249273951031 0.791482160112748 0
97 0.823326159397693 0.926133919943546 0
98 0.7843756824438 0.84363909421913 0
99 0.73752701033145 0.95647181156158 0
100 0.626013973893716 0.84363909421913 0
101 0.645243165242272 0.984025152358865 0
102 0.56342639586792 0.901240137193006 0
103 0.738888611882445 0.758484710447969 0
104 0.879974384513345 0.901240137193006 0
105 0.622699116913349 0.758484710447969 0
106 0.845601658918602 0.984025152358865 0
107 0.570564859360451 1 0
108 0.52087543756208 0.949722537706917 0
109 0.697606088465278 0.694027462292923 0
110 0.950310578201629 0.949722537706917 0
111 0.627041229106887 0.694027462292923 0
112 0.929435140641609 1 0
113 0.739583333332679 0.0937499999998366 0
114 0.979695983649723 0.00730944588606827 0
115 0.720374321307364 0.266631108227373 0
116 0.51867969504095 0.00730944588606827 0
117 0.926337888556126 0.0265183601196822 0
118 0.724642968914841 0.228213279760146 0
119 0.567769142527072 0.0265183601196822 0
120 0.613565019516831 0.139116592973349 0
121 0.749664798437922 0.00301681405281159 0
122 0.855520182043286 0.139116592973349 0
123 0.838012982332004 0.0583153263602305 0
124 0.731708961412753 0.164619347279049 0
125 0.649028056253281 0.0583153263602305 0
126 0.657103276795631 0.123442820353048 0
127 0.746181737855627 0.0343643592934142 0
128 0.815464985346781 0.123442820353048 0
129 0.848777944413525 0.0126117218219211 0
130 0.899610848462866 0.0779683127421927 0
131 0.670719700799326 0.190669965435396 0
132 0.583062859815308 0.0779683127421927 0
133 0.786909195769204 0.190669965435396 0
134 0.648419450735846 0.0126117218219211 0
135 0.929435140641133 0 0
136 0.960307266610649 0.0396927333891895 0
137 0.68787787402983 0.241557266610321 0
138 0.530872125968208 0.0396927333891895 0
139 0.758442733388697 0.241557266610321 0
140 0.570564859357559 0 0
141 0.906249999999782 0.260416666666067 0
142 0.992690554113902 0.48132030495654 0
143 0.733368891771542 0.279625678691483 0
144 0.992690554113902 0.0203040163501783 0
145 0.97348163988021 0.432230857470698 0
146 0.771786720238926 0.275357031083984 0
147 0.97348163988021 0.0736621114435203 0
148 0.860883407026085 0.144479817956121 0
149 0.996983185947176 0.250335201560772 0
150 0.860883407026085 0.38643498048131 0
151 0.941684673639532 0.350971943744951 0
152 0.835380652720281 0.268291038586035 0
153 0.941684673639532 0.161987017667216 0
154 0.87655717964645 0.184535014652398 0
155 0.965635640706446 0.253818262143086 0
156 0.87655717964645 0.34289672320272 0
157 0.987388278178028 0.351580549262329 0
158 0.92203168725749 0.416937140182601 0
159 0.809330034563828 0.213090804229903 0
160 0.92203168725749 0.1003891515367 0
161 0.809330034563828 0.329280299199173 0
162 0.987388278178028 0.151222055585698 0
163 1 0.429435140640195 0
164 0.960307266610649 0.469127874029384 0
165 0.758442733388697 0.241557266610321 0
166 0.960307266610649 0.0396927333891895 0
167 0.758442733388697 0.312122125968818 0
168 1 0.0705648593584974 0
169 0.264583333334173 0.902083333333472 0
170 0.0206288806118946 0.992365689852326 0
171 0.291475950169264 0.721518620295764 0
172 0.481645169221361 0.992365689852326 0
173 0.0748407052270258 0.972303046097212 0
174 0.285499843518873 0.761643907805993 0
175 0.433409451256619 0.972303046097212 0
176 0.39261794017116 0.854700447338899 0
177 0.250469282187017 0.996849105322618 0
178 0.150662777644341 0.854700447338899 0
179 0.164578809950793 0.939092881357073 0
180 0.275607454021926 0.828064237286271 0
181 0.3535637360298 0.939092881357073 0
182 0.348383070775869 0.871070832075664 0
183 0.255345567002167 0.964108335849089 0
184 0.190021362224481 0.871070832075664 0
185 0.151782576556538 0.986827757208211 0
186 0.103854409881217 0.918566428913684 0
187 0.337754519886782 0.800855813878522 0
188 0.42040239852925 0.918566428913684 0
189 0.22156502491673 0.800855813878522 0
190 0.352141070234519 0.986827757208211 0
191 0.0705648593589727 1 0
192 0.0414568548732904 0.958543145126833 0
193 0.322858004486141 0.747706854873583 0
194 0.470891995516377 0.958543145126833 0
195 0.252293145127168 0.747706854873583 0
196 0.429435140643087 1 0
197 0.0979166666668195 0.735416666667492 0
198 0.00763431014769652 0.518354830782567 0
199 0.278481379705065 0.708524049831674 0
200 0.00763431014769652 0.979371119388236 0
201 0.0276969539028706 0.566590548746805 0
202 0.238356092194718 0.714500156482225 0
203 0.0276969539028706 0.925159294773445 0
204 0.145299552661534 0.849337222356136 0
205 0.0031508946773914 0.749530717815029 0
206 0.145299552661534 0.60738205983131 0
207 0.0609071186431086 0.646436263972792 0
208 0.171935762714242 0.724392545979441 0
209 0.0609071186431086 0.835421190050243 0
210 0.128929167924721 0.809978637776406 0
211 0.0358916641510179 0.744654432999748 0
212 0.128929167924721 0.651616929226322 0
213 0.0131722427918278 0.647858929768313 0
214 0.0814335710865591 0.579597601473785 0
215 0.199144186122072 0.778434975084048 0
216 0.0814335710865591 0.89614559011921 0
217 0.199144186122072 0.662245480114953 0
218 0.0131722427918278 0.848217423444643 0
219 0 0.570564859360451 0
220 0.0414568548732904 0.529108004487284 0
221 0.252293145127168 0.747706854873583 0
222 0.0414568548732904 0.958543145126833 0
223 0.252293145127168 0.677141995515192 0
224 0 0.929435140641609 0
225 0.788888888888751 0.474999999999347 0
226 0.6589079075178 0.630592997404856 0
227 0.724218548403047 0.296356188164065 0
228 0.983540210745407 0.498050814429122 0
229 0.687792422994984 0.59601695178419 0
230 0.738589662014992 0.336054610913569 0
231 0.940284581656276 0.492928437300283 0
232 0.857106802767376 0.393340132646644 0
233 0.822829821409984 0.568757625478025 0
234 0.686730042488893 0.462902241873373 0
235 0.735605638897393 0.538782412550936 0
236 0.762378503424804 0.401768341144095 0
237 0.868682524344055 0.484449246303011 0
238 0.833538092827241 0.421552923363318 0
239 0.811103517449504 0.536365162062706 0
240 0.722025056389508 0.467081914572018 0
241 0.748697728854945 0.587644420916257 0
242 0.683341137934408 0.536811516867258 0
243 0.793542027245999 0.358147129147169 0
244 0.906243679939661 0.445803970130597 0
245 0.711725257871647 0.391551608951188 0
246 0.889783501485846 0.530041353983615 0
247 0.697606088465278 0.623462602934057 0
248 0.657913355075928 0.592590476964749 0
249 0.758442733388697 0.312122125968818 0
250 0.960307266610649 0.469127874029384 0
251 0.708753311590326 0.332409523034601 0
252 0.950310578201629 0.520287397064475 0
253 0.222916666666679 0.527083333334299 0
254 0.0173802379957939 0.502111617702398 0
255 0.363142454451082 0.386857545548995 0
256 0.288227307553163 0.692280836751505 0
257 0.0630547673958018 0.507660859591894 0
258 0.331981326916587 0.41801867308369 0
259 0.273713905687649 0.655570467327313 0
260 0.330788343292781 0.540189237970585 0
261 0.149321971398618 0.600678028602833 0
262 0.188639685308639 0.440382733429478 0
263 0.138660887123464 0.516846649838808 0
264 0.280399581681977 0.469600418318632 0
265 0.249689531194597 0.594802931845457 0
266 0.29351959506222 0.535661259213784 0
267 0.174748313649301 0.575251686351987 0
268 0.200482091288517 0.470337054437126 0
269 0.0982492001824644 0.551571552980597 0
270 0.117129993114816 0.474596012563255 0
271 0.335660191667245 0.472434555817877 0
272 0.30310193644506 0.605172057878991 0
273 0.267398863372514 0.424506389143309 0
274 0.215959815217977 0.634219431621765 0
275 0.0414568548732904 0.529108004487284 0
276 0.0529236445189521 0.482358785162158 0
277 0.363533210353918 0.421749219325547 0
278 0.30521678964612 0.65950078067529 0
279 0.322076355480627 0.392641214840323 0
280 0.252293145127168 0.677141995515192 0
281 0.438888888888982 0.575000000000226 0
282 0.379981252010874 0.390593484557379 0
283 0.631619309543115 0.638389739683411 0
284 0.305066105112956 0.696016775759888 0
285 0.393071771340576 0.431572501589119 0
286 0.588790545214731 0.624303202578815 0
287 0.334804350111638 0.669124295832743 0
288 0.469805381878641 0.67178206501046 0
289 0.337738188999643 0.541731165153112 0
290 0.509123095788661 0.511486769837105 0
291 0.414740815001014 0.499406029569008 0
292 0.517895087152297 0.600985427335836 0
293 0.384030764513634 0.624608543095833 0
294 0.45912399609285 0.638344683420458 0
295 0.37268489684203 0.553225265074622 0
296 0.484857773732066 0.533430051505597 0
297 0.364713861938547 0.478880546971215 0
298 0.447014754208611 0.464356860099884 0
299 0.537496305741972 0.649025090868464 0
300 0.395575706054075 0.67406990257834 0
301 0.556377098674324 0.572049550451123 0
302 0.332155606716362 0.611618049032329 0
303 0.363533210353918 0.421749219325547 0
304 0.41351665239962 0.41292861190563 0
305 0.597933224621205 0.652570607419757 0
306 0.343733442046161 0.6974293925805 0
307 0.609400014266867 0.60582138809463 0
308 0.30521678964612 0.65950078067529 0
309 0.531249999999206 0.218749999999977 0
310 0.502436481960759 0.0170553737341876 0
311 0.704131108227173 0.276377036075493 0
312 0.387182409809685 0.362817590190251 0
313 0.50883945337208 0.0618761736126926 0
314 0.66571327975985 0.263571093253157 0
315 0.419197266865687 0.330802733134081 0
316 0.546372197657318 0.324605383605013 0
317 0.440516814051955 0.188505604684475 0
318 0.606860988288344 0.143139011710443 0
319 0.519438442119122 0.136069094840761 0
320 0.602119347278595 0.242373115759579 0
321 0.4721922105999 0.277807789399591 0
322 0.54114760678379 0.288033247490917 0
323 0.471864359292635 0.198954786431283 0
324 0.580738033921193 0.169261966077731 0
325 0.475156533530555 0.116569472145142 0
326 0.555036811322083 0.0947839418381357 0
327 0.613646278563913 0.294627715758618 0
328 0.475899814160962 0.332194933323449 0
329 0.6426936523061 0.207485594531339 0
330 0.425066910111622 0.266838342403178 0
331 0.482358785159147 0.0529236445190709 0
332 0.530872125968208 0.0396927333891895 0
333 0.670236659190285 0.294480911129392 0
334 0.42351334080864 0.361769088870539 0
335 0.68787787402983 0.241557266610321 0
336 0.392641214839125 0.32207635548135 0
337 0.580555555555277 0.433333333333257 0
338 0.391026636905368 0.379548099662833 0
339 0.707975335322856 0.293107545548074 0
340 0.642664694437609 0.627344354788865 0
341 0.433143959965839 0.391500312963666 0
342 0.679659972860001 0.324268673082742 0
343 0.628862733839993 0.584231013953362 0
344 0.680026011260407 0.461561435627695 0
345 0.513681837024017 0.506928028601728 0
346 0.547958818381409 0.331510535770347 0
347 0.502861752611952 0.411285091957652 0
348 0.632788889290646 0.375850418317639 0
349 0.606016024763235 0.51286448972448 0
350 0.64565981351507 0.451808865997352 0
351 0.536786138886512 0.481501686350903 0
352 0.55922071426425 0.366689447651515 0
353 0.466072467183942 0.445299147124463 0
354 0.482532645637757 0.361061763271445 0
355 0.683699209378421 0.385946399252625 0
356 0.655315089441182 0.531206307168694 0
357 0.620279110040708 0.323494545706614 0
358 0.575434811649654 0.552991837475701 0
359 0.41351665239962 0.41292861190563 0
360 0.42351334080864 0.361769088870539 0
361 0.708753311590326 0.332409523034601 0
362 0.657913355075928 0.592590476964749 0
363 0.670236659190285 0.294480911129392 0
364 0.609400014266867 0.60582138809463 0
365 0.480555555556475 0.783333333333419 0
366 0.308314747729056 0.712259988840058 0
367 0.634867952159215 0.65463295276358 0
368 0.498483966781154 0.983107058396619 0
369 0.346590287942862 0.728053984987655 0
370 0.600576483045955 0.683232891733727 0
371 0.494499895680608 0.938713123278874 0
372 0.57095269266704 0.820634754222656 0
373 0.399567785878022 0.850879149538663 0
374 0.471146188124364 0.678486096238937 0
375 0.409948687340963 0.754198157229817 0
376 0.543813009979626 0.73057504146982 0
377 0.487904969348837 0.865226801300619 0
378 0.539721249445716 0.807747430068219 0
379 0.42754837255568 0.827542643637244 0
380 0.47439704466803 0.714709926294793 0
381 0.366808190158084 0.784880966237387 0
382 0.401180915752827 0.702095951071528 0
383 0.591029682116046 0.74531246765618 0
384 0.531756961070616 0.888067894401218 0
385 0.543101515440725 0.677051139361652 0
386 0.449456068800552 0.902591581272548 0
387 0.322858004486141 0.747706854873583 0
388 0.343733442046161 0.6974293925805 0
389 0.627041229106887 0.694027462292923 0
390 0.52087543756208 0.949722537706917 0
391 0.597933224621205 0.652570607419757 0
392 0.470891995516377 0.958543145126833 0
