1 0.982203163363391 0.532539778227904 0
2 0.907362357899534 0.542019857963965 0
3 0.939945389562442 0.609803991864306 0
4 0.997044338786912 0.632763164069048 0
5 0.838290734538715 0.606730721273679 0
6 0.743509969980461 0.608918170191858 0
7 0.97133519758948 0.741349675011588 0
8 0.88263888888897 0.714583333332842 0
9 0.768025887542023 0.67999597789692 0
10 0.683510339940125 0.654491286017159 0
11 0.743509969980461 0.736277196304531 0
12 0.838290734538715 0.795669603713258 0
13 0.997044338786912 0.865452945730036 0
14 0.939945389562442 0.853950030237305 0
15 0.907362357899534 0.902068665737626 0
16 0.982203163363391 0.956718935753469 0
17 0.018955210618865 0.468407982303729 0
18 0.0986673111128793 0.462913507592301 0
19 0.0639634904068382 0.393394182656579 0
20 0.00314804152873147 0.367394238007939 0
21 0.172234720609577 0.401881014757274 0
22 0.273184647357968 0.404741062176443 0
23 0.030530558780422 0.260176852927801 0
24 0.124999999999858 0.291666666667496 0
25 0.247073019185903 0.332357673062689 0
26 0.337089578761849 0.362363192921225 0
27 0.273184647357968 0.277382036063579 0
28 0.172234720609577 0.212942132317411 0
29 0.00314804152873147 0.1347044563466 0
30 0.0639634904068382 0.149248144283213 0
31 0.0986673111128793 0.102864699818098 0
32 0.018955210618865 0.0442288247775267 0
33 0.0442288247773139 0.0189552106189075 0
34 0.102864699817848 0.0986673111131007 0
35 0.149248144282495 0.0639634904069818 0
36 0.134704456345707 0.00314804152873853 0
37 0.212942132316745 0.172234720609963 0
38 0.277382036062937 0.273184647358582 0
39 0.260176852926181 0.0305305587804905 0
40 0.291666666666088 0.125000000000139 0
41 0.33235767306156 0.247073019186457 0
42 0.362363192920298 0.337089578762606 0
43 0.404741062174944 0.273184647358582 0
44 0.401881014755336 0.172234720609963 0
45 0.367394238005479 0.00314804152873853 0
46 0.393394182654217 0.0639634904069818 0
47 0.462913507589627 0.0986673111131007 0
48 0.468407982300659 0.0189552106189075 0
49 0.95692954920498 0.98199254991205 0
50 0.903164969194571 0.906266054442617 0
51 0.854660735686913 0.939234684113408 0
52 0.865487923970134 0.9970093605477 0
53 0.797583322831608 0.836377015420645 0
54 0.739312581275499 0.740474585009522 0
55 0.741688903444066 0.970995969158554 0
56 0.715972222222992 0.881249999999948 0
57 0.682741233666494 0.765280631773024 0
58 0.658236725781714 0.67976490017574 0
59 0.611953555163683 0.740474585009522 0
60 0.608644440393301 0.836377015420645 0
61 0.632798142310712 0.9970093605477 0
62 0.610514697315559 0.939234684113408 0
63 0.543116161423334 0.906266054442617 0
64 0.532750391682272 0.98199254991205 0
65 0.536330820351657 0.0142164079641399 0
66 0.561753320186433 0.0740004833346136 0
67 0.622596689945604 0.0479726178050989 0
68 0.63339277237479 0.00236103114654714 0
69 0.641177665395406 0.129176040457103 0
70 0.663555099663153 0.204888485518349 0
71 0.747455786767639 0.0228979190853023 0
72 0.739583333332677 0.0937499999998358 0
73 0.729410581733831 0.185304764389312 0
74 0.72190920176916 0.25281718407123 0
75 0.790914125775826 0.204888485518349 0
76 0.830116547834986 0.129176040457103 0
77 0.866082554035779 0.00236103114654714 0
78 0.866742728318603 0.0479726178050989 0
79 0.921802127960094 0.0740004833346136 0
80 0.960509977877221 0.0142164079641399 0
81 0.985783592035802 0.0394900221225888 0
82 0.925999516665085 0.0781978720395826 0
83 0.952027382194706 0.133257271680756 0
84 0.997638968853443 0.133917445963523 0
85 0.870823959542372 0.169883452164271 0
86 0.795111514480817 0.209085874223318 0
87 0.977102080914605 0.252544213231062 0
88 0.906249999999783 0.260416666666065 0
89 0.814695235609934 0.270589418264969 0
90 0.747182815927741 0.278090798229679 0
91 0.795111514480817 0.336444900335325 0
92 0.870823959542372 0.358822334602862 0
93 0.997638968853443 0.366607227623294 0
94 0.952027382194706 0.377403310052477 0
95 0.925999516665085 0.438246679811361 0
96 0.985783592035802 0.463669179645934 0
97 0.464301020002972 0.985151751681894 0
98 0.441535590184497 0.922710606294934 0
99 0.379535426401755 0.949895265847992 0
100 0.36671216234338 0.997534034135828 0
101 0.364563491958508 0.865082802189205 0
102 0.345551055248845 0.786005359569655 0
103 0.253561898525372 0.97608439562201 0
104 0.264583333334175 0.902083333333473 0
105 0.278825185572375 0.806459468304433 0
106 0.289327117522776 0.73594649663663 0
107 0.21819202913598 0.786005359569655 0
108 0.175624609518645 0.865082802189205 0
109 0.134022380682041 0.997534034135828 0
110 0.135389388028389 0.949895265847992 0
111 0.0814867824102935 0.922710606294934 0
112 0.0401218624767699 0.985151751681894 0
113 0.0148482483181508 0.959878137523483 0
114 0.0772893937052962 0.918513217589971 0
115 0.0501047341521578 0.864610611972463 0
116 0.0024659658641796 0.86597761931905 0
117 0.134917197811197 0.824375390482098 0
118 0.213994640430983 0.781807970864692 0
119 0.0239156043780614 0.746438101476596 0
120 0.0979166666668186 0.735416666667495 0
121 0.193540531696143 0.721174814428905 0
122 0.264053503364157 0.710672882478219 0
123 0.213994640430983 0.654448944752877 0
124 0.134917197811197 0.635436508043791 0
125 0.0024659658641796 0.633287837659628 0
126 0.0501047341521578 0.620464573601109 0
127 0.0772893937052962 0.558464409818734 0
128 0.0148482483181508 0.535698980000775 0
129 0.967986755399193 0.496208957875014 0
130 0.923043855451997 0.443650817769021 0
131 0.891972771757148 0.487207301917645 0
132 0.905001326752977 0.535986111700552 0
133 0.842159157131852 0.41123312717597 0
134 0.792155853267729 0.341849038292986 0
135 0.81539281545332 0.548213816944432 0
136 0.788888888888753 0.474999999999348 0
137 0.754640625172376 0.380393410130137 0
138 0.729385979291133 0.310630576458759 0
139 0.702473872380351 0.378464758300576 0
140 0.709114694081087 0.465553055877641 0
141 0.741148938833905 0.602884423928445 0
142 0.720053269736729 0.557399287950259 0
143 0.669509486645547 0.547164850004505 0
144 0.669293931975927 0.618160465664269 0
145 0.283008713983022 0.679080864780096 0
146 0.312661951543862 0.617362452343153 0
147 0.257504022102982 0.614568997084127 0
148 0.217142681959714 0.649202208871655 0
149 0.307151918420777 0.537317522799338 0
150 0.350474041063265 0.463205471993153 0
151 0.165447756591622 0.584552243409728 0
152 0.22291666666668 0.527083333334301 0
153 0.297177753338061 0.45282224666244 0
154 0.35193782708 0.398062172920148 0
155 0.275650613222148 0.410669873722231 0
156 0.196150324987641 0.459380233793836 0
157 0.0804374352340277 0.553217673937513 0
158 0.114068224558996 0.51385875625633 0
159 0.101133276977059 0.468842319138089 0
160 0.0338034589370158 0.504106962302652 0
161 0.315759105663443 0.686347028850557 0
162 0.387617869493888 0.687024678131051 0
163 0.368018719417184 0.639088335073064 0
164 0.318101067740734 0.618569201595816 0
165 0.463031079423057 0.650575552975787 0
166 0.552439798169889 0.657938455423235 0
167 0.359901939424807 0.549020903664999 0
168 0.43888888888898 0.575000000000227 0
169 0.540955496597499 0.608570080276237 0
170 0.616219342243081 0.633324634159511 0
171 0.57313563991292 0.573563100623811 0
172 0.493733647819076 0.525403543359895 0
173 0.355913157260137 0.464412221245816 0
174 0.407692450652263 0.477341584651377 0
175 0.446125800756322 0.448492342981627 0
176 0.384688218760421 0.405328336990609 0
177 0.39869401327313 0.351305986726746 0
178 0.466494382362663 0.347185130693195 0
179 0.454954363008026 0.295045636991556 0
180 0.410774808438348 0.275545678505129 0
181 0.543058680151841 0.30141076106707 0
182 0.626468607254066 0.30355579663145 0
183 0.460397919084494 0.195132639695269 0
184 0.531249999999204 0.218749999999979 0
185 0.622804764388909 0.249268254796294 0
186 0.690317184070995 0.271772394690138 0
187 0.658308363781925 0.208036527047088 0
188 0.590293400761277 0.159706599237597 0
189 0.46894725385303 0.101028342259648 0
190 0.515990872600682 0.111936108212081 0
191 0.556506584305204 0.0771485248633522 0
192 0.504738802653492 0.0331716185830475 0
193 0.637701914277762 0.611842062124727 0
194 0.664262750764318 0.546115502828274 0
195 0.613447452391807 0.536078124481584 0
196 0.576703420312144 0.56999532022457 0
197 0.658230429446956 0.455376202950964 0
198 0.697227136499122 0.377415411124345 0
199 0.528334947770173 0.490802243408637 0
200 0.580555555555278 0.433333333333259 0
201 0.648034807827454 0.359072246661462 0
202 0.697793961592967 0.304312172919218 0
203 0.627710334745968 0.308959934589111 0
204 0.555101289448705 0.353821553640176 0
205 0.449693581155545 0.444924562582386 0
206 0.480184406446571 0.404849628856724 0
207 0.467736109854566 0.352589268650856 0
208 0.406170790795103 0.383845764955826 0
209 0.497051411683393 0.967144301593943 0
210 0.537187349877554 0.903800088578445 0
211 0.490050123715957 0.8891299499614 0
212 0.446974706381368 0.919719966842635 0
213 0.551145221356808 0.812461411042655 0
214 0.606024743617903 0.73800861914535 0
215 0.417313512962538 0.836078771347758 0
216 0.480555555556475 0.783333333333421 0
217 0.562276660066892 0.715175897621015 0
218 0.622537745782835 0.664916651857633 0
219 0.553489145346155 0.663185191304456 0
220 0.47320793235008 0.70145981760985 0
221 0.350990171445717 0.783014720117355 0
222 0.389339882886577 0.745694152417842 0
223 0.388667216670154 0.692271414012272 0
224 0.322077509203198 0.71793904654868 0
