1 0.997444514164716 0.504672456348434 0
2 0.967696240697269 0.51570321457755 0
3 0.944573204325002 0.527637974976114 0
4 0.998229650533676 0.546597966542234 0
5 0.989259701399778 0.546161072804156 0
6 0.947735616033829 0.544316986660493 0
7 0.915538848953034 0.54736304517886 0
8 0.996473463043444 0.580152437939804 0
9 0.96030827498071 0.5725724439692 0
10 0.983819465616106 0.580827864048518 0
11 0.9316557004017 0.569859647953913 0
12 0.872565860493203 0.567143272289728 0
13 0.946670523856444 0.597507740403621 0
14 0.970456150699645 0.609119275178505 0
15 0.990931103278542 0.623647515531975 0
16 0.828878078791125 0.583839588064987 0
17 0.856737511677024 0.593514330880532 0
18 0.885877698660248 0.606782080219147 0
19 0.815840864259218 0.610211778642976 0
20 0.785993545303418 0.60248936547403 0
21 0.847051232942161 0.628035838692762 0
22 0.917596947656274 0.650665935941449 0
23 0.989357260870285 0.685316819416969 0
24 0.957617780147032 0.679371156753194 0
25 0.741446714435332 0.618442082349425 0
26 0.80442118785963 0.64003947220312 0
27 0.862726533632949 0.666157427946782 0
28 0.706869999298462 0.624688395964123 0
29 0.998098855177109 0.718281484483919 0
30 0.745804815565563 0.645739595017845 0
31 0.716361585016972 0.638783307017307 0
32 0.681990775435963 0.632352191519568 0
33 0.990160509084661 0.747030686172833 0
34 0.953814200782588 0.736062273608346 0
35 0.922463599401012 0.726601441238795 0
36 0.812722771354359 0.6934843866213 0
37 0.754575618954019 0.675937021104107 0
38 0.727300116705491 0.66770595237825 0
39 0.653027638337479 0.645292364231779 0
40 0.688074218186622 0.669130293762072 0
41 0.681990775435963 0.675713246908691 0
42 0.716361585016972 0.690026643702366 0
43 0.894923111355601 0.744457980870103 0
44 0.745804815565563 0.700840826210374 0
45 0.998098855177109 0.780571078994452 0
46 0.706869999298462 0.698392905387005 0
47 0.862726533632949 0.750991130812949 0
48 0.80442118785963 0.741918877865161 0
49 0.741446714435332 0.725508005652275 0
50 0.957617780147032 0.795049041914217 0
51 0.989357260870285 0.80825975223127 0
52 0.917596947656274 0.799599677435783 0
53 0.847051232942161 0.779651887697418 0
54 0.785993545303418 0.768346975477534 0
55 0.802977777677721 0.79794630310862 0
56 0.885877698660248 0.824339371042211 0
57 0.828878078791125 0.812879725760706 0
58 0.990931103278542 0.870878949167397 0
59 0.970456150699645 0.873049525834245 0
60 0.946670523856444 0.870305238490804 0
61 0.846840033812077 0.842327639197279 0
62 0.872565860493203 0.855943815107534 0
63 0.9316557004017 0.888891129802182 0
64 0.983819465616106 0.909406369635673 0
65 0.96030827498071 0.903471603651075 0
66 0.996473463043444 0.917719119635412 0
67 0.915538848953034 0.901660402117131 0
68 0.947735616033829 0.924138828932706 0
69 0.989259701399778 0.947356616796795 0
70 0.998229650533676 0.95233353851229 0
71 0.944573204325002 0.938909166094605 0
72 0.967696240697269 0.96479984193673 0
73 0.997444514164716 0.993785179418313 0
74 0.0027218192328457 0.495463634613951 0
75 0.0344063708549651 0.486017103965903 0
76 0.059034456931925 0.475313747871152 0
77 0.00188557931324413 0.453496312424109 0
78 0.0114393712901722 0.454410895761027 0
79 0.055666207774595 0.458466323728884 0
80 0.0899586224168478 0.457134885942602 0
81 0.00375607486496954 0.420035365804073 0
82 0.0422752100796988 0.429541316535399 0
83 0.0172337052609444 0.420033821215147 0
84 0.0727927451342521 0.433779989303397 0
85 0.13572866929712 0.439643161175687 0
86 0.0568006254783188 0.405332290870862 0
87 0.0314668217400097 0.392454065909062 0
88 0.00965917994001041 0.376835443465584 0
89 0.182260034423574 0.425273413656694 0
90 0.152587265669375 0.414115032403445 0
91 0.121550380125126 0.399295438787618 0
92 0.196145825049267 0.399595512609941 0
93 0.227935868907502 0.408907427971789 0
94 0.162904012250881 0.380109361920231 0
95 0.0877665646264153 0.353722392290338 0
96 0.0113354617949573 0.315249953673244 0
97 0.0451408258788806 0.322885884541201 0
98 0.275382197642721 0.395327027533098 0
99 0.208308793995569 0.370375967497059 0
100 0.146208425716321 0.341152993339437 0
101 0.312209468202685 0.390922077446365 0
102 0.00202488797704273 0.281819759915355 0
103 0.270740433125317 0.36779742663877 0
104 0.30210008696404 0.376321697331234 0
105 0.33870804983137 0.384583210972324 0
106 0.010479931152427 0.253493310385161 0
107 0.0491919754978136 0.266397325166909 0
108 0.0825831485669336 0.277527716189907 0
109 0.199466870746749 0.316488956916363 0
110 0.261398749042942 0.33713291634835 0
111 0.290449579840178 0.346816526614062 0
112 0.369556361533884 0.373185453845198 0
113 0.332228643351381 0.347481138405769 0
114 0.33870804983137 0.341222155583136 0
115 0.30210008696404 0.325078360646097 0
116 0.111916212757299 0.26113782976807 0
117 0.270740433125317 0.312696195446158 0
118 0.00202488797704273 0.219530165404728 0
119 0.312209468202685 0.317217568023371 0
120 0.146208425716321 0.256319290473143 0
121 0.208308793995569 0.268496561834864 0
122 0.275382197642721 0.288261104230087 0
123 0.0451408258788806 0.207207999380004 0
124 0.0113354617949573 0.192307020858758 0
125 0.0877665646264153 0.204788650795779 0
126 0.162904012250881 0.228493312915347 0
127 0.227935868907502 0.243049817968036 0
128 0.209846153952631 0.212546004589173 0
129 0.121550380125126 0.181738147964227 0
130 0.182260034423574 0.196233275960631 0
131 0.00965917994001041 0.129604009829791 0
132 0.0314668217400097 0.128523815252925 0
133 0.0568006254783188 0.132534792783268 0
134 0.163128958069906 0.165828808706343 0
135 0.13572866929712 0.150842618357447 0
136 0.0727927451342521 0.114748507454648 0
137 0.0172337052609444 0.0914553156274988 0
138 0.0422752100796988 0.0986421568530259 0
139 0.00375607486496954 0.0824686841079572 0
140 0.0899586224168478 0.102837529003798 0
141 0.055666207774595 0.0786444814560996 0
142 0.0114393712901722 0.0532153517677849 0
143 0.00188557931324413 0.0477607404534423 0
144 0.059034456931925 0.0640425567520432 0
145 0.0344063708549651 0.0369204766060477 0
146 0.0027218192328457 0.00635091154333678 0
147 0.0063509115433012 0.0027218192328518 0
148 0.0369204766059536 0.0344063708550424 0
149 0.0640425567518769 0.0590344569320575 0
150 0.0477607404531291 0.00188557931324837 0
151 0.0532153517674779 0.0114393712901978 0
152 0.0786444814558199 0.05566620777472 0
153 0.102837529003509 0.0899586224170497 0
154 0.0824686841074186 0.00375607486497797 0
155 0.0986421568525464 0.0422752100797937 0
156 0.0914553156269603 0.0172337052609831 0
157 0.114748507454202 0.0727927451344154 0
158 0.150842618357041 0.135728669297425 0
159 0.132534792782631 0.0568006254784463 0
160 0.128523815252201 0.0314668217400803 0
161 0.129604009828962 0.00965917994003209 0
162 0.196233275960123 0.182260034423983 0
163 0.187609811377238 0.152587265669718 0
164 0.181738147963544 0.121550380125399 0
165 0.231168370757131 0.196145825049708 0
166 0.243049817967422 0.227935868908013 0
167 0.228493312914534 0.162904012251247 0
168 0.204788650794794 0.0877665646266123 0
169 0.192307020857514 0.0113354617949827 0
170 0.207207999378807 0.0451408258789819 0
171 0.288261104229382 0.275382197643339 0
172 0.268496561833986 0.208308793996036 0
173 0.256319290472068 0.146208425716649 0
174 0.317217568022637 0.312209468203385 0
175 0.219530165403259 0.00202488797704727 0
176 0.312696195445268 0.270740433125925 0
177 0.325078360645265 0.302100086964718 0
178 0.341222155582358 0.33870804983213 0
179 0.253493310383496 0.0104799311524505 0
180 0.26639732516533 0.049191975497924 0
181 0.277527716188404 0.0825831485671189 0
182 0.316488956915128 0.199466870747196 0
183 0.337132916347254 0.261398749043528 0
184 0.346816526613025 0.29044957984083 0
185 0.37318545384434 0.369556361534713 0
186 0.374004623828687 0.332228643352127 0
187 0.384583210971255 0.33870804983213 0
188 0.376321697330056 0.302100086964718 0
189 0.313472978736967 0.111916212757551 0
190 0.367797426637509 0.270740433125925 0
191 0.281819759913466 0.00202488797704727 0
192 0.390922077445134 0.312209468203385 0
193 0.341152993337791 0.146208425716649 0
194 0.370375967495495 0.208308793996036 0
195 0.395327027531672 0.275382197643339 0
196 0.322885884539224 0.0451408258789819 0
197 0.315249953671172 0.0113354617949827 0
198 0.35372239228835 0.0877665646266123 0
199 0.380109361918398 0.162904012251247 0
200 0.408907427970058 0.227935868908013 0
201 0.427351431378847 0.209846153953102 0
202 0.39929543878547 0.121550380125399 0
203 0.425273413654644 0.182260034423983 0
204 0.37683544346309 0.00965917994003209 0
205 0.39245406590656 0.0314668217400803 0
206 0.405332290868387 0.0568006254784463 0
207 0.442923830006329 0.163128958070272 0
208 0.439643161173335 0.135728669297425 0
209 0.433779989300803 0.0727927451344154 0
210 0.420033821212396 0.0172337052609831 0
211 0.429541316532691 0.0422752100797937 0
212 0.420035365801261 0.00375607486497797 0
213 0.457134885939927 0.0899586224170497 0
214 0.458466323726046 0.05566620777472 0
215 0.454410895758018 0.0114393712901978 0
216 0.453496312421063 0.00188557931324837 0
217 0.475313747868216 0.0590344569320575 0
218 0.486017103962784 0.0344063708550424 0
219 0.495463634610622 0.0027218192328518 0
220 0.993815421854266 0.997414271728792 0
221 0.965182134946284 0.967313947687732 0
222 0.939565104505057 0.943917265914583 0
223 0.952354489393859 0.998208699652415 0
224 0.947483720922535 0.989132597274319 0
225 0.924757342352639 0.947117102614052 0
226 0.902659942366392 0.91453930870386 0
227 0.917760853801113 0.996431728878273 0
228 0.903941328207947 0.959838550424223 0
229 0.909597855250202 0.983627980002077 0
230 0.889699938081813 0.930846892122352 0
231 0.857451911433306 0.871057764167533 0
232 0.870936356552246 0.946039405795512 0
233 0.873399157187599 0.970106519346944 0
234 0.870986273389771 0.990823779056976 0
235 0.814904837254597 0.826852967297332 0
236 0.821714965969213 0.855042097613866 0
237 0.825689930821921 0.884527138880949 0
238 0.780818318551407 0.813661466202903 0
239 0.770879596243521 0.783460924537533 0
240 0.781461932278606 0.84524118836142 0
241 0.800574861488071 0.916621763604774 0
242 0.808385701808001 0.989231311294774 0
243 0.79555060664735 0.957116215414996 0
244 0.72856780784869 0.738386912239004 0
245 0.744233420021303 0.802106645703899 0
246 0.752615668877368 0.861101995569277 0
247 0.701861899478518 0.703401005206983 0
248 0.78059357775122 0.998076356421806 0
249 0.703849053245675 0.742796588530544 0
250 0.693383311335781 0.713004917383711 0
251 0.679476669684978 0.678227352659693 0
252 0.747147129853957 0.990044065405179 0
253 0.736608851115398 0.953267623277004 0
254 0.727519031779835 0.92154600886129 0
255 0.695700685186156 0.810506472790291 0
256 0.678841451649821 0.751671188408815 0
257 0.670933169932728 0.724072899151397 0
258 0.649398546027029 0.648921456542259 0
259 0.646298237709379 0.684382788815692 0
260 0.636115614296147 0.678227352659693 0
261 0.642139974651067 0.713004917383711 0
262 0.693366345376236 0.893679597880399 0
263 0.648747822053517 0.742796588530544 0
264 0.718303983241106 0.998076356421806 0
265 0.628157390056131 0.703401005206983 0
266 0.667781966011773 0.861101995569277 0
267 0.642354014359948 0.802106645703899 0
268 0.621501884546561 0.738386912239004 0
269 0.679872721487106 0.957116215414996 0
270 0.685442768994527 0.989231311294774 0
271 0.651641119994739 0.916621763604774 0
272 0.629845883274971 0.84524118836142 0
273 0.605021986241134 0.783460924537533 0
274 0.585472500251832 0.800646153744688 0
275 0.608132640000322 0.884527138880949 0
276 0.585864699560421 0.826852967297332 0
277 0.623754839756014 0.990823779056976 0
278 0.609468906533637 0.970106519346944 0
279 0.5981388584669 0.946039405795512 0
280 0.567045161876074 0.845027489833346 0
281 0.568651368617445 0.871057764167533 0
282 0.570668456235692 0.930846892122352 0
283 0.58101934966526 0.983627980002077 0
284 0.5730421685283 0.959838550424223 0
285 0.580194172107778 0.996431728878273 0
286 0.548362585430506 0.91453930870386 0
287 0.544935500082984 0.947117102614052 0
288 0.546288176932598 0.989132597274319 0
289 0.546618917426536 0.998208699652415 0
290 0.528293913389336 0.943917265914583 0
291 0.516085507590129 0.967313947687732 0
292 0.504702698787681 0.997414271728792 0
293 0.505216820195 0.00204136442463301 0
294 0.522584488748506 0.0258047781412079 0
295 0.539444866362435 0.0442758426989163 0
296 0.546975082404881 0.00141418448493222 0
297 0.548448947062178 0.00857952846762381 0
298 0.555450228215351 0.0417496558309204 0
299 0.565354769662131 0.067468966812594 0
300 0.580903652912794 0.00281705614872541 0
301 0.581027485985094 0.0317064075597545 0
302 0.584274605100689 0.0129252789457003 0
303 0.584418196980683 0.0545945588506552 0
304 0.594289006149004 0.101796501972777 0
305 0.608867865499222 0.0426004691087127 0
306 0.615412639526472 0.0236001163049926 0
307 0.625579351519967 0.00724438495500332 0
308 0.620291594949502 0.136695025817596 0
309 0.62403178401424 0.11444044925196 0
310 0.63109215624404 0.0911627850937881 0
311 0.649440943652615 0.147109368786859 0
312 0.648076539255281 0.17095190168052 0
313 0.66061664114276 0.122178009188085 0
314 0.668219248866636 0.0658249234697707 0
315 0.687583911775948 0.00850159634621269 0
316 0.688399321928921 0.0338556194091395 0
317 0.673518521877668 0.206536648231913 0
318 0.681701231002006 0.15623159549658 0
319 0.695399113089886 0.109656319287173 0
320 0.687130289604318 0.234157101151868 0
321 0.718686462079326 0.0015186659827811 0
322 0.699887681642613 0.203055324843862 0
323 0.699203324409785 0.226575065222889 0
324 0.700093801485472 0.25403103737337 0
325 0.749126672403307 0.00785994836431537 0
326 0.745900668707854 0.0368939816233373 0
327 0.743118070952091 0.0619373614251618 0
328 0.733377760770431 0.149600153059969 0
329 0.72821677091241 0.196049061782085 0
330 0.725795868345968 0.217837184879998 0
331 0.719203636538152 0.277167271150241 0
332 0.735576022431985 0.249171482513381 0
333 0.743454856874595 0.25403103737337 0
334 0.750446661094844 0.226575065222889 0
335 0.766841223421441 0.0839371595679225 0
336 0.754988912835142 0.203055324843862 0
337 0.780976056589859 0.0015186659827811 0
338 0.760834799027201 0.234157101151868 0
339 0.780232815956053 0.109656319287173 0
340 0.783580636664047 0.15623159549658 0
341 0.780584445180518 0.206536648231913 0
342 0.804077207089944 0.0338556194091395 0
343 0.810526844590249 0.00850159634621269 0
344 0.81715299036097 0.0658249234697707 0
345 0.812232690147416 0.122178009188085 0
346 0.813934149258785 0.17095190168052 0
347 0.839915533898917 0.157384615464376 0
348 0.848649447067104 0.0911627850937881 0
349 0.849331732645221 0.136695025817596 0
350 0.872810785155388 0.00724438495500332 0
351 0.879342890182212 0.0236001163049926 0
352 0.881665363586406 0.0426004691087127 0
353 0.874953430811082 0.122346718552353 0
354 0.883089548966809 0.101796501972777 0
355 0.903449678828953 0.0545945588506552 0
356 0.912853110687843 0.0129252789457003 0
357 0.911926645666969 0.0317064075597545 0
358 0.918470334608402 0.00281705614872541 0
359 0.919652126600403 0.067468966812594 0
360 0.935272070487565 0.0417496558309204 0
361 0.949644491054817 0.00857952846762381 0
362 0.952710654374937 0.00141418448493222 0
363 0.950716057480925 0.0442758426989163 0
364 0.971681116107685 0.0258047781412079 0
365 0.994329543264879 0.00204136442463301 0
366 0.997958635575359 0.00567045673508851 0
367 0.974195221858687 0.0283188838921963 0
368 0.955724157300904 0.0492839425188682 0
369 0.998585815515062 0.0472893456248172 0
370 0.991420471532341 0.0503555089449295 0
371 0.95825034416891 0.0647279295121453 0
372 0.932531033187131 0.0803478733992554 0
373 0.997182943851263 0.0815296653911745 0
374 0.968293592440117 0.088073354332602 0
375 0.987074721054247 0.0871468893117161 0
376 0.945405441149123 0.0965503211706055 0
377 0.898203498026809 0.116910451032698 0
378 0.957399530891114 0.118334636413025 0
379 0.976399883694911 0.120657109817184 0
380 0.992755615044967 0.127189214843955 0
381 0.863304974181848 0.150668267354144 0
382 0.885559550747574 0.149462994959824 0
383 0.908837214905841 0.151350552932206 0
384 0.852890631212542 0.182131914494723 0
385 0.829048098318784 0.186065850740441 0
386 0.877821990811418 0.187767309851738 0
387 0.934175076529962 0.18284700963815 0
388 0.991498403653753 0.189473155408769 0
389 0.966144380590723 0.195922792909066 0
390 0.793463351767247 0.219415554818574 0
391 0.843768404502785 0.216419363334997 0
392 0.890343680712381 0.21976718404292 0
393 0.765842898847179 0.23916520097182 0
394 0.998481334017213 0.219023943408997 0
395 0.796944675155312 0.245011087163813 0
396 0.773424934776189 0.249553338904114 0
397 0.745968962625597 0.256545143124358 0
398 0.992140051635653 0.250873327595385 0
399 0.963106018376513 0.254099331290854 0
400 0.938062638574586 0.256881929046632 0
401 0.850399846939423 0.266622239228348 0
402 0.803950938217118 0.271783229086397 0
403 0.782162815119116 0.274204131652846 0
404 0.722832728848631 0.280796363460697 0
405 0.750828517485605 0.290947462990687 0
406 0.745968962625597 0.299906198513255 0
407 0.773424934776189 0.300796675588905 0
408 0.916062840431736 0.28549392554759 0
409 0.796944675155312 0.300112318356053 0
410 0.998481334017213 0.281313537919204 0
411 0.765842898847179 0.312869710394317 0
412 0.890343680712381 0.304600886908643 0
413 0.843768404502785 0.318298768996506 0
414 0.793463351767247 0.326481478120864 0
415 0.966144380590723 0.311600678069483 0
416 0.991498403653753 0.312416088222428 0
417 0.934175076529962 0.331780751131705 0
418 0.877821990811418 0.339383358855602 0
419 0.829048098318784 0.351923460743077 0
420 0.842615384534984 0.374889892890592 0
421 0.908837214905841 0.368907843754132 0
422 0.863304974181848 0.379708405048665 0
423 0.992755615044967 0.374420648478083 0
424 0.976399883694911 0.384587360471543 0
425 0.957399530891114 0.391132134498781 0
426 0.877653281447149 0.402141590488777 0
427 0.898203498026809 0.405710993848992 0
428 0.945405441149123 0.415581803017206 0
429 0.987074721054247 0.415725394897152 0
430 0.968293592440117 0.418972514012746 0
431 0.997182943851263 0.419096347085016 0
432 0.932531033187131 0.434645230335674 0
433 0.95825034416891 0.444549771782372 0
434 0.991420471532341 0.45155105293547 0
435 0.998585815515062 0.453024917592751 0
436 0.955724157300904 0.460555133635207 0
437 0.974195221858687 0.477415511249027 0
438 0.997958635575359 0.494783179802409 0
439 0.494873907113501 0.997867908267605 0
440 0.478562390280655 0.973048342830285 0
441 0.462522948869227 0.953756342070006 0
442 0.453087770239572 0.998522962871292 0
443 0.451932365314822 0.991039159156034 0
444 0.446405312044381 0.956394803909913 0
445 0.437643851085606 0.929532412440157 0
446 0.419221549583329 0.997057741355775 0
447 0.420381687684791 0.966884418770912 0
448 0.41629985174194 0.986500264212264 0
449 0.418008227857632 0.942979016311519 0
450 0.410235282827958 0.893679209050621 0
451 0.393025488683885 0.955506176708663 0
452 0.385636254532056 0.975350989637 0
453 0.374742621145247 0.992433642380327 0
454 0.385783739531561 0.857229639701576 0
455 0.381054458175058 0.880473308559025 0
456 0.372959523093823 0.904785535568679 0
457 0.357097250515905 0.846352437044786 0
458 0.359521323041798 0.82145023602251 0
459 0.344813492599184 0.872391857070181 0
460 0.334706303287935 0.931249524375995 0
461 0.312793936951002 0.991120554927286 0
462 0.313105372267437 0.964639686394887 0
463 0.33566088471047 0.784283945179932 0
464 0.325242395464656 0.836824778036853 0
465 0.30947450110088 0.885470066522249 0
466 0.323276692669072 0.755435916574636 0
467 0.281381034186995 0.998413837751317 0
468 0.309136999461579 0.787919994051897 0
469 0.310866678488982 0.763354931878239 0
470 0.311196466842146 0.734678694298839 0
471 0.251222658635467 0.991790720597268 0
472 0.255739063809042 0.961466285860057 0
473 0.25963470066706 0.935309866955921 0
474 0.273271134921206 0.843750951248426 0
475 0.280496520722342 0.79523764658309 0
476 0.283885784315315 0.772481162458595 0
477 0.293114908846138 0.71051418346521 0
478 0.27549826567959 0.739754229374829 0
479 0.267835411452957 0.734678694298839 0
480 0.259623341803846 0.763354931878239 0
481 0.236889317003973 0.912332300006808 0
482 0.254035768268967 0.787919994051897 0
483 0.219091439676369 0.998413837751317 0
484 0.249572183246078 0.755435916574636 0
485 0.224640798234586 0.885470066522249 0
486 0.223362989802461 0.836824778036853 0
487 0.228594961407458 0.784283945179932 0
488 0.197427487106241 0.964639686394887 0
489 0.189851004136516 0.991120554927286 0
490 0.185772561793377 0.931249524375995 0
491 0.193197443594299 0.872391857070181 0
492 0.193663713038045 0.82145023602251 0
493 0.167079337899406 0.835620512737155 0
494 0.155402232270432 0.904785535568679 0
495 0.156743601835497 0.857229639701576 0
496 0.127511187509454 0.992433642380327 0
497 0.121706003875919 0.975350989637 0
498 0.120227990596291 0.955506176708663 0
499 0.130484201124507 0.872215649511945 0
500 0.121434740009718 0.893679209050621 0
501 0.0989767460088833 0.942979016311519 0
502 0.0877213461542917 0.986500264212264 0
503 0.0894825280024185 0.966884418770912 0
504 0.0816548678872133 0.997057741355775 0
505 0.0833464941468013 0.929532412440157 0
506 0.0665834697715961 0.956394803909913 0
507 0.0507368213215794 0.991039159156034 0
508 0.0473521982689058 0.998522962871292 0
509 0.0512517577501177 0.953756342070006 0
510 0.0294657629208003 0.973048342830285 0
511 0.0057611840428865 0.997867908267605 0
512 0.00213209173240152 0.994238815957155 0
513 0.026951657169795 0.970534237079301 0
514 0.046243657930132 0.948748242250061 0
515 0.00147703712871187 0.952647801731476 0
516 0.00896084084399225 0.949263178678792 0
517 0.0436051960902165 0.933416530228723 0
518 0.0704675875600533 0.916653505853515 0
519 0.00294225864423403 0.918345132113444 0
520 0.0331155812291863 0.91051747199815 0
521 0.013499735787776 0.91227865384636 0
522 0.0570209836886505 0.901023253991632 0
523 0.106320790949696 0.878565259990723 0
524 0.0444938232914691 0.879772009404465 0
525 0.0246490103630738 0.878293996124955 0
526 0.00756635761969513 0.872488812491556 0
527 0.14277036029885 0.843256398165048 0
528 0.119526691441331 0.845450762851214 0
529 0.0952144644316043 0.844597767730352 0
530 0.153647562955672 0.811329891336975 0
531 0.178549763978022 0.806336286962612 0
532 0.127608142930199 0.806802556406626 0
533 0.0687504756242098 0.814227438207792 0
534 0.00887944507274037 0.810148995865001 0
535 0.035360313605218 0.802572512895205 0
536 0.21571605482071 0.77140503859329 0
537 0.163175221963634 0.776637010198526 0
538 0.114529933478092 0.775359201766668 0
539 0.244564083426093 0.750427816754692 0
540 0.00158616224868773 0.780908560325428 0
541 0.212080005948735 0.74596423173201 0
542 0.236645068122466 0.740376658197049 0
543 0.265321305701952 0.732164588547854 0
544 0.00820927940275651 0.748777341366564 0
545 0.0385337141400574 0.744260936192867 0
546 0.0646901330442716 0.740365299334744 0
547 0.156249048752039 0.726728865080223 0
548 0.204762353417521 0.719503479278892 0
549 0.227518837542083 0.716114215685832 0
550 0.289485816535653 0.70688509115476 0
551 0.260245770625947 0.697978248897586 0
552 0.265321305701952 0.688803533159023 0
553 0.236645068122466 0.689133321512335 0
554 0.0876676999934532 0.710775534027443 0
555 0.212080005948735 0.690863000539852 0
556 0.00158616224868773 0.718618965815314 0
557 0.244564083426093 0.676723307332305 0
558 0.114529933478092 0.690525498901072 0
559 0.163175221963634 0.67475760453717 0
560 0.21571605482071 0.664339115291162 0
561 0.035360313605218 0.686894627734961 0
562 0.00887944507274037 0.687206063051528 0
563 0.0687504756242098 0.66529369671446 0
564 0.127608142930199 0.655186507402991 0
565 0.178549763978022 0.640478676960225 0
566 0.164379487263335 0.618115235311265 0
567 0.0952144644316043 0.627040476908753 0
568 0.14277036029885 0.614216260470872 0
569 0.00756635761969513 0.6252573788578 0
570 0.0246490103630738 0.614363745470992 0
571 0.0444938232914691 0.606974511319119 0
572 0.127784350488436 0.592420777575942 0
573 0.106320790949696 0.589764717174862 0
574 0.0570209836886505 0.581991772145511 0
575 0.013499735787776 0.583700148261418 0
576 0.0331155812291863 0.579618312318503 0
577 0.00294225864423403 0.580778450420109 0
578 0.0704675875600533 0.562356148917629 0
579 0.0436051960902165 0.553594687959068 0
580 0.00896084084399225 0.548067634688854 0
581 0.00147703712871187 0.546912229764153 0
582 0.046243657930132 0.53747705113434 0
583 0.026951657169795 0.521437609723145 0
584 0.00213209173240152 0.505126092890569 0
585 0.995403149740075 0.499455636152137 0
586 0.972424872392363 0.480652422403432 0
587 0.952197620344347 0.467003062153411 0
588 0.966282056212331 0.512089187560493 0
589 0.962003218612848 0.505337627800128 0
590 0.942069809785016 0.474134299147019 0
591 0.923462136465673 0.451226822566039 0
592 0.941756148176265 0.52043883148491 0
593 0.928601867420826 0.491544957982964 0
594 0.934810337088077 0.511285718243623 0
595 0.915861591848767 0.46959984700427 0
596 0.887560758897094 0.425170203263686 0
597 0.904070054747558 0.488639874903313 0
598 0.908055584096611 0.509548239618785 0
599 0.908294463998001 0.528849616960473 0
600 0.853465483266509 0.397698953527019 0
601 0.860897841478239 0.421059743582907 0
602 0.866454995052873 0.446399594846283 0
603 0.828228921943207 0.395650583944703 0
604 0.81840535918907 0.371382670157771 0
605 0.831636191594006 0.423829583460261 0
606 0.851772024186236 0.482446687073849 0
607 0.864064264146956 0.545416970516021 0
608 0.852022079250971 0.520262163951137 0
609 0.784394455045789 0.34306307035123 0
610 0.801386184649817 0.395790520088657 0
611 0.812807280113393 0.446368625282008 0
612 0.762316361890623 0.319317638912521 0
613 0.84532136782929 0.56135158260612 0
614 0.767400825854956 0.354130362343117 0
615 0.757244400392295 0.330381202953552 0
616 0.744198613159272 0.30314310966766 0
617 0.821018130426777 0.563753053356132 0
618 0.810157251318674 0.533751218988449 0
619 0.800789172207536 0.507873059859874 0
620 0.767996794595697 0.417288175170492 0
621 0.750621462073562 0.369290969490929 0
622 0.742471090099825 0.346776575623064 0
623 0.720277243013347 0.285468819810424 0
624 0.721411264566112 0.31821055243158 0
625 0.713665203322865 0.3156094130921 0
626 0.721160550810019 0.345113662250586 0
627 0.774133284387446 0.492663112776874 0
628 0.728600375557012 0.369971966311054 0
629 0.801459111694934 0.579259841027995 0
630 0.710416103172181 0.340507685371713 0
631 0.753070214345331 0.470758314856162 0
632 0.729646103163033 0.425080849216651 0
633 0.709002200720281 0.373844523300964 0
634 0.770565568450353 0.553519555935109 0
635 0.777491948957171 0.580763063700322 0
636 0.746897847884321 0.525265137753701 0
637 0.724873223753579 0.467419197549333 0
638 0.701613958811988 0.419066733034034 0
639 0.689455418347061 0.440122510787345 0
640 0.713258402765471 0.508947315958249 0
641 0.692183052972973 0.463547993114892 0
642 0.734202329480299 0.599928654131039 0
643 0.722204699260474 0.585428186682718 0
644 0.711975149845133 0.5670691556038 0
645 0.68063105912487 0.485282466807404 0
646 0.684197043330227 0.508200359324251 0
647 0.691210256714685 0.56132139803614 0
648 0.703436306071219 0.605752038600437 0
649 0.695593709145608 0.586678466392014 0
650 0.704052943149725 0.617489252472918 0
651 0.673977747622463 0.553087312686339 0
652 0.674611929185881 0.583333078800867 0
653 0.679494689718963 0.620681346698632 0
654 0.680576590951025 0.62873816450251 0
655 0.662594156599365 0.585243529600612 0
656 0.65618599729465 0.609767702769889 0
657 0.650986273912837 0.640075544035482 0
658 0.292207635768501 0.702348725766679 0
659 0.299727676556917 0.674820637122887 0
660 0.303598540358018 0.652037055201439 0
661 0.267206885015196 0.685660900970281 0
662 0.271685141916119 0.678912630080624 0
663 0.292311275897061 0.647599645239349 0
664 0.305674677237558 0.62147400123181 0
665 0.248320158291062 0.670463182557353 0
666 0.269794047621785 0.645655532219633 0
667 0.253878773383411 0.660410479410748 0
668 0.284872751082987 0.624642989841536 0
669 0.314278433275142 0.580121838133977 0
670 0.261562978895839 0.624835770148318 0
671 0.243546827688744 0.638418297639813 0
672 0.225375234760721 0.648240482057804 0
673 0.325030394722427 0.539489674125619 0
674 0.306234828625047 0.557017781887903 0
675 0.284725602088763 0.574053043323222 0
676 0.315672516490599 0.518541054435622 0
677 0.334256659857198 0.498672145144716 0
678 0.290512155181083 0.5352958693217 0
679 0.244015613378454 0.580451257369466 0
680 0.18988522577298 0.621586240635288 0
681 0.208316047842517 0.599522894738999 0
682 0.345849785202774 0.457683176448774 0
683 0.303523258427176 0.497416444404246 0
684 0.260738359194416 0.531678492239354 0
685 0.358453126132817 0.428399128578687 0
686 0.166404375240378 0.614740422016193 0
687 0.327761416813968 0.449789198782567 0
688 0.345705283054256 0.429916385288431 0
689 0.365659707001165 0.406020820693431 0
690 0.15325029145128 0.596749708550149 0
691 0.176800118428016 0.573199881573262 0
692 0.197113082045029 0.552886917956118 0
693 0.268217346370959 0.481782653629728 0
694 0.305892572334411 0.444107427666034 0
695 0.323565161069367 0.426434838930966 0
696 0.371688453266289 0.378311546733735 0
697 0.341189484195373 0.395548773092908 0
698 0.340185086960082 0.388134385345607 0
699 0.315599822751816 0.408778508906068 0
700 0.199583912750756 0.524248512765191 0
701 0.295389443488391 0.42705994091589 0
702 0.129809238465478 0.58904596428087 0
703 0.315151726846919 0.397996018442069 0
704 0.210898558760595 0.49668458980743 0
705 0.24366910760079 0.455391189569098 0
706 0.282948555262416 0.413518483086816 0
707 0.140355290310488 0.551805767110582 0
708 0.117656252744653 0.570872280849925 0
709 0.156517040250625 0.519016089003703 0
710 0.201437726390941 0.472754249107941 0
711 0.236815313980242 0.430255881018995 0
712 0.211432316201319 0.43116497040422 0
713 0.156910693730347 0.484310660859657 0
714 0.190469313826334 0.445010617327134 0
715 0.0801267675000637 0.546257515684271 0
716 0.0884878054286602 0.529547069245472 0
717 0.101294448769788 0.512306802188545 0
718 0.164715120318593 0.446737369032016 0
719 0.144608114369861 0.460991614222893 0
720 0.0974417554973258 0.493042503580517 0
721 0.0608389013511609 0.524871845857481 0
722 0.075390791308888 0.509159628852303 0
723 0.0499997327951016 0.531216926359388 0
724 0.097524980036543 0.47532634149632 0
725 0.0691659435623711 0.490923135303718 0
726 0.0359827598206918 0.513419468185411 0
727 0.0288372364830392 0.518294977534404 0
728 0.0619767155761591 0.482387688866857 0
729 0.035883407983677 0.489568278339185 0
730 0.00485391096525017 0.500589727502488 0
731 0.296910334554147 0.703392089805921 0
732 0.326653447992475 0.698850009797829 0
733 0.350318581101374 0.693093057714267 0
734 0.302985538592583 0.675543442526286 0
735 0.311342447490911 0.676666851052414 0
736 0.35005761014966 0.681749192390704 0
737 0.380803743492284 0.682724620650435 0
738 0.310088203041391 0.653476883899657 0
739 0.342836216148485 0.661861029416619 0
740 0.322087288875738 0.654205898922616 0
741 0.369316515115334 0.66632218327421 0
742 0.424394204392243 0.673615563865106 0
743 0.359701837361303 0.646609343248028 0
744 0.339240426422751 0.636705271508367 0
745 0.32236359368949 0.625176686875428 0
746 0.468155128705814 0.666616055078186 0
747 0.443551359032422 0.657616352523738 0
748 0.418328093503465 0.64611720711963 0
749 0.484689998446786 0.650356592627014 0
750 0.511478781802092 0.658247697263217 0
751 0.458262050706347 0.635646419601872 0
752 0.395656733372098 0.614095107142443 0
753 0.333863592265348 0.584467098488648 0
754 0.362718917912945 0.591357026576545 0
755 0.555926008983475 0.651820691445803 0
756 0.500266595492258 0.631657471474407 0
757 0.449728750921938 0.608933481146572 0
758 0.589428313968323 0.650897222502037 0
759 0.33100700178247 0.561815272375663 0
760 0.556267109329213 0.633330901942024 0
761 0.582800718273142 0.640676879192038 0
762 0.614049478137002 0.648133063301237 0
763 0.343137386880258 0.543506981067325 0
764 0.375504957291321 0.554152793262258 0
765 0.403423688107498 0.563335365856225 0
766 0.501151466930244 0.595478389455528 0
767 0.552933398505767 0.612509655986905 0
768 0.577223120922389 0.620498634456111 0
769 0.643365180060859 0.642252999421782 0
770 0.61431009332665 0.623201972374993 0
771 0.62109564963764 0.619406364106018 0
772 0.591127760484353 0.606728168638276 0
773 0.432201619853833 0.55406594041213 0
774 0.565221059397878 0.596826336277069 0
775 0.341129060890296 0.520548416012543 0
776 0.601405296749381 0.602067985009506 0
777 0.463514227637505 0.552731152997884 0
778 0.516821998912117 0.564162365223482 0
779 0.573324221519955 0.580889517257851 0
780 0.381516574251358 0.514720427657569 0
781 0.353841818847403 0.503017405499388 0
782 0.419858466364602 0.515426503402706 0
783 0.482899658669273 0.535200787136551 0
784 0.538430643427299 0.548367030636184 0
785 0.527282641870625 0.527178394712706 0
786 0.453681153261738 0.501985501949729 0
787 0.505374151080868 0.514876963855171 0
788 0.362538701654706 0.461385862092392 0
789 0.382129092153733 0.461851480449398 0
790 0.404031430799875 0.465881000765744 0
791 0.493282904866965 0.493697737663455 0
792 0.471324292599506 0.482285204248813 0
793 0.421159130914981 0.454963826550287 0
794 0.375481296032932 0.436522638971698 0
795 0.396607329596067 0.442640336127952 0
796 0.36494278881619 0.429838957276905 0
797 0.43837706399398 0.448002621679447 0
798 0.411778659518065 0.430117221886024 0
799 0.376536723388839 0.41087480315799 0
800 0.368917569036831 0.406743626096831 0
801 0.41715014965723 0.420625893598983 0
802 0.39963164993736 0.401323494173154 0
803 0.376391152051935 0.379354910772978 0
804 0.378402274040632 0.37159772595935 0
805 0.407167699721056 0.364512827973338 0
806 0.43036694380885 0.356485310902302 0
807 0.388197237988307 0.340122234317062 0
808 0.395930085468188 0.34080817181975 0
809 0.431771925546594 0.343849742795638 0
810 0.460681797195044 0.342851164455933 0
811 0.398121220936327 0.315026524352111 0
812 0.427844012599136 0.322155987400588 0
813 0.409352965746873 0.315025365910418 0
814 0.45221562361928 0.32533499197658 0
815 0.503196434120291 0.32973237088079 0
816 0.446000781847388 0.303999218152241 0
817 0.42810883497254 0.294340549430918 0
818 0.413840455750029 0.282626582598342 0
819 0.545565008605384 0.318955060241583 0
820 0.523627296623495 0.310586274301668 0
821 0.501468123740531 0.299471579089828 0
822 0.563555976055081 0.299696634456577 0
823 0.587719700429845 0.306680570977945 0
824 0.540726003062126 0.285082021439335 0
825 0.484708205782459 0.265291794216967 0
826 0.430633729743731 0.236437465254226 0
827 0.456895883763371 0.24216441340518 0
828 0.630653407818836 0.296495270648962 0
829 0.580996669788472 0.277781975621982 0
830 0.536552106428413 0.255864745003826 0
831 0.662444037473816 0.293191558083926 0
832 0.43123246666818 0.211364819935883 0
833 0.633667670944504 0.275848069978278 0
834 0.657669648137019 0.282241272997609 0
835 0.68611090544955 0.288437408228412 0
836 0.44535994836347 0.190119982788302 0
837 0.474393981622564 0.199797993874588 0
838 0.499437361424451 0.208145787141815 0
839 0.587100153059477 0.237366717686581 0
840 0.633549061781708 0.252849687260531 0
841 0.655337184879676 0.260112394959796 0
842 0.714667271150066 0.279889090383097 0
843 0.689986918191093 0.260610853803579 0
844 0.696951169296726 0.255916616686618 0
845 0.670480482308159 0.243808770483873 0
846 0.527979053188507 0.195853372325477 0
847 0.647442978742503 0.234522146583943 0
848 0.446804865295662 0.164647624053053 0
849 0.680870164829358 0.237913176016846 0
850 0.557760532144749 0.192239467854295 0
851 0.606466521203735 0.201372421375565 0
852 0.657419888644289 0.216195828171945 0
853 0.485815355053346 0.155405999534542 0
854 0.461369462947008 0.144230265643638 0
855 0.521941641155681 0.153591488096383 0
856 0.578630015312922 0.171369984686013 0
857 0.629184102930318 0.182287363475503 0
858 0.621735293812553 0.159409503441423 0
859 0.555857446445769 0.136303610972774 0
860 0.602825043028758 0.14717495697005 0
861 0.475648314158285 0.0972030073720531 0
862 0.494091397635834 0.0963928614394081 0
863 0.514200156368521 0.0994010945871589 0
864 0.594483596214185 0.124371606529401 0
865 0.575396569824041 0.11313196376776 0
866 0.531973494080573 0.0860613805907355 0
867 0.491497592142864 0.0685914867204203 0
868 0.510568802518801 0.0739816176395519 0
869 0.482512891359409 0.0618515130807829 0
870 0.549256136428751 0.0771281467526262 0
871 0.526727386113726 0.0589833610919035 0
872 0.496228971465374 0.0399115138257202 0
873 0.489631130979836 0.0358205553399746 0
874 0.533184741587474 0.0480319175638943 0
875 0.51944185655976 0.0276903574544562 0
876 0.500680454806914 0.00476318365748857 0
877 0.64644990852475 0.63916827095788 0
878 0.653043365105904 0.609139176332149 0
879 0.656334031824405 0.583991504645638 0
880 0.62323263952598 0.617269374217668 0
881 0.627274714122159 0.610237351579422 0
882 0.645889087084256 0.577588510380625 0
883 0.657879114389084 0.54986758603971 0
884 0.60566218159634 0.597811100162526 0
885 0.625135025679313 0.572586729698962 0
886 0.610659293113394 0.587196636009142 0
887 0.638765553814575 0.55083245745627 0
888 0.665304607005265 0.504421872059313 0
889 0.617307440714432 0.548135613777934 0
890 0.600883457369836 0.561163938304942 0
891 0.584271292118617 0.569942446659137 0
892 0.674716501052226 0.460054682730795 0
893 0.657622232871819 0.477424358201159 0
894 0.638023692967198 0.493900373998815 0
895 0.665849960754593 0.435317750800511 0
896 0.682721522487025 0.415288245769096 0
897 0.642886597923739 0.451021872383605 0
898 0.600620240173366 0.496009616211934 0
899 0.551277500128231 0.535520173935191 0
900 0.567981601574776 0.513002762560584 0
901 0.692903567486901 0.370624796654335 0
902 0.65441139336476 0.410033907257217 0
903 0.615431633400191 0.443230598667535 0
904 0.70415597839722 0.339255660416739 0
905 0.52957751491127 0.52488352167205 0
906 0.676155672656901 0.359483025731184 0
907 0.692437708708393 0.339369093830344 0
908 0.710522571134119 0.31498088665436 0
909 0.517251406386938 0.502999708549048 0
910 0.538650564233381 0.47944988157218 0
911 0.557108462679893 0.459136917955054 0
912 0.621719186884742 0.388032653628726 0
913 0.655953752942861 0.350357427665063 0
914 0.672012406633531 0.332684838930012 0
915 0.715740877625259 0.284561546732822 0
916 0.687868243288579 0.300141055252957 0
917 0.686854661734227 0.291674319382818 0
918 0.66446738743447 0.311825800362256 0
919 0.55903999431192 0.427227565953443 0
920 0.646079583964318 0.329866113965342 0
921 0.49557777790761 0.491402864622799 0
922 0.663925600337238 0.299639486602129 0
923 0.56912657058575 0.397632483377188 0
924 0.59880221777424 0.355273726714131 0
925 0.634463417684107 0.313076862879328 0
926 0.504840755924396 0.450825899286831 0
927 0.484171149300438 0.469438347547819 0
928 0.519327239607724 0.415957730159112 0
929 0.560129504508714 0.369528246043992 0
930 0.59219091036013 0.326139780392639 0
931 0.568832642928429 0.323989631228574 0
932 0.519273671726299 0.376963330181977 0
933 0.54969875922667 0.336945608719934 0
934 0.449324134592642 0.437055551080733 0
935 0.456821528886939 0.41930142857816 0
936 0.46840547300854 0.401506958556773 0
937 0.526008546702579 0.335668930199382 0
938 0.507667644050576 0.349191580295484 0
939 0.464627536639095 0.379353035963644 0
940 0.431310192147106 0.41058568925689 0
941 0.444519234352991 0.394728431370804 0
942 0.421407034504189 0.416369008752004 0
943 0.464491807060314 0.359432756686299 0
944 0.438569664844046 0.373434270160285 0
945 0.408288813026219 0.394594746684409 0
946 0.401768639825701 0.399186504284804 0
947 0.431848506672272 0.362933239420505 0
948 0.407911456005733 0.367749739127743 0
949 0.379475880515825 0.376270182309075 0
950 0.499576605899147 0.995282179996397 0
951 0.512534333216851 0.965836910559024 0
952 0.52121997239364 0.940975007270358 0
953 0.481820252316321 0.971257042482701 0
954 0.487279604508287 0.964589208743873 0
955 0.51247868850819 0.933617366826316 0
956 0.530171129876811 0.906972951084188 0
957 0.4690126115526 0.950188070948279 0
958 0.493423856211491 0.926722969195135 0
959 0.476181325023057 0.940022783911991 0
960 0.511405941958646 0.906197881759352 0
961 0.547302915570266 0.862178319094819 0
962 0.491164347149349 0.901545582504176 0
963 0.472375903197397 0.913085535658463 0
964 0.454332767537537 0.920356191497132 0
965 0.566127495890002 0.8186436878946 0
966 0.545740399132997 0.834466352010472 0
967 0.523117417928385 0.849166825275836 0
968 0.562921830888207 0.793085720599509 0
969 0.583673533193954 0.774581479464819 0
970 0.537200996087373 0.806707474221477 0
971 0.486347423281579 0.847871287980769 0
972 0.429820441818163 0.882910520345394 0
973 0.450952838918006 0.861901750983675 0
974 0.603310428992866 0.730820554619331 0
975 0.557338792288011 0.766746332098786 0
976 0.512250369543969 0.796411862525198 0
977 0.621083449060435 0.700458746562758 0
978 0.411077778875972 0.870292005933751 0
979 0.589485307776471 0.718147578167544 0
980 0.609683163076273 0.699505181595975 0
981 0.632564439922869 0.676750315530986 0
982 0.403890731689392 0.847273705106754 0
983 0.429806294709422 0.825659480347185 0
984 0.452159830013962 0.807016075383539 0
985 0.530406988472996 0.741755997166286 0
986 0.57186694033227 0.707177365117479 0
987 0.59131485761592 0.69095731792231 0
988 0.644272453138495 0.646789364809863 0
989 0.613813150708794 0.659839400285246 0
990 0.614678004574764 0.651275695489978 0
991 0.588545286693578 0.669399721293625 0
992 0.46100256239947 0.775264997867202 0
993 0.566756049909436 0.685775604842064 0
994 0.385383321140245 0.833696869158961 0
995 0.590680338923339 0.657157347276989 0
996 0.477256467111495 0.746572062091526 0
997 0.515313537452202 0.706892181272578 0
998 0.559145735630213 0.667919324679161 0
999 0.403235711288838 0.793940993451849 0
1000 0.379106482032003 0.810681547317283 0
1001 0.42491225491485 0.760372714853201 0
1002 0.474659375872631 0.717633045431601 0
1003 0.515257269067157 0.677140133588154 0
1004 0.493051722676538 0.672861803256632 0
1005 0.43337503546341 0.721351916917802 0
1006 0.471648439090032 0.684082606998908 0
1007 0.352349801162401 0.775107724236908 0
1008 0.363504674801344 0.758026513398841 0
1009 0.378635379187806 0.741277052378602 0
1010 0.448929926565053 0.680648002570501 0
1011 0.428172691657308 0.692508000190043 0
1012 0.379805455695557 0.718766886174249 0
1013 0.340642691467658 0.746982911880316 0
1014 0.356927952842015 0.732319712882818 0
1015 0.329766355352446 0.751867645452909 0
1016 0.384023470139022 0.698823253883793 0
1017 0.355802178570095 0.710472034492291 0
1018 0.321786442610472 0.728886826649148 0
1019 0.314454328877811 0.732887393951254 0
1020 0.35157060605639 0.699353182489219 0
1021 0.327281974430236 0.701992641986571 0
1022 0.297817607631784 0.707928455194002 0
