1 0.995556052128437 0.508125324805314 0
2 0.976940433029148 0.514495412433842 0
3 0.996422439247771 0.534207974939098 0
4 0.944438642481928 0.524115374782146 0
5 0.980449296878011 0.53574655186095 0
6 0.998992647209905 0.579314989033593 0
7 0.921182123598913 0.569705378201078 0
8 0.860661335284838 0.558695459605918 0
9 0.873764269744241 0.57500682129786 0
10 0.973575935648083 0.622719235363316 0
11 0.827616483718164 0.580771448568019 0
12 0.937653807867313 0.613993925259561 0
13 0.891582984842171 0.611498312447424 0
14 0.788526851416196 0.588146816925322 0
15 0.839965135696059 0.610802785626762 0
16 0.790676927805263 0.608930055580931 0
17 0.95265649684232 0.673294587903267 0
18 0.983475469117403 0.686016378060178 0
19 0.910024521678971 0.664511377521314 0
20 0.998728479965872 0.698396534993395 0
21 0.858667877021443 0.656286967193335 0
22 0.803677184982416 0.647388846118286 0
23 0.704485376975073 0.622084459516563 0
24 0.753158607419912 0.638306695458188 0
25 0.674553794389988 0.637955045962143 0
26 0.99268369923058 0.74779212225237 0
27 0.967986395274788 0.740339089697693 0
28 0.930580912624022 0.729051044637448 0
29 0.882638888888969 0.714583333332844 0
30 0.827867623308965 0.698054726560246 0
31 0.77260905093228 0.681379062706993 0
32 0.687018072910884 0.655549832653301 0
33 0.656804562410033 0.646432146052489 0
34 0.674553794389988 0.665621800355545 0
35 0.753158607419912 0.712712109019385 0
36 0.704485376975073 0.69955760232578 0
37 0.803677184982416 0.734120460793341 0
38 0.858667877021443 0.758411988167749 0
39 0.998728479965872 0.800836038712514 0
40 0.910024521678971 0.781183895916973 0
41 0.983475469117403 0.804010236435447 0
42 0.95265649684232 0.798131226757767 0
43 0.790676927805263 0.764732942265225 0
44 0.839965135696059 0.792608124674077 0
45 0.788526851416196 0.784218501680101 0
46 0.891582984842171 0.82306656597698 0
47 0.99491379509133 0.862570129113651 0
48 0.937653807867313 0.848377012031979 0
49 0.827616483718164 0.815186429178142 0
50 0.973575935648083 0.861332512778069 0
51 0.873764269744241 0.848803566357422 0
52 0.860661335284838 0.857206648079815 0
53 0.921182123598913 0.882724069177028 0
54 0.998992647209905 0.920077022890607 0
55 0.906850386915268 0.898525011742058 0
56 0.949855727941364 0.931938767194909 0
57 0.980449296878011 0.952453615484281 0
58 0.944438642481928 0.942350551448376 0
59 0.996422439247771 0.963632787209145 0
60 0.976940433029148 0.971586979097291 0
61 0.995556052128437 0.98919252914073 0
62 0.00473319891645556 0.492111335141245 0
63 0.0245604855310742 0.486732611843425 0
64 0.00381041973609997 0.465982546048404 0
65 0.0591777772381567 0.478843514080437 0
66 0.0208232340944166 0.465294609844454 0
67 0.00107292013146142 0.420738656973611 0
68 0.0839480340366243 0.434492023501343 0
69 0.148408045258687 0.44872494265758 0
70 0.134452257077081 0.431715791556542 0
71 0.028143973865935 0.378687963330529 0
72 0.183603745152171 0.428408738690095 0
73 0.0664042283069742 0.389326286156323 0
74 0.115473743955034 0.394275374750833 0
75 0.225237673047739 0.423115066727531 0
76 0.170451334761519 0.397719781111783 0
77 0.222947650858201 0.402217326962416 0
78 0.0504250329489859 0.329226663744639 0
79 0.017600092064297 0.314863626543496 0
80 0.0958318704010542 0.340280215999178 0
81 0.00135428169315298 0.301671179091715 0
82 0.150531255243368 0.351239595569248 0
83 0.209101223095559 0.363066215036881 0
84 0.314749302629961 0.39365300561529 0
85 0.26290799209702 0.374838704147029 0
86 0.346629094732405 0.379376408774787 0
87 0.00779250969523638 0.252597503232766 0
88 0.0340973304765424 0.261365776826501 0
89 0.0739374895128438 0.274645829838552 0
90 0.12499999999986 0.291666666667494 0
91 0.183336259197471 0.311112086399957 0
92 0.242191543385631 0.330730514462604 0
93 0.333353531810746 0.361117843937528 0
94 0.365533602166668 0.371844534056129 0
95 0.346629094732405 0.351709654381343 0
96 0.26290799209702 0.30043329058572 0
97 0.314749302629961 0.316179862805957 0
98 0.209101223095559 0.276334600361696 0
99 0.150531255243368 0.249114574594681 0
100 0.00135428169315298 0.199231675372443 0
101 0.0958318704010542 0.223607697603344 0
102 0.017600092064297 0.19686976816805 0
103 0.0504250329489859 0.204390024889951 0
104 0.222947650858201 0.246414440277888 0
105 0.170451334761519 0.215914442064195 0
106 0.225237673047739 0.227043381972458 0
107 0.115473743955034 0.18270712122096 0
108 0.00541725966603705 0.137700733869854 0
109 0.0664042283069742 0.154943199383552 0
110 0.183603745152171 0.19399375807962 0
111 0.028143973865935 0.140074685915417 0
112 0.134452257077081 0.157919046496568 0
113 0.148408045258687 0.150213754183234 0
114 0.0839480340366243 0.121473332524923 0
115 0.00107292013146142 0.0799766231160858 0
116 0.0992126056523337 0.106435618540644 0
117 0.0534081004174587 0.0707316378260299 0
118 0.0208232340944166 0.0485875462204972 0
119 0.0591777772381567 0.0606083374135784 0
120 0.00381041973609997 0.0365577337777124 0
121 0.0245604855310742 0.0296410451792892 0
122 0.00473319891645556 0.0110441308051062 0
123 0.0110441308050536 0.00473319891646619 0
124 0.0296410451791999 0.0245604855311293 0
125 0.0365577337774833 0.00381041973610853 0
126 0.0606083374134365 0.0591777772382895 0
127 0.048587546220264 0.0208232340944634 0
128 0.0799766231155525 0.00107292013146383 0
129 0.121473332524482 0.0839480340368127 0
130 0.150213754182888 0.14840804525902 0
131 0.157919046496108 0.134452257077383 0
132 0.1400746859146 0.0281439738659982 0
133 0.193993758079138 0.183603745152583 0
134 0.154943199382808 0.0664042283071233 0
135 0.182707121220248 0.115473743955293 0
136 0.22704338197194 0.225237673048245 0
137 0.215914442063507 0.170451334761901 0
138 0.246414440277229 0.222947650858702 0
139 0.204390024888801 0.0504250329490991 0
140 0.196869768166804 0.0176000920643365 0
141 0.223607697602269 0.0958318704012693 0
142 0.199231675371107 0.00135428169315602 0
143 0.249114574593679 0.150531255243706 0
144 0.276334600360774 0.209101223096029 0
145 0.316179862805241 0.314749302630668 0
146 0.300433290584877 0.26290799209761 0
147 0.351709654380531 0.346629094733183 0
148 0.252597503231099 0.00779250969525387 0
149 0.261365776824894 0.0340973304766189 0
150 0.274645829837034 0.0739374895130097 0
151 0.29166666666609 0.12500000000014 0
152 0.311112086398686 0.183336259197883 0
153 0.330730514461465 0.242191543386175 0
154 0.361117843936594 0.333353531811495 0
155 0.371844534055266 0.365533602167489 0
156 0.379376408773788 0.346629094733183 0
157 0.374838704145685 0.26290799209761 0
158 0.393653005614053 0.314749302630668 0
159 0.363066215035375 0.209101223096029 0
160 0.351239595567558 0.150531255243706 0
161 0.30167117908969 0.00135428169315602 0
162 0.340280215997317 0.0958318704012693 0
163 0.314863626541455 0.0176000920643365 0
164 0.329226663742649 0.0504250329490991 0
165 0.402217326960708 0.222947650858702 0
166 0.397719781109871 0.170451334761901 0
167 0.423115066725693 0.225237673048245 0
168 0.394275374748697 0.115473743955293 0
169 0.365910772573777 0.00541725966604921 0
170 0.389326286154 0.0664042283071233 0
171 0.428408738688034 0.183603745152583 0
172 0.378687963328105 0.0281439738659982 0
173 0.431715791554239 0.134452257077383 0
174 0.448724942655224 0.14840804525902 0
175 0.434492023498794 0.0839480340368127 0
176 0.420738656970783 0.00107292013146383 0
177 0.459706118560073 0.0992126056525564 0
178 0.464873762451311 0.0534081004175786 0
179 0.465294609841414 0.0208232340944634 0
180 0.478843514077478 0.0591777772382895 0
181 0.465982546045283 0.00381041973610853 0
182 0.486732611840257 0.0245604855311293 0
183 0.492111335137952 0.00473319891646619 0
184 0.989245120239848 0.99550346102936 0
185 0.97185987338103 0.976667538745443 0
186 0.963675125206437 0.996380101250699 0
187 0.943008082306651 0.943781111623663 0
188 0.952684984752206 0.980217927610273 0
189 0.920088944225933 0.99898072587511 0
190 0.883656825111112 0.920249367665082 0
191 0.85885562636064 0.859012357004026 0
192 0.850297480325249 0.872270355776573 0
193 0.861645223599586 0.97326322482732 0
194 0.817226470791213 0.825576442105163 0
195 0.849114836791613 0.936915983108275 0
196 0.824349607577057 0.890299943242545 0
197 0.786721142491998 0.786024210604312 0
198 0.794502028394139 0.838071231976303 0
199 0.767210138386271 0.788199731684376 0
200 0.798691504902736 0.952096218698388 0
201 0.804205793015166 0.983279912538892 0
202 0.782248694477948 0.908959723118855 0
203 0.800851086288216 0.998713432391503 0
204 0.76008455767128 0.856995307518576 0
205 0.736443807717303 0.801353838058906 0
206 0.703054816799796 0.700988162501067 0
207 0.715633308932111 0.750237407507439 0
208 0.66947323474187 0.670702360003698 0
209 0.747878705695086 0.992597115789514 0
210 0.740717948926777 0.967607536047234 0
211 0.729872572300133 0.929759384962688 0
212 0.715972222222989 0.881249999999947 0
213 0.700091796107943 0.825830553762129 0
214 0.68407007985658 0.769918033783289 0
215 0.659253760785078 0.683314144779293 0
216 0.650493630521444 0.652743077941119 0
217 0.641806480348654 0.670702360003698 0
218 0.641227895371415 0.750237407507439 0
219 0.625581673991101 0.700988162501067 0
220 0.649712193042833 0.801353838058906 0
221 0.657959536697554 0.856995307518576 0
222 0.698411582569787 0.998713432391503 0
223 0.665576176083075 0.908959723118855 0
224 0.686211934640692 0.983279912538892 0
225 0.673854866049077 0.952096218698388 0
226 0.611407251703026 0.788199731684376 0
227 0.612696689348049 0.838071231976303 0
228 0.59064945773854 0.786024210604312 0
229 0.612781354048927 0.890299943242545 0
230 0.634420282184132 0.994853603317257 0
231 0.614731750020773 0.936915983108275 0
232 0.582811490182669 0.825576442105163 0
233 0.62303194618644 0.97326322482732 0
234 0.57650073526753 0.872270355776573 0
235 0.560344437888753 0.859012357004026 0
236 0.57063813413727 0.920249367665082 0
237 0.579326910371214 0.99898072587511 0
238 0.54635687400807 0.905748024630135 0
239 0.53839006590813 0.949262304603334 0
240 0.535977921131682 0.980217927610273 0
241 0.524772905643238 0.943781111623663 0
242 0.534250312939283 0.996380101250699 0
243 0.51476830672066 0.976667538745443 0
244 0.508177915907673 0.99550346102936 0
245 0.5090719645886 0.00354989918733947 0
246 0.51940750954003 0.0184203641482942 0
247 0.534970058886314 0.00285781480207321 0
248 0.535950930229713 0.04438333292859 0
249 0.539911198679811 0.0156174255708028 0
250 0.579529573059884 0.000804690098595567 0
251 0.586494985008311 0.0629610255274292 0
252 0.588377068657493 0.111306033943946 0
253 0.601897272713129 0.100839192807748 0
254 0.628348030136472 0.0211079803994382 0
255 0.617492197598253 0.137702808864043 0
256 0.627274770920883 0.0498031712301998 0
257 0.634593061238305 0.0866053079662218 0
258 0.633194351534624 0.1689282547857 0
259 0.64489305257888 0.12783850107106 0
260 0.653519585752328 0.167210738143547 0
261 0.683379594493009 0.037818774711716 0
262 0.689536396473019 0.0132000690482146 0
263 0.68367775160142 0.0718739028007461 0
264 0.698667391332024 0.00101571126986411 0
265 0.686393218241844 0.112898441432456 0
266 0.689209090737169 0.156825917321572 0
267 0.685034320042212 0.236061976972325 0
268 0.690888293877304 0.197180994072643 0
269 0.707280864908245 0.259971821049143 0
270 0.749350624191409 0.00584438227142366 0
271 0.747158555792965 0.0255729978573909 0
272 0.743838542539935 0.0554531171345985 0
273 0.739583333332679 0.0937499999998366 0
274 0.73472197839954 0.137502194398018 0
275 0.729817371383854 0.181643657539111 0
276 0.722220539015086 0.250015148857905 0
277 0.719538866485423 0.274150201624831 0
278 0.734947619301648 0.259971821049143 0
279 0.765293707438502 0.197180994072643 0
280 0.762507462851428 0.236061976972325 0
281 0.775940705412224 0.156825917321572 0
282 0.788518239216258 0.112898441432456 0
283 0.801106895051143 0.00101571126986411 0
284 0.800350269997079 0.0718739028007461 0
285 0.807530254848287 0.0132000690482146 0
286 0.808216233347509 0.037818774711716 0
287 0.809322472436622 0.167210738143547 0
288 0.826698391626194 0.12783850107106 0
289 0.829266036289402 0.1689282547857 0
290 0.84616131476786 0.0866053079662218 0
291 0.863653581046852 0.00406294474952527 0
292 0.861657857693301 0.0498031712301998 0
293 0.851907178208376 0.137702808864043 0
294 0.866961307551225 0.0211079803994382 0
295 0.875694017772691 0.100839192807748 0
296 0.88688825713139 0.111306033943946 0
297 0.899513675984261 0.0629610255274292 0
298 0.920291606916898 0.000804690098595567 0
299 0.918367532872417 0.0744094542392041 0
300 0.942620387278343 0.0400560753130692 0
301 0.956618262303141 0.0156174255708028 0
302 0.954186106895943 0.04438333292859 0
303 0.96439487115636 0.00285781480207321 0
304 0.976499076203479 0.0184203641482942 0
305 0.990139168924016 0.00354989918733947 0
306 0.996450100812646 0.00986083107593747 0
307 0.981579635851631 0.0235009237964199 0
308 0.997142185197915 0.0356051288434565 0
309 0.955616667071229 0.0458138931038698 0
310 0.984382574429134 0.0433817376966502 0
311 0.999195309901401 0.0797083930826867 0
312 0.937038974472315 0.100486324015287 0
313 0.888693966055601 0.113111742868148 0
314 0.899160807191842 0.124305982226776 0
315 0.978892019600476 0.133038692448103 0
316 0.862297191135397 0.148092821791009 0
317 0.950196828769598 0.138342142306033 0
318 0.913394692033426 0.153838685231436 0
319 0.831071745213613 0.170733963709901 0
320 0.87216149892842 0.173301608373048 0
321 0.832789261855772 0.190677527562575 0
322 0.96218122528813 0.191783766651531 0
323 0.986799930951732 0.192469745150721 0
324 0.928126097198962 0.199649730001961 0
325 0.998984288730132 0.198893104947818 0
326 0.887101558567085 0.211481760782767 0
327 0.84317408267779 0.224059294586786 0
328 0.763938023026715 0.237492537147605 0
329 0.802819005926555 0.2347062925605 0
330 0.7400281789498 0.265052380697268 0
331 0.994155617728553 0.250649375807286 0
332 0.974427002142505 0.252841444205743 0
333 0.944546882865176 0.256161457458789 0
334 0.906249999999782 0.260416666666067 0
335 0.862497805601423 0.265278021599233 0
336 0.81835634246015 0.270182628614944 0
337 0.749984851141078 0.277779460983752 0
338 0.725849798374053 0.280461133513429 0
339 0.7400281789498 0.292719135090526 0
340 0.802819005926555 0.309111706121308 0
341 0.763938023026715 0.314965679956416 0
342 0.84317408267779 0.310790909261388 0
343 0.887101558567085 0.313606781756646 0
344 0.998984288730132 0.301332608666401 0
345 0.928126097198962 0.316322248397009 0
346 0.986799930951732 0.310463603525373 0
347 0.96218122528813 0.316620405505379 0
348 0.832789261855772 0.346480414246054 0
349 0.87216149892842 0.355106947419412 0
350 0.831071745213613 0.366805648463654 0
351 0.913394692033426 0.365406938759885 0
352 0.995937055250458 0.364556457657265 0
353 0.950196828769598 0.372725229077226 0
354 0.862297191135397 0.382507802399906 0
355 0.978892019600476 0.371651969861608 0
356 0.899160807191842 0.398102727284906 0
357 0.888693966055601 0.411622931340483 0
358 0.937038974472315 0.413505014989599 0
359 0.999195309901401 0.420470426937917 0
360 0.925590545760493 0.434902967146944 0
361 0.959943924686768 0.451521737346921 0
362 0.984382574429134 0.460088801317801 0
363 0.955616667071229 0.464049069767912 0
364 0.997142185197915 0.465029941111256 0
365 0.981579635851631 0.480592490457477 0
366 0.996450100812646 0.490928035408836 0
367 0.491085808709345 0.996292327515444 0
368 0.481411173311689 0.980760953000664 0
369 0.465156955105582 0.997015171206723 0
370 0.466021662345495 0.953644074496791 0
371 0.460782909123994 0.983688466626045 0
372 0.420506190945128 0.999159545897022 0
373 0.416303282793396 0.93424070667133 0
374 0.416569866184843 0.883747031214063 0
375 0.402584469189822 0.894679065289651 0
376 0.372590102326239 0.977953887138357 0
377 0.388627927240432 0.856177066297508 0
378 0.37493870335647 0.947983354492886 0
379 0.36925606356056 0.90954556723525 0
380 0.374313570900489 0.823563822779323 0
381 0.360788658580097 0.866479787770183 0
382 0.353912002609774 0.825357673494461 0
383 0.318301239939019 0.960500390856639 0
384 0.311050273262896 0.986213261216305 0
385 0.319516644078936 0.924931701519196 0
386 0.301377751391532 0.99893914600703 0
387 0.318624490266497 0.882083850059397 0
388 0.317760950032813 0.836204041908527 0
389 0.325457323378754 0.753446379606603 0
390 0.317875305859304 0.794055406190729 0
391 0.304273438249383 0.72847387579303 0
392 0.25090912613213 0.9938958674054 0
393 0.253978021889912 0.97329042446005 0
394 0.258626040444092 0.942082299881623 0
395 0.264583333334173 0.902083333333472 0
396 0.271389230240479 0.856386596962023 0
397 0.278255680062349 0.810283291014645 0
398 0.288891245378486 0.738873066748326 0
399 0.292645586919965 0.713665344969528 0
400 0.276606683855939 0.72847387579303 0
401 0.243469892297995 0.794055406190729 0
402 0.24798418056942 0.753446379606603 0
403 0.231029335357628 0.836204041908527 0
404 0.21649946929193 0.882083850059397 0
405 0.198938247672259 0.99893914600703 0
406 0.202844125683102 0.924931701519196 0
407 0.19305641488745 0.986213261216305 0
408 0.193464601084331 0.960500390856639 0
409 0.198109115925245 0.825357673494461 0
410 0.178983319532509 0.866479787770183 0
411 0.178241886145416 0.823563822779323 0
412 0.157687810030686 0.90954556723525 0
413 0.136526994275545 0.995756479928272 0
414 0.140555616583699 0.947983354492886 0
415 0.154212946629957 0.856177066297508 0
416 0.133976824911127 0.977953887138357 0
417 0.128787724129848 0.894679065289651 0
418 0.118058677710497 0.883747031214063 0
419 0.103284591816976 0.93424070667133 0
420 0.0797441570876024 0.999159545897022 0
421 0.0849395539826239 0.922283458905695 0
422 0.0591598827355729 0.958163654673003 0
423 0.0440758455000373 0.983688466626045 0
424 0.0477864856786361 0.953644074496791 0
425 0.0357321428348902 0.997015171206723 0
426 0.024319606647553 0.980760953000664 0
427 0.0100186043732068 0.996292327515444 0
428 0.00370767248456681 0.989981395626856 0
429 0.0192390469993931 0.975680393352546 0
430 0.00298482879328632 0.964267857165388 0
431 0.0463559255033472 0.952213514321513 0
432 0.0163115333740035 0.955924154500239 0
433 0.000840454102980369 0.92025584291305 0
434 0.0657592933288655 0.896715408183529 0
435 0.116252968786284 0.881941322289864 0
436 0.105320934710663 0.871212275870659 0
437 0.0220461128617083 0.86602317508986 0
438 0.14382293370292 0.845787053370558 0
439 0.0520166455072694 0.859444383417185 0
440 0.0904544327650194 0.842312189970137 0
441 0.176436177221203 0.821758113855125 0
442 0.133520212230215 0.821016680468263 0
443 0.17464232650606 0.801890884075468 0
444 0.0394996091434783 0.806535398917056 0
445 0.0137867387837363 0.806943585114068 0
446 0.0750682984810273 0.797155874318174 0
447 0.00106085399297268 0.801061752329374 0
448 0.117916149940955 0.783500530709234 0
449 0.163795958091961 0.768970664643414 0
450 0.246553620394132 0.752015819431326 0
451 0.205944593809885 0.756530107702928 0
452 0.271526124207779 0.723393316144912 0
453 0.00610413259461821 0.749090873869905 0
454 0.0267095755400299 0.746021978112039 0
455 0.0579177001185497 0.741373959557734 0
456 0.0979166666668195 0.735416666667492 0
457 0.143613403038405 0.728610769761001 0
458 0.18971670898592 0.721744319938945 0
459 0.261126933252452 0.71110875462252 0
460 0.286334655031325 0.707354413080939 0
461 0.271526124207779 0.695726561751696 0
462 0.205944593809885 0.682124694142232 0
463 0.246553620394132 0.674542676622631 0
464 0.163795958091961 0.682239049968943 0
465 0.117916149940955 0.681375509735508 0
466 0.00106085399297268 0.698622248610945 0
467 0.0750682984810273 0.680483355923301 0
468 0.0137867387837363 0.688949726739594 0
469 0.0394996091434783 0.681698760063396 0
470 0.17464232650606 0.646087997392223 0
471 0.133520212230215 0.639211341422173 0
472 0.176436177221203 0.625686429101667 0
473 0.0904544327650194 0.630743936442007 0
474 0.00424352007174041 0.635262967021075 0
475 0.0520166455072694 0.625061296646345 0
476 0.14382293370292 0.611372072762014 0
477 0.0220461128617083 0.627409897676715 0
478 0.105320934710663 0.59741553081294 0
479 0.116252968786284 0.583430133817977 0
480 0.0657592933288655 0.583696717209688 0
481 0.000840454102980369 0.579493809058331 0
482 0.0777165410945366 0.561789945998497 0
483 0.0418363453271216 0.546697992639769 0
484 0.0163115333740035 0.539217090879715 0
485 0.0463559255033472 0.5339783376581 0
486 0.00298482879328632 0.534843044898234 0
487 0.0192390469993931 0.518588826692176 0
488 0.00370767248456681 0.50891419129468 0
489 0.992006152941083 0.499053360215425 0
490 0.978002075099402 0.487133711004455 0
491 0.974082618227063 0.507192107939637 0
492 0.954609314281135 0.465890915993588 0
493 0.964831871307145 0.495835353179913 0
494 0.94363395238333 0.522058944530175 0
495 0.910614910120397 0.461818836792829 0
496 0.887422446021473 0.413947781580398 0
497 0.882636276309245 0.428316218661976 0
498 0.900074143199388 0.515762761624605 0
499 0.854980890365977 0.395884944043407 0
500 0.887850636636911 0.48671915433763 0
501 0.866051188875746 0.451969911989053 0
502 0.829800225179486 0.369130498703568 0
503 0.840147894203208 0.41364069807086 0
504 0.816264730973175 0.376693905623124 0
505 0.853764210130301 0.51485033262836 0
506 0.860564200695973 0.541273311507896 0
507 0.838150618877932 0.480833625918962 0
508 0.85964562401497 0.55609975302737 0
509 0.817682471191107 0.440532805420472 0
510 0.79583057952011 0.397353882490556 0
511 0.76293067023662 0.316807526182092 0
512 0.776394941574638 0.357425527924539 0
513 0.736450618197571 0.299260355637503 0
514 0.821772101446716 0.565835804985456 0
515 0.814392137838565 0.545449568879938 0
516 0.803214759886619 0.514573445626796 0
517 0.788888888888751 0.474999999999347 0
518 0.772522327280393 0.429789399121186 0
519 0.756010150327464 0.384176553875349 0
520 0.73043414801909 0.313526012845865 0
521 0.72140585050249 0.288586458320018 0
522 0.716968611978948 0.307214547525649 0
523 0.724001129525468 0.378817084323498 0
524 0.708376665508643 0.339081054739862 0
525 0.73475706751996 0.422289221709768 0
526 0.745769435588528 0.469893748950774 0
527 0.787511140146328 0.585551110346775 0
528 0.755993720507927 0.514376974957894 0
529 0.777476858756995 0.575196545790968 0
530 0.765858410270547 0.550740866299222 0
531 0.706553531600013 0.421487235545099 0
532 0.71212663462448 0.465909733047244 0
533 0.691733080498451 0.42550110807087 0
534 0.717071877015842 0.512795784879126 0
535 0.742089539910768 0.600481816822253 0
536 0.722805879701877 0.554104291785063 0
537 0.68991367485356 0.463279250969179 0
538 0.732050627020388 0.584364078881715 0
539 0.689837734997105 0.507032782867022 0
540 0.677220817471798 0.499769748267104 0
541 0.690197581892227 0.551811710448898 0
542 0.703680686876474 0.620028029264592 0
543 0.671743030420803 0.545767864997056 0
544 0.670203521004037 0.587141652591243 0
545 0.671400647340018 0.615638633972264 0
546 0.660102044046303 0.586133529285775 0
547 0.671695979587903 0.630651741467938 0
548 0.656133430241619 0.618547536420902 0
549 0.653254663222679 0.637360181462599 0
550 0.291067853947781 0.699465748220177 0
551 0.296086609738854 0.682459173593103 0
552 0.275336543943879 0.689375862191526 0
553 0.305731397632288 0.65338619070102 0
554 0.281950167346869 0.676403364465144 0
555 0.247626540525593 0.672754476403528 0
556 0.289892627846509 0.616616717641825 0
557 0.32484422247989 0.574411371757202 0
558 0.309094583583141 0.5778037889469 0
559 0.23408856767582 0.635218071032319 0
560 0.327426678855092 0.539780811450135 0
561 0.256120937292894 0.611070606093938 0
562 0.279269702046995 0.576514424718271 0
563 0.341490641834023 0.506545200543464 0
564 0.303971546991733 0.536931122532271 0
565 0.328268585568864 0.49963285777349 0
566 0.214220991040947 0.598197328387262 0
567 0.192242418570357 0.616754510618382 0
568 0.239445273439458 0.568890985759172 0
569 0.177790458914356 0.623429292946411 0
570 0.268447405184322 0.532615105303509 0
571 0.299555655860579 0.493810151477382 0
572 0.361105228133308 0.427631343271343 0
573 0.328667285425885 0.458535421354966 0
574 0.365868141731798 0.397965235464945 0
575 0.151615443398157 0.59838455660328 0
576 0.167617542706757 0.582382457294577 0
577 0.191853639453798 0.55814636054738 0
578 0.222916666666679 0.527083333334299 0
579 0.258404557678498 0.491595442322252 0
580 0.2942081888929 0.455791811107619 0
581 0.349665065184749 0.400334934815413 0
582 0.369241274651235 0.380758725348802 0
583 0.349613923525691 0.386552699277788 0
584 0.284954104958728 0.427843188261297 0
585 0.315589756732942 0.395673671862879 0
586 0.248600832239038 0.4580333604243 0
587 0.208448955361917 0.490488534152009 0
588 0.117607250479437 0.581172997662721 0
589 0.170900168882081 0.520763571921472 0
590 0.12292102677496 0.568082044039099 0
591 0.140879465714005 0.546702214860326 0
592 0.236734389641938 0.435364167016899 0
593 0.197160910301548 0.461936420176048 0
594 0.226298527040712 0.425665630582974 0
595 0.154973353098512 0.489242520138253 0
596 0.0831338007605737 0.552761179888432 0
597 0.118420873814243 0.514387582801339 0
598 0.18970787774679 0.443084631949482 0
599 0.0939032671948006 0.536790094099775 0
600 0.148238995860817 0.464862631611025 0
601 0.14946889925166 0.451275506513022 0
602 0.105994146898333 0.487496507615611 0
603 0.0474288456348083 0.532190137438997 0
604 0.103456125724074 0.469908624267111 0
605 0.0635856786448978 0.489343259043553 0
606 0.0371347674684199 0.504511700722339 0
607 0.0600182313411368 0.480864180328026 0
608 0.0230494667354931 0.512238127132006 0
609 0.0275453143243605 0.493908902346426 0
610 0.00844087140102207 0.501025526433918 0
611 0.299245769853447 0.701280141138125 0
612 0.317771605055965 0.698790714978303 0
613 0.302670168282903 0.68391983449192 0
614 0.349872588976116 0.695439291011163 0
615 0.31792808847672 0.684385604201223 0
616 0.30758516519276 0.653797476751408 0
617 0.379132115372649 0.667398150745898 0
618 0.434206581556137 0.680319043628093 0
619 0.424546040520549 0.668294542497192 0
620 0.338519160470503 0.627405240956945 0
621 0.468841914189326 0.668765992243938 0
622 0.370852687312338 0.636525560277914 0
623 0.413733959763554 0.642462263569392 0
624 0.506767896690278 0.667514105663118 0
625 0.462119571100709 0.64772213561889 0
626 0.508125023536094 0.653545310200186 0
627 0.366392953420095 0.595844020681772 0
628 0.339503631538721 0.584550490904784 0
629 0.405021449521527 0.60562653607905 0
630 0.327184120294174 0.574930513072903 0
631 0.451938197124672 0.615850008389845 0
632 0.502159912285206 0.626857683712476 0
633 0.59124569629072 0.652844036778755 0
634 0.548149853540886 0.637571491068856 0
635 0.621947513746265 0.645112613444193 0
636 0.340890403939659 0.542767940166599 0
637 0.362884156870736 0.550001765881426 0
638 0.396194956509482 0.560957809616359 0
639 0.438888888888982 0.575000000000226 0
640 0.487664483384852 0.591042471279497 0
641 0.536874040442264 0.607227674431168 0
642 0.613095591875625 0.632297221247962 0
643 0.640001706256598 0.641146740595801 0
644 0.626443361335132 0.626783388658612 0
645 0.560240733244417 0.588277904584693 0
646 0.603835081997049 0.601518079667784 0
647 0.516253799669713 0.569397988990403 0
648 0.468533513032791 0.548192181994473 0
649 0.343830539648307 0.507064341859165 0
650 0.423980733760567 0.52833099264213 0
651 0.358677633524445 0.506379559731374 0
652 0.386678907233679 0.513139747440883 0
653 0.533442992621951 0.550325897772112 0
654 0.491662938695501 0.527276098500361 0
655 0.538629545462501 0.537616614513419 0
656 0.448113800961644 0.502298295606429 0
657 0.35744649664319 0.466520171087402 0
658 0.408939938912344 0.481246765291595 0
659 0.506934348537959 0.51346606759014 0
660 0.377293818049879 0.469323944670087 0
661 0.46903801159213 0.486904198895708 0
662 0.482714649682493 0.482555381264656 0
663 0.429997652655557 0.460023267974876 0
664 0.362958995693781 0.42804262932173 0
665 0.446030990074737 0.450887613422857 0
666 0.411054153808036 0.424752648832611 0
667 0.385642986314601 0.408317174551492 0
668 0.417835805183465 0.418358486470514 0
669 0.372451700275847 0.399425896363763 0
670 0.392048984637777 0.395967552064564 0
671 0.377419190556901 0.382573118266751 0
672 0.380916498645141 0.369083501354828 0
673 0.3987839183151 0.365049458881477 0
674 0.386679713267982 0.349486909535256 0
675 0.429603935845065 0.359132635559258 0
676 0.401029042617567 0.348970957382297 0
677 0.39570943586602 0.315553992729263 0
678 0.461333689155108 0.325869017625039 0
679 0.511492135384484 0.336543706992191 0
680 0.504114599675022 0.32378684366645 0
681 0.428781320722072 0.284015972497048 0
682 0.545900936287541 0.321306554016627 0
683 0.458005285383192 0.291994714616374 0
684 0.497659276274635 0.29570653106225 0
685 0.581919294191147 0.31733630004472 0
686 0.54261283368982 0.298289835832961 0
687 0.585235377307752 0.30166299522093 0
688 0.459714194854285 0.246919997807745 0
689 0.435950836750618 0.236147719906916 0
690 0.494789838000745 0.255210161998628 0
691 0.425710773304237 0.226253384318109 0
692 0.537632813810195 0.263429696676161 0
693 0.583484465486822 0.272299661276865 0
694 0.66387783412099 0.295239754210614 0
695 0.62538031737721 0.281129028109455 0
696 0.694013476749784 0.284532306580272 0
697 0.443344382270574 0.189448127424007 0
698 0.46307299785659 0.196024332619292 0
699 0.492953117133872 0.205984372378304 0
700 0.531249999999206 0.218749999999977 0
701 0.575002194397496 0.233334064799287 0
702 0.619143657538699 0.248047885846234 0
703 0.687515148857663 0.270838382952368 0
704 0.71165020162465 0.278883400541297 0
705 0.700930165348067 0.263782240785251 0
706 0.643981670767328 0.225324967938641 0
707 0.683246119823106 0.237134897103788 0
708 0.605167369155375 0.207250950270671 0
709 0.56316406905355 0.186835930945466 0
710 0.451320649233768 0.149423756528884 0
711 0.523957967599376 0.167705773202015 0
712 0.465449301344148 0.147652326125597 0
713 0.490923354567607 0.153292518667009 0
714 0.624186098978447 0.184810830207884 0
715 0.588064168451207 0.161935831547678 0
716 0.630937215379365 0.170282536478856 0
717 0.550551339656511 0.137030340915321 0
718 0.470089199586646 0.103275550402082 0
719 0.516601057075727 0.116207399537323 0
720 0.604504681439502 0.145495318559297 0
721 0.488434640075181 0.105056014436251 0
722 0.572563785939248 0.118439284872085 0
723 0.586119932502234 0.112660315637102 0
724 0.539588361898335 0.0911049993934274 0
725 0.480899944329446 0.0599824673368847 0
726 0.55606826674079 0.0798267139052534 0
727 0.526823840890273 0.0530487283693687 0
728 0.505205808522388 0.0364406596652658 0
729 0.534162730010607 0.0454562530600535 0
730 0.49403591633445 0.0274183003332025 0
731 0.513056809979852 0.0222307838844027 0
732 0.501183299727827 0.00828309810380529 0
733 0.645365998361906 0.635782448490467 0
734 0.649782730681441 0.617277396508884 0
735 0.630761837036039 0.622464912957684 0
736 0.658313843827197 0.585775889241959 0
737 0.636695257182595 0.60869755594088 0
738 0.605051058146036 0.60030210351879 0
739 0.643290958782251 0.542430385827039 0
740 0.674963681316538 0.499318321036059 0
741 0.660504248223224 0.501166085512331 0
742 0.592137236959096 0.556381400869863 0
743 0.676926158694809 0.460681747737467 0
744 0.612132165856722 0.531969549016352 0
745 0.633030155434048 0.495987440563011 0
746 0.689475944343192 0.425049680839824 0
747 0.655297750496807 0.454543956221874 0
748 0.677220044826132 0.415620538190408 0
749 0.573402170345145 0.5122496183147 0
750 0.553389763628125 0.530379126765844 0
751 0.596273936505883 0.482433018157948 0
752 0.540164398048072 0.536081761927841 0
753 0.622540286400233 0.445247919113473 0
754 0.650715345938166 0.405480877393653 0
755 0.706588465289538 0.338723414696046 0
756 0.677094506415492 0.369435759701638 0
757 0.71061791241877 0.305944407613632 0
758 0.515765859525881 0.504634556602177 0
759 0.530306579902191 0.488632457293487 0
760 0.552329334480555 0.464396360546311 0
761 0.580555555555277 0.433333333333257 0
762 0.61280254327835 0.39784544232124 0
763 0.645336436482308 0.362041811106639 0
764 0.695728757861667 0.306584934814481 0
765 0.713517185641717 0.287008725347886 0
766 0.695516475645707 0.291073527127249 0
767 0.636481551513346 0.329442849912686 0
768 0.664301041506182 0.297081600436291 0
769 0.603374339594708 0.358862634506034 0
770 0.566797045785043 0.390355720339987 0
771 0.484249502268064 0.481020528679078 0
772 0.532590186881599 0.419721539520582 0
773 0.488984782598303 0.46695742788944 0
774 0.505262171637076 0.445149924930726 0
775 0.592177635844305 0.331876486598 0
776 0.556062336266834 0.356823586484409 0
777 0.58245348308123 0.319661150284634 0
778 0.517549150382522 0.382269504291419 0
779 0.45217055102957 0.444748052467996 0
780 0.484198064326802 0.405988639876779 0
781 0.548974648445142 0.334683695660128 0
782 0.461894156370235 0.428126764260046 0
783 0.511056858211575 0.35400033504352 0
784 0.512026324274568 0.338868557232106 0
785 0.472434923291244 0.37418283942827 0
786 0.419051781332452 0.417142510321521 0
787 0.469887449715666 0.354079218014391 0
788 0.433413189551035 0.370959376252896 0
789 0.409242651621571 0.38471750924441 0
790 0.430027143230257 0.360974481784934 0
791 0.396367460338684 0.391649076363637 0
792 0.400286917211023 0.371590679428455 0
793 0.382783482662209 0.377208826161417 0
794 0.499263724615011 0.991795788544804 0
795 0.507592016217668 0.973682709952165 0
796 0.487994731855738 0.977141054251364 0
797 0.522752239395651 0.942940657520685 0
798 0.496760830253846 0.963906394236318 0
799 0.467875429905967 0.952624800371901 0
800 0.517633650023067 0.898203254803439 0
801 0.557793874033313 0.857951503011056 0
802 0.543353895213088 0.858483616992877 0
803 0.46492981541739 0.90750393149865 0
804 0.5681355969233 0.819472309510563 0
805 0.489670453375913 0.884899337601161 0
806 0.517814208661625 0.850800334099185 0
807 0.588098893883101 0.784963356611342 0
808 0.548480050283864 0.811361656436353 0
809 0.578260411648585 0.774412992900681 0
810 0.45637931493366 0.861641785933638 0
811 0.432993517145403 0.877958977828543 0
812 0.485092820161005 0.833891424638052 0
813 0.418909763999128 0.882460463605566 0
814 0.518710598114966 0.799077607400199 0
815 0.554745047655531 0.761854228915546 0
816 0.623561007743515 0.700147708398089 0
817 0.588223411257212 0.728191294645796 0
818 0.634630189845662 0.66771753121042 0
819 0.402091652324999 0.848774182087022 0
820 0.4197012684591 0.834087323817417 0
821 0.446372041591656 0.811843235022085 0
822 0.480555555556475 0.783333333333419 0
823 0.519608440185872 0.750762255281325 0
824 0.559008783211719 0.717901388276174 0
825 0.620036669907242 0.667002611405338 0
826 0.641579439228783 0.649035405456564 0
827 0.623217653658325 0.651463313004362 0
828 0.557531178163061 0.684478114178769 0
829 0.591603336334548 0.654632236997858 0
830 0.518968256601887 0.710899405294157 0
831 0.476584026962803 0.739079157577973 0
832 0.376653468714774 0.822277255170826 0
833 0.436965406322548 0.765346320080879 0
834 0.384321050565355 0.808637586033352 0
835 0.404884201405914 0.788300260606915 0
836 0.513991720890983 0.682878796974027 0
837 0.473485347926461 0.704551019746486 0
838 0.507219323921339 0.669771241818374 0
839 0.430542304080235 0.726503985151072 0
840 0.353433233905431 0.783063664483706 0
841 0.392987430081793 0.747199274122921 0
842 0.471439417421126 0.681753508402672 0
843 0.366501838483298 0.767318631018048 0
844 0.430412737875438 0.697628029271033 0
845 0.434658008787197 0.682576179783349 0
846 0.388513439994824 0.71430477385581 0
847 0.327311090939226 0.752427105481713 0
848 0.390430287044057 0.693958085796584 0
849 0.351336942909096 0.707526228158157 0
850 0.324869166508337 0.719090994358599 0
851 0.350230229019944 0.697227491230266 0
852 0.310856996793432 0.724853977043729 0
853 0.319041744968025 0.705141414538473 0
854 0.300823502825632 0.709168805998888 0
