1 0.882638888888969 0.714583333332844 0
2 0.99124644482727 0.978711768189346 0
3 0.665423777012366 0.649033210814129 0
4 0.99124644482727 0.516005020995057 0
5 0.854169708981483 0.645347635451159 0
6 0.939577248703941 0.731765915288773 0
7 0.854169708981483 0.7666364492586 0
8 0.918917363730727 0.802810866823959 0
9 0.810081939205452 0.692687449108911 0
10 0.918917363730727 0.648251684065662 0
11 0.959890673123292 0.902456015701973 0
12 0.728135320420323 0.667957996102846 0
13 0.959890673123292 0.573335988193713 0
14 0.825557742282955 0.575764686852796 0
15 0.996801182100998 0.74903467625468 0
16 0.825557742282955 0.818950636891055 0
17 0.834921731314378 0.598537464911519 0
18 0.978073204038151 0.743383037904376 0
19 0.834921731314378 0.801829497182636 0
20 0.700269168322153 0.633413454801573 0
21 0.955420191993629 0.529239368212907 0
22 0.992227306351125 0.928826718724714 0
23 0.955420191993629 0.943854475474354 0
24 0.992227306351125 0.566482069722605 0
25 0.700269168322153 0.685683913060911 0
26 0.757258972806141 0.608417544693003 0
27 0.897213669597483 0.551276277955215 0
28 0.993444024263284 0.847397685516773 0
29 0.897213669597483 0.886687001919127 0
30 0.993444024263284 0.648645453386402 0
31 0.757258972806141 0.745076036526544 0
32 0.776121524491143 0.639659245439247 0
33 0.905773465797355 0.586724429165838 0
34 0.966021676378409 0.831806736402319 0
35 0.905773465797355 0.8564051182374 0
36 0.966021676378409 0.647685636321885 0
37 0.776121524491143 0.725218834430375 0
38 0.12499999999986 0.291666666667494 0
39 0.00932331320171966 0.0217543974707653 0
40 0.35635337359614 0.368784457865964 0
41 0.00932331320171966 0.484461144665751 0
42 0.155322203451606 0.36241847472185 0
43 0.0643555930963659 0.271451864366405 0
44 0.155322203451606 0.241129660914226 0
45 0.08636020431043 0.201507143391801 0
46 0.202279591378719 0.31742653046035 0
47 0.08636020431043 0.35606632615033 0
48 0.0427199931231023 0.0996799839542993 0
49 0.289560013753375 0.346520004585126 0
50 0.0427199931231023 0.428800011463054 0
51 0.185796487509197 0.433525137523176 0
52 0.0034070249811843 0.251135674994754 0
53 0.185796487509197 0.190339187484551 0
54 0.175823008067449 0.410253685492337 0
55 0.0233539838646814 0.257784661289228 0
56 0.175823008067449 0.206961653220916 0
57 0.319239939065023 0.382548542152013 0
58 0.0474814523144568 0.473134704403491 0
59 0.00827860862009971 0.0715872117063925 0
60 0.0474814523144568 0.0585195971414209 0
61 0.00827860862009971 0.433931860709046 0
62 0.319239939065023 0.330278083892597 0
63 0.258540739022932 0.404509492258557 0
64 0.10947656492571 0.454197550291671 0
65 0.00698269605093754 0.152951449285998 0
66 0.10947656492571 0.118786826327255 0
67 0.00698269605093754 0.351703681416669 0
68 0.258540739022932 0.267851000424811 0
69 0.238450447287435 0.372263276925505 0
70 0.100359622227625 0.418293551946097 0
71 0.036189930484519 0.170002760122135 0
72 0.100359622227625 0.148612862874129 0
73 0.036189930484519 0.354123860202846 0
74 0.238450447287435 0.286703687934248 0
75 0.29166666666609 0.12500000000014 0
76 0.48446114466253 0.00932331320174059 0
77 0.368784457865081 0.35635337359694 0
78 0.0217543974706606 0.00932331320174059 0
79 0.2411296609133 0.155322203451955 0
80 0.271451864364865 0.0643555930965103 0
81 0.362418474720106 0.155322203451955 0
82 0.356066326148319 0.0863602043106238 0
83 0.317426530459121 0.202279591379173 0
84 0.201507143390831 0.0863602043106238 0
85 0.428800011460359 0.0427199931231982 0
86 0.346520004584093 0.289560013754025 0
87 0.0996799839538203 0.0427199931231982 0
88 0.190339187484103 0.185796487509614 0
89 0.251135674993077 0.00340702498119195 0
90 0.43352513752109 0.185796487509614 0
91 0.206961653220311 0.175823008067843 0
92 0.257784661287596 0.0233539838647338 0
93 0.410253685490363 0.175823008067843 0
94 0.330278083891806 0.319239939065739 0
95 0.05851959714124 0.0474814523145634 0
96 0.433931860706161 0.00827860862011829 0
97 0.473134704400518 0.0474814523145634 0
98 0.0715872117059476 0.00827860862011829 0
99 0.382548542150871 0.319239939065739 0
100 0.267851000424168 0.258540739023512 0
101 0.118786826326946 0.109476564925956 0
102 0.351703681414331 0.00698269605095321 0
103 0.454197550289104 0.109476564925956 0
104 0.152951449285 0.00698269605095321 0
105 0.404509492256994 0.258540739023512 0
106 0.286703687933388 0.23845044728797 0
107 0.148612862873579 0.100359622227851 0
108 0.354123860200624 0.0361899304846002 0
109 0.41829355194373 0.100359622227851 0
110 0.170002760121153 0.0361899304846002 0
111 0.372263276924069 0.23845044728797 0
112 0.715972222222989 0.881249999999947 0
113 0.516108613367175 0.991142852458352 0
114 0.652992692743444 0.661464295083135 0
115 0.978815360558348 0.991142852458352 0
116 0.768362251519919 0.852443906720742 0
117 0.732480977435753 0.938862186558356 0
118 0.647073437713295 0.852443906720742 0
119 0.649211241893243 0.917957805904963 0
120 0.694935000125224 0.807834388189915 0
121 0.803770424650499 0.917957805904963 0
122 0.573810654786616 0.959416006532989 0
123 0.671175329589691 0.724917986933862 0
124 0.902930682292659 0.959416006532989 0
125 0.821015042308056 0.823493336865985 0
126 0.749072532089477 0.99676332626787 0
127 0.577829092271434 0.823493336865985 0
128 0.803783086161563 0.832968142335661 0
129 0.743642526615588 0.977813715328518 0
130 0.600491053891816 0.832968142335661 0
131 0.689231023495386 0.696722057887752 0
132 0.944382047166863 0.954892620301195 0
133 0.566574054265704 0.992135321810893 0
134 0.529766939908208 0.954892620301195 0
135 0.928918703265372 0.992135321810893 0
136 0.6369605652364 0.696722057887752 0
137 0.747948711404919 0.754386297927829 0
138 0.88790340819626 0.895997263320412 0
139 0.648723038900408 0.993366438751599 0
140 0.552492684234607 0.895997263320412 0
141 0.847475271029441 0.993366438751599 0
142 0.611290219572298 0.754386297927829 0
143 0.727868283845263 0.773472075076581 0
144 0.857520225151474 0.904658358883606 0
145 0.648087746662782 0.965619566039653 0
146 0.587839536081728 0.904658358883606 0
147 0.832208846741976 0.965619566039653 0
148 0.642308694854711 0.773472075076581 0
149 0.739583333332679 0.0937499999998366 0
150 0.98057643082968 0.00699248490128541 0
151 0.720303885532968 0.267265030196939 0
152 0.51786968363539 0.00699248490128541 0
153 0.67641207614131 0.116491652588633 0
154 0.744637033907976 0.0482666948222445 0
155 0.797700889948751 0.116491652588633 0
156 0.82008290768595 0.0647701532327823 0
157 0.733143367384434 0.151709693533945 0
158 0.665523724927654 0.0647701532327823 0
159 0.911000014326547 0.0320399948423069 0
160 0.725869998853204 0.217170010314897 0
161 0.581879986818287 0.0320399948423069 0
162 0.612923984354432 0.139347365631812 0
163 0.749716081250913 0.00255526873588664 0
164 0.856109934392692 0.139347365631812 0
165 0.633702066524817 0.131867256050505 0
166 0.748053834677287 0.0175154878985002 0
167 0.836994098795933 0.131867256050505 0
168 0.697261442614228 0.239429954298619 0
169 0.538735658675747 0.0356110892358206 0
170 0.930482440448725 0.00620895646507094 0
171 0.953350765937194 0.0356110892358206 0
172 0.568137791446616 0.00620895646507094 0
173 0.749531900873567 0.239429954298619 0
174 0.660125692497307 0.193905554267078 0
175 0.573171590940237 0.0821074236942317 0
176 0.848794224726953 0.00523702203819991 0
177 0.908582314904149 0.0821074236942317 0
178 0.650041992596582 0.00523702203819991 0
179 0.796784184330848 0.193905554267078 0
180 0.687349334896473 0.178837835465465 0
181 0.606796353611253 0.0752697166706724 0
182 0.839044722499183 0.0271424478633724 0
183 0.876477042682816 0.0752697166706724 0
184 0.654923622418749 0.0271424478633724 0
185 0.772908923887601 0.178837835465465 0
186 0.906249999999782 0.260416666666067 0
187 0.993007515098686 0.482130316362096 0
188 0.732734969801974 0.27969611446588 0
189 0.993007515098686 0.0194235691702264 0
190 0.883508347410893 0.202299110050326 0
191 0.951733305177559 0.255362966090744 0
192 0.883508347410893 0.323587923857132 0
193 0.935229846766954 0.334476275070672 0
194 0.848290306465437 0.266856632614347 0
195 0.935229846766954 0.179917092313184 0
196 0.967960005157563 0.418120013179563 0
197 0.78282998968422 0.274130001145615 0
198 0.967960005157563 0.0889999856730249 0
199 0.860652634367622 0.143890065606717 0
200 0.997444731264103 0.25028391874778 0
201 0.860652634367622 0.387076015643705 0
202 0.868132743948959 0.163005901203367 0
203 0.982484512101429 0.251946165321415 0
204 0.868132743948959 0.36629793347342 0
205 0.760570045700407 0.250468099125402 0
206 0.964388910764035 0.0466492340626037 0
207 0.993791043534904 0.431862208551132 0
208 0.964388910764035 0.461264341321882 0
209 0.993791043534904 0.0695175595509188 0
210 0.760570045700407 0.302738557384467 0
211 0.806094445732133 0.203215815668315 0
212 0.917892576305434 0.0914176850954679 0
213 0.994762977961779 0.349958007401594 0
214 0.917892576305434 0.426828409057626 0
215 0.994762977961779 0.151205775272262 0
216 0.806094445732133 0.339874307501141 0
217 0.821162164533807 0.227091076111419 0
218 0.924730283329021 0.123522957316626 0
219 0.972857552136517 0.345076377579477 0
220 0.924730283329021 0.393203646386777 0
221 0.972857552136517 0.160955277500006 0
222 0.821162164533807 0.312650665102099 0
223 0.264583333334173 0.902083333333472 0
224 0.0197343462770581 0.992696737991988 0
225 0.291574560253417 0.72085652401644 0
226 0.482441093472043 0.992696737991988 0
227 0.328765330640646 0.878330940629611 0
228 0.25750815252885 0.949588118741195 0
229 0.207476516833023 0.878330940629611 0
230 0.182795765791195 0.932351173290183 0
231 0.273599285661599 0.84154765342005 0
232 0.337354948549724 0.932351173290183 0
233 0.0904239854442878 0.966536005386913 0
234 0.283782001605187 0.77317798922659 0
235 0.419544012953043 0.966536005386913 0
236 0.393269231896157 0.854459418117839 0
237 0.25039748624883 0.99733116376474 0
238 0.150083281857532 0.854459418117839 0
239 0.372158700411032 0.862271977013873 0
240 0.252724631451877 0.981706045972672 0
241 0.16886666813961 0.862271977013873 0
242 0.31337988868788 0.74992871439914 0
243 0.462847056402019 0.96280619568702 0
244 0.0697935131720364 0.993515089914257 0
245 0.0482319491399485 0.96280619568702 0
246 0.43213816217469 0.993515089914257 0
247 0.261109430428463 0.74992871439914 0
248 0.348492332136885 0.797476421098764 0
249 0.430477627891085 0.914243357474886 0
250 0.151438531808294 0.994530221426767 0
251 0.0950669039266687 0.914243357474886 0
252 0.350190763938964 0.994530221426767 0
253 0.211833840303139 0.797476421098764 0
254 0.320599013346527 0.813213816291565 0
255 0.396548967130097 0.921384962588383 0
256 0.162161608517151 0.971651221120469 0
257 0.126868278058129 0.921384962588383 0
258 0.346282708597862 0.971651221120469 0
259 0.23503942435527 0.813213816291565 0
260 0.0979166666668195 0.735416666667492 0
261 0.00730326200803334 0.517558906531892 0
262 0.279143475984392 0.708425439747517 0
263 0.00730326200803334 0.980265653723066 0
264 0.121669059370752 0.792523483168047 0
265 0.0504118812589553 0.742491847473007 0
266 0.121669059370752 0.671234669361423 0
267 0.0676488267100184 0.662645051452699 0
268 0.158452346580422 0.726400714339822 0
269 0.0676488267100184 0.817204234209955 0
270 0.0334639946131866 0.580455987050237 0
271 0.226822010774086 0.716217998395958 0
272 0.0334639946131866 0.909576014556281 0
273 0.145540581882595 0.84991671814294 0
274 0.0026688362352682 0.749602513753219 0
275 0.145540581882595 0.606730768106318 0
276 0.137728022986538 0.831133331861057 0
277 0.0182939540273829 0.747275368550109 0
278 0.137728022986538 0.62784129959131 0
279 0.250071285601606 0.738890569572373 0
280 0.037193804313091 0.951768050860253 0
281 0.00648491008576218 0.567861837828836 0
282 0.037193804313091 0.537152943601598 0
283 0.00648491008576218 0.930206486828504 0
284 0.250071285601606 0.686620111313387 0
285 0.20252357890184 0.788166159697541 0
286 0.0857566425253698 0.904933096073664 0
287 0.00546977857324909 0.649809236063892 0
288 0.0857566425253698 0.56952237211201 0
289 0.00546977857324909 0.848561468192924 0
290 0.20252357890184 0.651507667864921 0
291 0.186786183708992 0.764960575645684 0
292 0.0786150374118509 0.873131721942503 0
293 0.028348778879616 0.653717291404841 0
294 0.0786150374118509 0.603451032872756 0
295 0.028348778879616 0.837838391484036 0
296 0.186786183708992 0.679400986655132 0
297 0.788888888888751 0.474999999999347 0
298 0.658431292111052 0.631163527177468 0
299 0.723981414629244 0.29570113546218 0
300 0.984253959925957 0.498135337358395 0
301 0.823085596114835 0.434065025339324 0
302 0.805903014159042 0.521999415349568 0
303 0.737678056392377 0.46893555930915 0
304 0.745311785972407 0.527163724180288 0
305 0.767207670196165 0.415108316680714 0
306 0.854147210497681 0.482727959137039 0
307 0.696095325577886 0.586078009283419 0
308 0.742720662807512 0.347465989340337 0
309 0.927850678280855 0.491456001374286 0
310 0.857453816468619 0.39292474186141 0
311 0.823002473547058 0.569234555638847 0
312 0.686210376650576 0.462840702497785 0
313 0.846205947987109 0.406388939107825 0
314 0.817406243415807 0.553775662504133 0
315 0.703054475263337 0.464835398386085 0
316 0.752797352051533 0.316950168848983 0
317 0.95661621711516 0.475475952786399 0
318 0.694060211857056 0.61754612161302 0
319 0.664658079086187 0.594677796124705 0
320 0.949211235528533 0.513372035024354 0
321 0.715990237694037 0.331977925598624 0
322 0.799538469995416 0.351861269055261 0
323 0.911336600568718 0.438815370611745 0
324 0.75202195076792 0.595034043928682 0
325 0.675151549111575 0.535245953751888 0
326 0.891976647559261 0.537892777190894 0
327 0.703308115329615 0.391150585457614 0
328 0.787183840912216 0.374776712433911 0
329 0.89075195970743 0.455329693718589 0
330 0.748979076627661 0.57029521201046 0
331 0.700851807820165 0.53286289182708 0
332 0.878631017933872 0.517360395737051 0
333 0.726935630331162 0.399375094268993 0
334 0.222916666666679 0.527083333334299 0
335 0.016626575209753 0.502020051195686 0
336 0.363656635604173 0.3863433643959 0
337 0.288466789186112 0.692886584411311 0
338 0.276991262822358 0.53365314408192 0
339 0.186024652467118 0.563975347534098 0
340 0.205734084710562 0.48362150838688 0
341 0.154009031020448 0.518711377601918 0
342 0.269928418088738 0.480071581911938 0
343 0.244812550890852 0.582467040489041 0
344 0.0761839877362886 0.509255998511701 0
345 0.323024008366561 0.426975991633773 0
346 0.269542003897188 0.645018009857422 0
347 0.331337069391793 0.540255905627472 0
348 0.14894760686378 0.601052393137675 0
349 0.188465323744466 0.439941701237751 0
350 0.313551031053987 0.538094985081844 0
351 0.16108200685122 0.588917993150157 0
352 0.194116962094832 0.454237021770896 0
353 0.356433743378114 0.419701485751643 0
354 0.297552737916062 0.65975481571491 0
355 0.0454724129331907 0.523355262568093 0
356 0.053966362400219 0.488726083971372 0
357 0.258349894221705 0.672822430279881 0
358 0.325724849150785 0.398139921719895 0
359 0.344297381548301 0.474031864368584 0
360 0.31200014382755 0.605705218154609 0
361 0.0927393385763073 0.557884545360442 0
362 0.114946343498959 0.467348294520959 0
363 0.209506274952777 0.639869841113353 0
364 0.264010517596181 0.417660236487845 0
365 0.317065484699286 0.4757143097966 0
366 0.287145805936617 0.597694538599567 0
367 0.11480496789637 0.543134482065198 0
368 0.128708401107241 0.486451254358724 0
369 0.222976114193511 0.619084435847573 0
370 0.266799226167051 0.440420979338133 0
371 0.438888888888982 0.575000000000226 0
372 0.379765248969391 0.389917301123175 0
373 0.632326015146225 0.638622177738917 0
374 0.304575402551329 0.696460521138586 0
375 0.454386903986683 0.623515525523028 0
376 0.388183426450134 0.55832278810184 0
377 0.474096336230127 0.54316168637581 0
378 0.41913965998087 0.513176326897129 0
379 0.503503213903091 0.596251887629317 0
380 0.394023792782984 0.615571785474232 0
381 0.396834663151587 0.443351988997394 0
382 0.576479344833145 0.620254003782239 0
383 0.343352658682214 0.661394007221044 0
384 0.469962649171817 0.67227438001518 0
385 0.337223651442626 0.54156193187024 0
386 0.509480366052503 0.511163688115257 0
387 0.464865093012654 0.65631681290838 0
388 0.353901525398024 0.547047345563177 0
389 0.497900048256266 0.52163584152912 0
390 0.597048085429692 0.645730572541266 0
391 0.340387292387362 0.691023653666829 0
392 0.370737339382863 0.422874952389303 0
393 0.407762247316441 0.416341145106842 0
394 0.311856333920812 0.662928282352569 0
395 0.605542034896721 0.611101393944545 0
396 0.539440282111039 0.656991828651147 0
397 0.398657451019148 0.681835857667608 0
398 0.356361928614106 0.476708564521405 0
399 0.453161693662551 0.4596262530421 0
400 0.324064690893355 0.60838191830743 0
401 0.561647287033691 0.566455577811664 0
402 0.526794351821386 0.634540486857406 0
403 0.396375239264834 0.657555624367612 0
404 0.379593642369854 0.489587116482133 0
405 0.440198351238374 0.478892167858172 0
406 0.349673963607185 0.6115673452851 0
407 0.540697785032258 0.577857259150932 0
408 0.531249999999206 0.218749999999977 0
409 0.502330828299163 0.016315798103026 0
410 0.70476503019674 0.27658834339868 0
411 0.386654141501714 0.363345858498225 0
412 0.538830550862275 0.271813856040588 0
413 0.4857666948215 0.2035888982742 0
414 0.569152754313841 0.180847245685143 0
415 0.521590051076679 0.151130357543406 0
416 0.589209693533459 0.238069897844569 0
417 0.48295025538748 0.267049744611956 0
418 0.510679998279655 0.0747599879655047 0
419 0.654670010314573 0.259890003438094 0
420 0.428399991403389 0.321600008596331 0
421 0.546449121876807 0.325143853141426 0
422 0.440055268735029 0.188351756245501 0
423 0.607245609385781 0.142754390613004 0
424 0.543955752016326 0.307690264118349 0
425 0.455015487897679 0.193338495966344 0
426 0.594778760083611 0.155221239915239 0
427 0.670396147015996 0.286911406613182 0
428 0.421284200827867 0.35485102830156 0
429 0.489002037589046 0.0536904087796343 0
430 0.524937977642222 0.0438896978559388 0
431 0.398415875339398 0.32544889553081 0
432 0.683463761580704 0.247708562918737 0
433 0.61432324278767 0.303382119193034 0
434 0.47768108319849 0.340648162717744 0
435 0.467581051053404 0.114713586964156 0
436 0.561533764188654 0.0890901197451849 0
437 0.417892993021293 0.263777761061712 0
438 0.648487865745724 0.200888250318032 0
439 0.605642886841259 0.279197457693316 0
440 0.479059630536378 0.313720163958642 0
441 0.487657585372406 0.127502070091223 0
442 0.546479802803613 0.111459647155273 0
443 0.441627310352745 0.265592895151342 0
444 0.627032784088833 0.215027765950066 0
445 0.580555555555277 0.433333333333257 0
446 0.39033167059799 0.379350879494525 0
447 0.708442559293017 0.292593364394979 0
448 0.642892436774825 0.628055756110267 0
449 0.630418734564907 0.447483694943968 0
450 0.547032675072566 0.470225347533024 0
451 0.564215257028359 0.38229095752278 0
452 0.517014558199211 0.415301428678323 0
453 0.62327399634519 0.386321581910937 0
454 0.601378112121432 0.498376989410511 0
455 0.445250655357697 0.394935996791054 0
456 0.671520674268881 0.333225991632817 0
457 0.624895337039254 0.571838011575899 0
458 0.680532001681925 0.461705027504071 0
459 0.513341661031173 0.507302393136569 0
460 0.547793003952734 0.330992579359131 0
461 0.664131168822131 0.457050737097957 0
462 0.524367896636199 0.495167993149061 0
463 0.553167601207502 0.347781269752754 0
464 0.702192556660513 0.329218389391959 0
465 0.650860398052663 0.59191825991804 0
466 0.417144670419207 0.406958722004032 0
467 0.424549652005833 0.369062639766077 0
468 0.614924457999486 0.601718970841735 0
469 0.673661598193963 0.301123018077699 0
470 0.691670288578032 0.388823020107332 0
471 0.663513722359992 0.532918388401605 0
472 0.461075415853602 0.451712530851012 0
473 0.480435368863058 0.352635124271863 0
474 0.569561009224742 0.558541855620576 0
475 0.617077528452239 0.315369080747154 0
476 0.666619079523522 0.38731178410764 0
477 0.640535257012525 0.520799581665727 0
478 0.481213605787434 0.437876913308917 0
479 0.493334547560992 0.375846211290454 0
480 0.581713039581318 0.536842004601677 0
481 0.619917803865874 0.341323505025128 0
482 0.480555555556475 0.783333333333419 0
483 0.307683173618634 0.711999376474792 0
484 0.63543378621353 0.654161033075124 0
485 0.498549706837261 0.983839590450341 0
486 0.525870404048415 0.802032025461937 0
487 0.439957494268422 0.817193127187967 0
488 0.475838768352588 0.730774847350353 0
489 0.422810527553731 0.759505459325013 0
490 0.532289948673838 0.740185561480098 0
491 0.486566190441857 0.850308979195146 0
492 0.357592656390213 0.732593995759579 0
493 0.590719342541144 0.691453992320775 0
494 0.493354667738069 0.925952011919902 0
495 0.571412528556867 0.820824500630725 0
496 0.39915581394699 0.851222744385708 0
497 0.471098324165569 0.677952754983824 0
498 0.556507717613311 0.814674188308333 0
499 0.41250919475507 0.84008569234239 0
500 0.472649754301045 0.695240119349534 0
501 0.621369185668538 0.690237147802009 0
502 0.514175560340346 0.948407710215452 0
503 0.327683484692629 0.742064036210033 0
504 0.343146828594119 0.704821334700335 0
505 0.477150652406768 0.954941517497913 0
506 0.59980762163645 0.659528253574772 0
507 0.598139475343026 0.748916519354596 0
508 0.539341940005335 0.890527484747179 0
509 0.36055687920269 0.790842859850363 0
510 0.400985016369509 0.693473684419176 0
511 0.44254217495689 0.907609796226485 0
512 0.541767847461401 0.668629655402715 0
513 0.574150992442168 0.74512329619705 0
514 0.519681833669185 0.876309580004075 0
515 0.383127171017095 0.778833382331218 0
516 0.408438549426593 0.717872175175171 0
517 0.459077124800665 0.887004528628036 0
518 0.538857661983146 0.694857037664964 0
