1 0.824954538845755 0.574297724647532 0
2 0.882291546699126 0.553151945346074 0
3 0.76921176782559 0.599320612460522 0
4 0.932856221065676 0.533848012643388 0
5 0.719591251394737 0.620920692568964 0
6 0.681496437099889 0.637371507325907 0
7 0.971582891642006 0.518933842452655 0
8 0.658940203573408 0.647076629480487 0
9 0.99448823154675 0.510077730484266 0
10 0.830233753076029 0.587136523751958 0
11 0.779595414253541 0.617199633248419 0
12 0.887483009090662 0.573150851924005 0
13 0.936454869232047 0.559527352880256 0
14 0.735109749992939 0.641733348309954 0
15 0.701345933758813 0.659873624980174 0
16 0.973285366454047 0.548845099204234 0
17 0.681496437099889 0.670395573053362 0
18 0.994837337925012 0.542463489283415 0
19 0.841478010907375 0.614482026525295 0
20 0.89711366690073 0.609727281893033 0
21 0.798489473333656 0.649993964474022 0
22 0.942945950443206 0.604317759247974 0
23 0.762024765780496 0.678184988489603 0
24 0.735109749992939 0.698392062927713 0
25 0.976352047441921 0.599896687045322 0
26 0.719591251394737 0.709838524248524 0
27 0.995469194206493 0.597201967714938 0
28 0.859072928219304 0.657272032532516 0
29 0.911225261901954 0.662315941255612 0
30 0.825466142862998 0.697330019443419 0
31 0.952313526432522 0.665580394200413 0
32 0.798489473333656 0.728384297537181 0
33 0.779595414253541 0.749775113815069 0
34 0.980838243322704 0.667610881827539 0
35 0.882638888888969 0.714583333332844 0
36 0.76921176782559 0.761387081729315 0
37 0.996413352142191 0.66862430469984 0
38 0.929770810228298 0.728806575867141 0
39 0.859072928219304 0.757671391598874 0
40 0.964960644852158 0.739425993416311 0
41 0.841478010907375 0.789841980056926 0
42 0.830233753076029 0.810401007689479 0
43 0.987449160514848 0.746212468557097 0
44 0.911225261901954 0.784104039299502 0
45 0.824954538845755 0.820053535483336 0
46 0.998007588975396 0.749398739867663 0
47 0.952313526432522 0.805638420568318 0
48 0.89711366690073 0.828175641324097 0
49 0.887483009090662 0.858939484922575 0
50 0.980838243322704 0.820824034259459 0
51 0.882291546699126 0.87580508283817 0
52 0.996413352142191 0.829210972923142 0
53 0.942945950443206 0.861247252260954 0
54 0.936454869232047 0.902119964643255 0
55 0.976352047441921 0.885830584190562 0
56 0.932856221065676 0.92562733971463 0
57 0.995469194206493 0.900063463106619 0
58 0.973285366454047 0.935031275814125 0
59 0.994837337925012 0.954420584492515 0
60 0.971582891642006 0.963915003389209 0
61 0.99448823154675 0.986595640033779 0
62 0.186438952708581 0.43502422298841 0
63 0.125369950261231 0.453116552167574 0
64 0.245809951428258 0.412969885111327 0
65 0.0715140840720292 0.469727691560865 0
66 0.298660205614941 0.394012317712151 0
67 0.339234564035472 0.379590220876182 0
68 0.0302667426298025 0.482579494679538 0
69 0.363258954773726 0.371086318258484 0
70 0.00587052261292666 0.490215795647113 0
71 0.180816120984031 0.421904282297742 0
72 0.234750446357072 0.394537889069852 0
73 0.119840582033562 0.432841177178233 0
74 0.0676812043682038 0.44385670733877 0
75 0.282131627226332 0.37237323305171 0
76 0.318093088304084 0.356031029435327 0
77 0.0284534558477478 0.452577573588813 0
78 0.339234564035472 0.346566155148678 0
79 0.00549869333430433 0.457811445383984 0
80 0.168839988382604 0.393959972894301 0
81 0.109583076673731 0.395751871941166 0
82 0.214626596449267 0.360737365348822 0
83 0.0607676267468547 0.398720622089922 0
84 0.253464746505869 0.334488248836003 0
85 0.282131627226332 0.315714518433866 0
86 0.0251871684050432 0.401362671375514 0
87 0.298660205614941 0.305094486032457 0
88 0.00482571031260846 0.403039317801295 0
89 0.150099839766355 0.350232959456215 0
90 0.0945529754890013 0.342411707519281 0
91 0.185894049021577 0.31196468300799 0
92 0.0507903268765815 0.336959122143884 0
93 0.214626596449267 0.282347032285545 0
94 0.234750446357072 0.261962408503002 0
95 0.0204089716089457 0.333409566753394 0
96 0.12499999999986 0.291666666667494 0
97 0.245809951428258 0.25090341584229 0
98 0.00382009831009034 0.33156670021616 0
99 0.0748003204668683 0.274933440156559 0
100 0.150099839766355 0.249833600389706 0
101 0.037320023234372 0.262440007745773 0
102 0.168839988382604 0.218600019362406 0
103 0.180816120984031 0.198639798359886 0
104 0.0133677580315166 0.254455919344852 0
105 0.0945529754890013 0.220623609475209 0
106 0.186438952708581 0.189268412152237 0
107 0.00212209458241712 0.250707364861833 0
108 0.0507903268765815 0.196901095775769 0
109 0.109583076673731 0.177303512509774 0
110 0.119840582033562 0.147052544179234 0
111 0.0204089716089457 0.180196414321244 0
112 0.125369950261231 0.130463414674993 0
113 0.00382009831009034 0.170980031992616 0
114 0.0607676267468547 0.141791129076556 0
115 0.0676812043682038 0.101264095575257 0
116 0.0251871684050432 0.115428774229845 0
117 0.0715140840720292 0.0779483644890348 0
118 0.00482571031260846 0.100177822409158 0
119 0.0284534558477478 0.066391396978341 0
120 0.00549869333430433 0.0458543501742649 0
121 0.0302667426298025 0.0375983337423146 0
122 0.00587052261292666 0.0136978860968831 0
123 0.1892684121518 0.186438952709 0
124 0.130463414674677 0.125369950261512 0
125 0.250903415841704 0.24580995142881 0
126 0.0779483644888309 0.0715140840721898 0
127 0.305094486031743 0.298660205615612 0
128 0.346566155147867 0.339234564036234 0
129 0.0375983337421974 0.0302667426298705 0
130 0.371086318257616 0.363258954774541 0
131 0.0136978860968172 0.00587052261293984 0
132 0.19863979835936 0.180816120984437 0
133 0.261962408502292 0.234750446357599 0
134 0.147052544178782 0.119840582033831 0
135 0.101264095574878 0.0676812043683557 0
136 0.315714518433006 0.282131627226965 0
137 0.356031029434357 0.318093088304798 0
138 0.0663913969780216 0.0284534558478117 0
139 0.379590220875149 0.339234564036234 0
140 0.0458543501739808 0.00549869333431667 0
141 0.218600019361692 0.168839988382983 0
142 0.177303512509072 0.109583076673977 0
143 0.282347032284608 0.214626596449748 0
144 0.141791129075873 0.0607676267469911 0
145 0.334488248834888 0.253464746506438 0
146 0.372373233050469 0.282131627226965 0
147 0.11542877422918 0.0251871684050998 0
148 0.394012317710838 0.298660205615612 0
149 0.100177822408505 0.00482571031261929 0
150 0.249833600388698 0.150099839766692 0
151 0.220623609474148 0.0945529754892135 0
152 0.311964683006724 0.185894049021994 0
153 0.196901095774671 0.0507903268766955 0
154 0.360737365347357 0.214626596449748 0
155 0.394537889068249 0.234750446357599 0
156 0.180196414320123 0.0204089716089915 0
157 0.29166666666609 0.12500000000014 0
158 0.41296988510965 0.24580995142881 0
159 0.170980031991482 0.00382009831009891 0
160 0.274933440155043 0.0748003204670362 0
161 0.35023295945453 0.150099839766692 0
162 0.262440007744174 0.0373200232344558 0
163 0.393959972892406 0.168839988382983 0
164 0.421904282295713 0.180816120984437 0
165 0.254455919343199 0.0133677580315466 0
166 0.3424117075174 0.0945529754892135 0
167 0.435024222986318 0.186438952709 0
168 0.250707364860154 0.00212209458242188 0
169 0.336959122141843 0.0507903268766955 0
170 0.395751871938992 0.109583076673977 0
171 0.432841177175857 0.119840582033831 0
172 0.333409566751241 0.0204089716089915 0
173 0.453116552165085 0.125369950261512 0
174 0.331566700213945 0.00382009831009891 0
175 0.398720622087509 0.0607676267469911 0
176 0.443856707336084 0.0676812043683557 0
177 0.401362671372924 0.0251871684050998 0
178 0.469727691558023 0.0715140840721898 0
179 0.403039317798602 0.00482571031261929 0
180 0.452577573585892 0.0284534558478117 0
181 0.457811445380925 0.00549869333431667 0
182 0.482579494676423 0.0302667426298705 0
183 0.490215795643838 0.00587052261293984 0
184 0.822125079402541 0.82288299492657 0
185 0.877198082285687 0.880898547251643 0
186 0.764118303412151 0.766480546142788 0
187 0.926421940648884 0.932061620131465 0
188 0.713156970977945 0.71627280466536 0
189 0.674164845987505 0.677727164165795 0
190 0.964251300529622 0.971246594501642 0
191 0.651112840089529 0.654903992964418 0
192 0.986660868062871 0.994423003517711 0
193 0.812410075700727 0.8282246850649 0
194 0.752383452108362 0.776987075960431 0
195 0.860271046945483 0.886151447067937 0
196 0.902871978025424 0.935702855850105 0
197 0.701526858786315 0.731974954134564 0
198 0.663407992628596 0.697811566110646 0
199 0.935347425323831 0.972969216944597 0
200 0.641140780260273 0.677727164165795 0
201 0.954481681085396 0.994776241332403 0
202 0.791717979928361 0.839602011036274 0
203 0.829393231065491 0.895896077159792 0
204 0.730769037498417 0.796104733372876 0
205 0.861922448114309 0.942270754590397 0
206 0.681001263451599 0.759208490819046 0
207 0.644868144168938 0.731974954134564 0
208 0.88611044161792 0.976072190015171 0
209 0.624239139298984 0.71627280466536 0
210 0.90011708211074 0.995415575203015 0
211 0.759339167597112 0.857405152221738 0
212 0.785154627916997 0.910174673285308 0
213 0.699395508878041 0.823400653429224 0
214 0.806202757534652 0.951749189467172 0
215 0.652378704435785 0.796104733372876 0
216 0.619807971542604 0.776987075960431 0
217 0.821050800611767 0.980611476971471 0
218 0.715972222222989 0.881249999999947 0
219 0.60205183414445 0.766480546142788 0
220 0.829253418461051 0.996370906605409 0
221 0.729637690540424 0.928939695556363 0
222 0.65893980853143 0.857405152221738 0
223 0.739840660342694 0.964545977927291 0
224 0.616358026397911 0.839602011036274 0
225 0.58914559176471 0.8282246850649 0
226 0.746360999203529 0.987300629870039 0
227 0.663366529873928 0.910174673285308 0
228 0.576369268568392 0.82288299492657 0
229 0.749422318698033 0.997984010146701 0
230 0.666144731167691 0.951749189467172 0
231 0.610944871635898 0.895896077159792 0
232 0.574482413948837 0.886151447067937 0
233 0.667837648180879 0.980611476971471 0
234 0.554544944795764 0.880898547251643 0
235 0.66866675023883 0.996370906605409 0
236 0.604992955103059 0.942270754590397 0
237 0.560279366264732 0.935702855850105 0
238 0.600176544474606 0.976072190015171 0
239 0.534642613580281 0.932061620131465 0
240 0.597255586721098 0.995415575203015 0
241 0.54916124871654 0.972969216944597 0
242 0.542524585879071 0.994776241332403 0
243 0.519270139596065 0.971246594501642 0
244 0.510142958516567 0.994423003517711 0
245 0.611585515189045 0.139829214531349 0
246 0.578225935398184 0.094027462695865 0
247 0.648482602745905 0.184357463571079 0
248 0.548150829457716 0.0536355630539887 0
249 0.680652733691626 0.223995154211067 0
250 0.705218420132631 0.254425923026447 0
251 0.524987190978583 0.0227000569723378 0
252 0.719728420434835 0.272444216080126 0
253 0.511251835006845 0.00440289195969227 0
254 0.623299747948566 0.13561209073794 0
255 0.664149722519576 0.176062834767695 0
256 0.597118968330587 0.0898804365251156 0
257 0.573063593753823 0.0507609032761214 0
258 0.698159673754912 0.211598720419618 0
259 0.723492242640642 0.238569816227915 0
260 0.554535790373752 0.0213400918857976 0
261 0.738242485860085 0.254425923026447 0
262 0.54356322795027 0.00412402000072569 0
263 0.648250024201631 0.126629991286874 0
264 0.63164389722766 0.0821873075052473 0
265 0.692919283763641 0.16096994733685 0
266 0.616471284597279 0.0455757200601128 0
267 0.728877937790499 0.190098559879284 0
268 0.754818388372671 0.211598720419618 0
269 0.604934120726303 0.0188903763037707 0
270 0.769570565371186 0.223995154211067 0
271 0.598167109777454 0.0036192827344541 0
272 0.687292000485623 0.112574879824697 0
273 0.681226536353309 0.070914731616707 0
274 0.734508829247531 0.139420536766096 0
275 0.675738459575674 0.0380927451574125 0
276 0.7713096168268 0.16096994733685 0
277 0.796725203086227 0.176062834767695 0
278 0.671692676149306 0.0153067287066998 0
279 0.739583333332679 0.0937499999998366 0
280 0.810549072014698 0.184357463571079 0
281 0.669388324361853 0.00286507373256598 0
282 0.743766639960433 0.0561002403501165 0
283 0.787691359551981 0.112574879824697 0
284 0.746889998063145 0.0279900174257617 0
285 0.823609977733262 0.126629991286874 0
286 0.846564231886087 0.13561209073794 0
287 0.748886020163385 0.0100258185236313 0
288 0.803014634397199 0.070914731616707 0
289 0.857341326024849 0.139829214531349 0
290 0.749823158784144 0.00159157093681185 0
291 0.815796485943578 0.0380927451574125 0
292 0.850092256658723 0.0821873075052473 0
293 0.882907601329157 0.0898804365251156 0
294 0.824905828581225 0.0153067287066998 0
295 0.90087907289028 0.094027462695865 0
296 0.829974992585156 0.00286507373256598 0
297 0.873400777610259 0.0455757200601128 0
298 0.915656205516822 0.0507609032761214 0
299 0.890868017871543 0.0188903763037707 0
300 0.939930156528958 0.0536355630539887 0
301 0.901028605169136 0.0036192827344541 0
302 0.940721966983643 0.0213400918857976 0
303 0.95552032315937 0.00412402000072569 0
304 0.969968351915137 0.0227000569723378 0
305 0.987769744556358 0.00440289195969227 0
306 0.860170785468082 0.142658673974568 0
307 0.905972537303752 0.0991209271093112 0
308 0.815642536428171 0.189450927984525 0
309 0.946364436945793 0.0600698434707904 0
310 0.776004845788022 0.230429434627869 0
311 0.745574076972519 0.261757514138841 0
312 0.97729994302757 0.0300316480847327 0
313 0.727555783918766 0.280271579564016 0
314 0.99559710804029 0.0122302554435828 0
315 0.864387909261509 0.153435768113268 0
316 0.823937165231589 0.203274796912915 0
317 0.910119563474519 0.117092398670336 0
318 0.949239096723672 0.0843437944827956 0
319 0.788401279579522 0.245181611626292 0
320 0.761430183771115 0.276507757358189 0
321 0.978659908114116 0.0592780330160714 0
322 0.745574076972519 0.294781579866123 0
323 0.995875979999258 0.0444796768404021 0
324 0.873370008712611 0.176390022265963 0
325 0.917812692494418 0.149907743340588 0
326 0.839030052662495 0.228690383172191 0
327 0.954424279939702 0.126599222389131 0
328 0.809901440119942 0.271122062208303 0
329 0.788401279579522 0.301840326243755 0
330 0.981109623696152 0.109131982127908 0
331 0.776004845788022 0.319347266306964 0
332 0.996380717265531 0.0989713948303507 0
333 0.887425120174845 0.212308640447039 0
334 0.929085268383005 0.196985365601854 0
335 0.860579463233337 0.265491170751243 0
336 0.961907254842433 0.184203514055502 0
337 0.839030052662495 0.30708071623494 0
338 0.823937165231589 0.335850277478872 0
339 0.984693271293238 0.175094171417877 0
340 0.906249999999782 0.260416666666067 0
341 0.815642536428171 0.351517397252471 0
342 0.997134926267422 0.170025007413958 0
343 0.943899759649655 0.256233360038292 0
344 0.887425120174845 0.312707999512872 0
345 0.972009982574125 0.253110001935564 0
346 0.873370008712611 0.351749975796676 0
347 0.864387909261509 0.376700252049621 0
348 0.989974181476328 0.251113979835313 0
349 0.929085268383005 0.318773463645106 0
350 0.860170785468082 0.388414484809086 0
351 0.998408429063182 0.250176841214549 0
352 0.961907254842433 0.324261540422674 0
353 0.917812692494418 0.368356102770509 0
354 0.910119563474519 0.402881031667411 0
355 0.984693271293238 0.328307323848995 0
356 0.905972537303752 0.421774064599719 0
357 0.997134926267422 0.33061167563642 0
358 0.954424279939702 0.383528715400767 0
359 0.949239096723672 0.426936406244002 0
360 0.981109623696152 0.395065879271651 0
361 0.946364436945793 0.451849170539983 0
362 0.996380717265531 0.401832890220448 0
363 0.978659908114116 0.445464209623942 0
364 0.995875979999258 0.456436772047347 0
365 0.97729994302757 0.475012809018959 0
366 0.99559710804029 0.488748164990603 0
367 0.394629116568191 0.853956153711655 0
368 0.425953062944289 0.901793538962065 0
369 0.359711062301836 0.807448871381255 0
370 0.454232973345249 0.943980634143594 0
371 0.329302606495538 0.766049505601698 0
372 0.306089398668448 0.734266258172292 0
373 0.476021700443076 0.976291051606662 0
374 0.292380211390792 0.715447152093999 0
375 0.488943849080978 0.995401423953209 0
376 0.38272745608451 0.858360705229217 0
377 0.343675292359119 0.816112150353681 0
378 0.406875717737611 0.906124877407071 0
379 0.429192446392316 0.946983056578256 0
380 0.311244713819298 0.778996892006106 0
381 0.28711086030273 0.750827080828542 0
382 0.44641265815513 0.977711459585938 0
383 0.273065332940944 0.734266258172292 0
384 0.456620061828217 0.995692690221463 0
385 0.357377975411379 0.867742009100333 0
386 0.372008871995175 0.914159923272269 0
387 0.314234936118117 0.831875832781457 0
388 0.385554302961428 0.952398692381645 0
389 0.279570887093029 0.801452615237128 0
390 0.254585999201454 0.778996892006106 0
391 0.395905451554418 0.980270051416055 0
392 0.240384774815844 0.766049505601698 0
393 0.401993747233563 0.996219860255125 0
394 0.317711327506817 0.882421792183056 0
395 0.321925229496651 0.925933502533638 0
396 0.271687639053288 0.854382994933141 0
397 0.325954551320618 0.96021424394669 0
398 0.23584460305484 0.831875832781457 0
399 0.21109981179227 0.816112150353681 0
400 0.328987622904786 0.984012972239664 0
401 0.264583333334173 0.902083333333472 0
402 0.197644593032799 0.807448871381255 0
403 0.330739012248974 0.997007589657097 0
404 0.258726704055394 0.941406415634304 0
405 0.217311968440308 0.882421792183056 0
406 0.254354002711654 0.970765981799751 0
407 0.182018021879484 0.867742009100333 0
408 0.159462972146653 0.858360705229217 0
409 0.251559571771354 0.989528589541982 0
410 0.200137131452578 0.925933502533638 0
411 0.148873305732018 0.853956153711655 0
412 0.250247577702309 0.998337692577107 0
413 0.185896524952503 0.96021424394669 0
414 0.153560512563783 0.914159923272269 0
415 0.121087084738612 0.906124877407071 0
416 0.175774470472636 0.984012972239664 0
417 0.103299925451708 0.901793538962065 0
418 0.17015234402543 0.997007589657097 0
419 0.128624809948062 0.952398692381645 0
420 0.0865998346288028 0.946983056578256 0
421 0.109971554408749 0.980270051416055 0
422 0.0624536462734183 0.943980634143594 0
423 0.0991322518414255 0.996219860255125 0
424 0.0602264815446582 0.977711459585938 0
425 0.0446629666184981 0.995692690221463 0
426 0.0310405395058531 0.976291051606662 0
427 0.0124259395307482 0.995401423953209 0
428 0.14604384628878 0.85112669426844 0
429 0.0982064610382279 0.896700074548626 0
430 0.192551128619319 0.802355406967816 0
431 0.0560193658565733 0.937546353726802 0
432 0.233950494398999 0.759615225184906 0
433 0.2657337418285 0.726934667059908 0
434 0.023708948393409 0.968959460494278 0
435 0.284552847906849 0.70761978861012 0
436 0.0045985760468049 0.98757406046933 0
437 0.141639294771205 0.840537027853915 0
438 0.183887849646867 0.788900188208502 0
439 0.0938751225932087 0.878912915261892 0
440 0.0530169434219019 0.913400165371632 0
441 0.221003107994553 0.745414000799482 0
442 0.249172919172201 0.712889139698325 0
443 0.0222885404141289 0.939773518455721 0
444 0.2657337418285 0.693910601332676 0
445 0.00430730977854995 0.955337033381847 0
446 0.132257990900061 0.817981978121319 0
447 0.0858400767279864 0.84643948743703 0
448 0.168124167219043 0.764155396946218 0
449 0.0476013076184973 0.871375190052748 0
450 0.198547384763464 0.720429112908231 0
451 0.221003107994553 0.688755286182104 0
452 0.0197299485840035 0.890028445592054 0
453 0.233950494398999 0.670697393505945 0
454 0.00378013974488677 0.900867748159371 0
455 0.117578207817294 0.782688031560864 0
456 0.0740664974665831 0.79986286854868 0
457 0.145617005067293 0.728312360948184 0
458 0.039785756053429 0.814103475048819 0
459 0.168124167219043 0.685765063883587 0
460 0.183887849646867 0.656324707642744 0
461 0.0159870277603837 0.824225529528727 0
462 0.0979166666668195 0.735416666667492 0
463 0.192551128619319 0.640288937700115 0
464 0.00299241034291213 0.829847655975956 0
465 0.0585935843658708 0.74127329594643 0
466 0.117578207817294 0.682288672495182 0
467 0.0292340182003365 0.745645997290287 0
468 0.132257990900061 0.642622024590869 0
469 0.141639294771205 0.617272543917898 0
470 0.0104714104580495 0.748440428230662 0
471 0.0740664974665831 0.678074770505611 0
472 0.14604384628878 0.605370883434292 0
473 0.00166230742289787 0.749752422299744 0
474 0.039785756053429 0.674045448681858 0
475 0.0858400767279864 0.627991128007438 0
476 0.0938751225932087 0.593124282265246 0
477 0.0159870277603837 0.671012377097839 0
478 0.0982064610382279 0.574046937058703 0
479 0.00299241034291213 0.669260987753735 0
480 0.0476013076184973 0.614445697041498 0
481 0.0530169434219019 0.570807553610941 0
482 0.0197299485840035 0.60409454844874 0
483 0.0560193658565733 0.545767026658198 0
484 0.00378013974488677 0.598006252769729 0
485 0.0222885404141289 0.55358734184843 0
486 0.00430730977854995 0.543379938175522 0
487 0.023708948393409 0.523978299560721 0
488 0.0045985760468049 0.511056150923026 0
489 0.858178374443478 0.392057413842238 0
490 0.902385889445944 0.428331900032047 0
491 0.812055888570362 0.358075232684798 0
492 0.941833631152287 0.460133306576634 0
493 0.771474039994515 0.327631402343616 0
494 0.74041141489753 0.304221003423354 0
495 0.972137280952582 0.484452232576189 0
496 0.722044015465516 0.290349310049549 0
497 0.99008533958704 0.498825895476136 0
498 0.851837069776357 0.399648236670411 0
499 0.804775408554293 0.370885678740926 0
500 0.890957806797222 0.437916432929464 0
501 0.925591144165593 0.470174378672698 0
502 0.764753327021443 0.34507829867245 0
503 0.734715550225162 0.325352856563532 0
504 0.951945274568163 0.494309308829285 0
505 0.717156968614525 0.313715422320048 0
506 0.967458871641264 0.508394680228553 0
507 0.838330653564768 0.415816015682404 0
508 0.87012621892694 0.455546163908717 0
509 0.791343579095017 0.394270777373148 0
510 0.897370230382908 0.487846474649626 0
511 0.752847390563148 0.375439821457162 0
512 0.724856148811569 0.361367679125144 0
513 0.9175644929282 0.511251946770503 0
514 0.708861066853698 0.353195278951626 0
515 0.929236938331208 0.524598734544205 0
516 0.817195930403144 0.441115216314441 0
517 0.840310530284959 0.481089404901366 0
518 0.771804725135291 0.427807112007503 0
519 0.859020921743162 0.51237915537941 0
520 0.736143719563225 0.416807998128927 0
521 0.711420174322251 0.409001129404042 0
522 0.8721762803839 0.534033656340122 0
523 0.788888888888751 0.474999999999347 0
524 0.697934083127297 0.404669342599827 0
525 0.879426472966548 0.545830090251721 0
526 0.80297268786896 0.513904751637427 0
527 0.74649804839415 0.469980032046174 0
528 0.813487993481499 0.54295198199262 0
529 0.714848019619985 0.466232002323019 0
530 0.694621662337538 0.463836775802793 0
531 0.820207934552357 0.561514987524838 0
532 0.754551411246003 0.516103483089173 0
533 0.685125324313838 0.462712209457911 0
534 0.823362967908937 0.570230376697892 0
535 0.760396728176088 0.552645837960399 0
536 0.716302165828074 0.518350067245484 0
537 0.68971497772806 0.520080664916995 0
538 0.764288685546779 0.578082437664535 0
539 0.675184305129342 0.521094677061522 0
540 0.766346694093012 0.591998757366169 0
541 0.716449045720198 0.561713703891254 0
542 0.684348846716611 0.568669754555089 0
543 0.716219373689091 0.593457942200201 0
544 0.665955688340531 0.572769863110221 0
545 0.715971968660269 0.611671414469781 0
546 0.680005841872928 0.605337834605225 0
547 0.677372417099146 0.626832345101805 0
548 0.658796380127459 0.612384316346136 0
549 0.654537311613697 0.635824794472357 0
550 0.332482798997362 0.540395106420666 0
551 0.31792107888055 0.593405489865671 0
552 0.344016412466486 0.487016822168013 0
553 0.305464578471028 0.640425085064804 0
554 0.354679571471515 0.439779344368342 0
555 0.362943512428881 0.403568520434904 0
556 0.296000484458302 0.676490096010215 0
557 0.367857530820531 0.382142469179515 0
558 0.290423370519776 0.697835584255238 0
559 0.322455415755236 0.539176826213728 0
560 0.32862556895028 0.487662171333263 0
561 0.303728431680428 0.589165884819143 0
562 0.288684312362757 0.632611993519091 0
563 0.335148570648234 0.443180786660868 0
564 0.340381628718213 0.40961837128201 0
565 0.277626375019949 0.665466713285391 0
566 0.343541873814022 0.389946093322473 0
567 0.271232435162804 0.684746112442165 0
568 0.301097979282665 0.53658199748352 0
569 0.277707243892775 0.581516935823251 0
570 0.300466673177253 0.488728493354759 0
571 0.259315011510319 0.619149734996761 0
572 0.301066054124367 0.448933945876109 0
573 0.301861575810336 0.41980906688129 0
574 0.246190276399597 0.64677667217368 0
575 0.302440345359828 0.403100738800912 0
576 0.238776204711607 0.662654542984927 0
577 0.267678047583649 0.53252163195016 0
578 0.240169980556294 0.570724068466445 0
579 0.25996054648816 0.49003945351258 0
580 0.218914494095625 0.601114519089247 0
581 0.254412352502696 0.456392480966548 0
582 0.250737474117456 0.432974785600098 0
583 0.204296821255812 0.622309754961153 0
584 0.222916666666679 0.527083333334299 0
585 0.24880236177117 0.420164403595343 0
586 0.196371226929409 0.633922107183295 0
587 0.192378528284162 0.557621471717012 0
588 0.208693424132226 0.491106896335725 0
589 0.169578014134433 0.580421985866888 0
590 0.19807400658294 0.464246016652488 0
591 0.191287531442081 0.447080226590475 0
592 0.155007052802721 0.594992947198694 0
593 0.168619472955584 0.520486478023872 0
594 0.188101260131479 0.439020834451969 0
595 0.148165940871198 0.601834059130262 0
596 0.136630403604568 0.543340583213098 0
597 0.14936883272716 0.491406987558891 0
598 0.135827609793945 0.47127807370848 0
599 0.114284094202154 0.559109329583655 0
600 0.128362360604143 0.46031107065159 0
601 0.102026559348318 0.567680106541883 0
602 0.108368934365352 0.513166319130028 0
603 0.0874111529522076 0.49129254116835 0
604 0.0782041118269455 0.528828939602517 0
605 0.075294223816916 0.478816112649627 0
606 0.0608450761691817 0.537724176137181 0
607 0.0507419962618768 0.506164915435496 0
608 0.0292076417277133 0.514813810670209 0
609 0.0345740524083525 0.492935367125828 0
610 0.0104690986597316 0.501271946568144 0
611 0.470291020273727 0.673302324334194 0
612 0.412982640992193 0.681980588116078 0
613 0.526731530983331 0.661907254588033 0
614 0.362336649969576 0.690068275212146 0
615 0.57686354253799 0.652210588287936 0
616 0.61532958292321 0.644853726881945 0
617 0.323526640484374 0.696348363783423 0
618 0.638099848297495 0.640521212562745 0
619 0.300566329034347 0.700085951256828 0
620 0.467417128503375 0.664305793574913 0
621 0.519880698741923 0.649097000685911 0
622 0.411354715769664 0.668248644740028 0
623 0.36312835728039 0.672721133847786 0
624 0.565664867757613 0.636979396704395 0
625 0.600336165499197 0.628100599283649 0
626 0.326787623734742 0.676373871360204 0
627 0.620695993603849 0.622975283337564 0
628 0.305501004608142 0.678597928455001 0
629 0.46129599406259 0.645143981412626 0
630 0.408249698793299 0.643121365146909 0
631 0.507457467470243 0.625614111850805 0
632 0.364307966611986 0.642443991916055 0
633 0.546299690828925 0.61032780528922 0
634 0.574871908882875 0.599442998270228 0
635 0.332202142218202 0.642267074740886 0
636 0.591312690185724 0.593302524800382 0
637 0.313802333511158 0.642274940684611 0
638 0.451717695880864 0.615159743626625 0
639 0.403536510429201 0.60696937573671 0
640 0.489803079876677 0.591745863481123 0
641 0.365461641996332 0.600986561125662 0
642 0.520195896592836 0.573680516196599 0
643 0.541424214333714 0.561265744810736 0
644 0.338990599293715 0.596989323935794 0
645 0.438888888888982 0.575000000000226 0
646 0.553067332239156 0.554538218697739 0
647 0.32452135984966 0.594869860884518 0
648 0.396916379057154 0.561195088128715 0
649 0.468032591728928 0.548645168245337 0
650 0.365578686093259 0.550888006389825 0
651 0.489791986511097 0.528968012198226 0
652 0.503697607142735 0.516393072966695 0
653 0.345551931020835 0.544301133459069 0
654 0.423327076361067 0.526284760782845 0
655 0.510226339534008 0.510489099655902 0
656 0.33614930685921 0.541208576010581 0
657 0.388221071280811 0.50819811865717 0
658 0.443747557200369 0.49839932702421 0
659 0.457795368631308 0.478913675378973 0
660 0.363887736563567 0.495485610449913 0
661 0.465413775833954 0.468222884528127 0
662 0.350616693435596 0.48848119318686 0
663 0.406059009226034 0.472228202795403 0
664 0.418799656691129 0.445753528555396 0
665 0.378666400503679 0.452835867882663 0
666 0.426000790617797 0.430514471028131 0
667 0.363017326511645 0.441629199988149 0
668 0.389542877433006 0.420525529356824 0
669 0.372444032578721 0.40567635287969 0
670 0.395836079135593 0.401548344663731 0
671 0.378000489335103 0.384392836181105 0
672 0.546609738176656 0.326268167240349 0
673 0.491195820509114 0.339837414124675 0
674 0.601599154912271 0.309727413832592 0
675 0.442163147169828 0.352295768669601 0
676 0.650380425250924 0.295509238283257 0
677 0.687797914810324 0.284692665656317 0
678 0.404577411855001 0.361934621008572 0
679 0.709944216079939 0.278314738693065 0
680 0.382338153265728 0.367661846734233 0
681 0.545204030245494 0.316428211722377 0
682 0.596990899696599 0.295903416801525 0
683 0.491656857400001 0.324630882882714 0
684 0.445436826805424 0.332892530503087 0
685 0.642016381092129 0.279279924787974 0
686 0.676069816227644 0.267023272075727 0
687 0.410566819809219 0.339433180190595 0
688 0.696053931242107 0.259924616360763 0
689 0.390129383099234 0.343358584036959 0
690 0.542209997095084 0.295469979669857 0
691 0.49238126257597 0.296813903954996 0
692 0.588671155703587 0.270553024010827 0
693 0.450959533433051 0.299040466566551 0
694 0.627598559878893 0.250866186626276 0
695 0.656181059746431 0.236785888824718 0
696 0.420648639160146 0.301022003530736 0
697 0.672609883170598 0.228820864523687 0
698 0.403261595810006 0.302279488350066 0
699 0.53752495994094 0.262674719591389 0
700 0.493191219360681 0.256808780638701 0
701 0.576920536765579 0.23397351225531 0
702 0.458085491860825 0.252719341607161 0
703 0.608268738969186 0.211760274213546 0
704 0.630134769837939 0.196471806376686 0
705 0.43365508465207 0.250057175064298 0
706 0.531249999999206 0.218749999999977 0
707 0.642115772229076 0.188177561881178 0
708 0.420291740203991 0.248675025161375 0
709 0.493600240349392 0.206200080116809 0
710 0.562624799707286 0.187375200291733 0
711 0.465490017424967 0.196830005808744 0
712 0.586049985477566 0.16395001452133 0
713 0.601020151229332 0.148979848769486 0
714 0.447525818522792 0.190841939508068 0
715 0.523638243871358 0.16546770710592 0
716 0.60804869088501 0.141951309113771 0
717 0.439091570935951 0.188030523645811 0
718 0.493099998452461 0.147675821831389 0
719 0.546993352433205 0.132977634381943 0
720 0.563104015648949 0.110289408134107 0
721 0.471958372759678 0.13514731074053 0
722 0.571859104881355 0.0978475610059639 0
723 0.460438407259427 0.128235023994078 0
724 0.515191906685672 0.106343346807104 0
725 0.531084979745342 0.0759480716812216 0
726 0.492132113445761 0.0865715806721268 0
727 0.540107978936687 0.0584612733666079 0
728 0.478976969657191 0.0751333668066438 0
729 0.507113363960754 0.0497935477336093 0
730 0.493118656900509 0.0343907626305962 0
731 0.515822702088059 0.0281987503066545 0
732 0.50146763065195 0.0102734145726321 0
733 0.681588500009803 0.462004844597115 0
734 0.668817474612514 0.519821310958175 0
735 0.691567252610468 0.403395976496479 0
736 0.657912837819502 0.571161293006039 0
737 0.700818216332669 0.351586708847444 0
738 0.707992479724001 0.31188252454197 0
739 0.649631891236935 0.610551418568057 0
740 0.712259811110621 0.288392469178598 0
741 0.644753107258802 0.633867953601406 0
742 0.672342065618304 0.459380856459011 0
743 0.677405221640614 0.402198138867813 0
744 0.655700025046423 0.513277674380766 0
745 0.64237023270813 0.560274031753514 0
746 0.682877534803088 0.352971956323569 0
747 0.687293123812164 0.31586837128107 0
748 0.63258341545993 0.595853349322763 0
749 0.689966843847769 0.294132089213548 0
750 0.626927846049385 0.616743430891999 0
751 0.65264798089592 0.453791994578386 0
752 0.631651621033619 0.501419958286839 0
753 0.65149317476877 0.399877889170282 0
754 0.615169667808591 0.541457828309227 0
755 0.651568012651542 0.355183945875134 0
756 0.6519513197409 0.322517897216669 0
757 0.603417366408549 0.57089754074442 0
758 0.652283899874252 0.303793374319909 0
759 0.596781828540006 0.587833386446075 0
760 0.621830847615812 0.445046591890868 0
761 0.596963118764051 0.484585824593239 0
762 0.614216432653339 0.39628945351157 0
763 0.577758267052875 0.516118145736286 0
764 0.608705117971804 0.357743085149035 0
765 0.605041105164665 0.330938818063579 0
766 0.564554382157151 0.538135576987189 0
767 0.580555555555277 0.433333333333257 0
768 0.603105971467935 0.316285249264919 0
769 0.557396776990585 0.55020877394629 0
770 0.552806288257918 0.463871471715944 0
771 0.567029530792102 0.391081936392959 0
772 0.532088012843321 0.4866719858658 0
773 0.55693067292659 0.359536019555584 0
774 0.550476868135764 0.339376196343166 0
775 0.518847732911764 0.501242947197593 0
776 0.530487115248441 0.419124721894961 0
777 0.547446786595286 0.329911096273501 0
778 0.512631380060744 0.508084059129155 0
779 0.501309927660409 0.440836956563897 0
780 0.512415224844187 0.384003965093203 0
781 0.499707062868067 0.359666284144768 0
782 0.480925536454744 0.455783507555426 0
783 0.492702637064779 0.346395249557002 0
784 0.469743220585383 0.463893439776677 0
785 0.4749289862057 0.40335822581541 0
786 0.455371765454196 0.376130502931782 0
787 0.447345114216802 0.417208071029588 0
788 0.444066621793157 0.360579904706252 0
789 0.431469928972078 0.425045332673823 0
790 0.421790127393738 0.388278279395938 0
791 0.402067931581128 0.395316492218166 0
792 0.406746340892446 0.371374044565802 0
793 0.38465374829641 0.377739577219766 0
794 0.572372657104838 0.821220687503677 0
795 0.547350426311757 0.87790613690874 0
796 0.594857315660443 0.763488135799885 0
797 0.525554192491531 0.92828148038659 0
798 0.615150718210234 0.712492664920484 0
799 0.630784907813995 0.673419854387258 0
800 0.508914267149787 0.966939284723105 0
801 0.640056689168512 0.650305416917627 0
802 0.49908680759555 0.98982442747092 0
803 0.563969647472009 0.817753274606882 0
804 0.581371075012405 0.761000048200095 0
805 0.536045517418638 0.870164419307601 0
806 0.512843532435211 0.915972907266161 0
807 0.597432310339417 0.712245005550619 0
808 0.609820650781979 0.675523025696583 0
809 0.495573906869923 0.950680676530535 0
810 0.61716248070135 0.654018215772457 0
811 0.485522220592916 0.971067292939064 0
812 0.546071982639811 0.810367992836025 0
813 0.515289756018291 0.856110321106482 0
814 0.556723588818178 0.756318977319566 0
815 0.490547258063095 0.894669446972042 0
816 0.566555566411635 0.71160718320069 0
817 0.574060590559471 0.67895801071282 0
818 0.472710276247762 0.923055246593427 0
819 0.578472112642227 0.660253438808953 0
820 0.462570728385379 0.939396209346608 0
821 0.518065871652095 0.798811567856042 0
822 0.485291759369558 0.836108175818945 0
823 0.521320738373672 0.749334155962862 0
824 0.459763270098733 0.865909112739441 0
825 0.524387576429459 0.710264656645146 0
826 0.526683689278381 0.683111953367502 0
827 0.442137885350898 0.886736354378542 0
828 0.480555555556475 0.783333333333419 0
829 0.528004897086721 0.668274085104853 0
830 0.4325533439134 0.898164445567473 0
831 0.446949658980321 0.81136148773942 0
832 0.476651136037009 0.739826944404795 0
833 0.421858682221974 0.832287987027624 0
834 0.473736001807641 0.707344020136607 0
835 0.471873047847307 0.686585390294117 0
836 0.405823971350109 0.845661335099257 0
837 0.435054168926195 0.764557668218449 0
838 0.470998385134548 0.676839148638224 0
839 0.39829562443004 0.851940163858355 0
840 0.401989334221675 0.783625022248629 0
841 0.425179807752514 0.727771909941249 0
842 0.418157706306122 0.702263597421619 0
843 0.378937459972406 0.796723627325152 0
844 0.414256007095583 0.688347418632898 0
845 0.366311343270947 0.803819777986664 0
846 0.384563842194696 0.743723369827525 0
847 0.371524080082247 0.714699747856211 0
848 0.354762543674744 0.755069082021277 0
849 0.363945220073812 0.698111125733164 0
850 0.337640361535668 0.761465080804713 0
851 0.336272109017523 0.723796297773139 0
852 0.315589918818288 0.729042499504695 0
853 0.325359538262514 0.705512852673934 0
854 0.302523169905364 0.70987015561171 0
