1 0.997444514164716 0.504672456348434 0
2 0.944573204325002 0.527637974976114 0
3 0.946670523856444 0.597507740403621 0
4 0.990931103278542 0.623647515531975 0
5 0.847051232942161 0.628035838692762 0
6 0.706869999298462 0.624688395964123 0
7 0.953814200782588 0.736062273608346 0
8 0.754575618954019 0.675937021104107 0
9 0.653027638337479 0.645292364231779 0
10 0.894923111355601 0.744457980870103 0
11 0.741446714435332 0.725508005652275 0
12 0.847051232942161 0.779651887697418 0
13 0.990931103278542 0.870878949167397 0
14 0.946670523856444 0.870305238490804 0
15 0.915538848953034 0.901660402117131 0
16 0.997444514164716 0.993785179418313 0
17 0.828878078791125 0.583839588064987 0
18 0.990160509084661 0.747030686172833 0
19 0.828878078791125 0.812879725760706 0
20 0.996473463043444 0.580152437939804 0
21 0.872565860493203 0.567143272289728 0
22 0.785993545303418 0.60248936547403 0
23 0.917596947656274 0.650665935941449 0
24 0.812722771354359 0.6934843866213 0
25 0.706869999298462 0.698392905387005 0
26 0.917596947656274 0.799599677435783 0
27 0.996473463043444 0.917719119635412 0
28 0.944573204325002 0.938909166094605 0
29 0.885877698660248 0.606782080219147 0
30 0.815840864259218 0.610211778642976 0
31 0.957617780147032 0.679371156753194 0
32 0.80442118785963 0.64003947220312 0
33 0.998098855177109 0.718281484483919 0
34 0.80442118785963 0.741918877865161 0
35 0.957617780147032 0.795049041914217 0
36 0.885877698660248 0.824339371042211 0
37 0.846840033812077 0.842327639197279 0
38 0.0027218192328457 0.495463634613951 0
39 0.059034456931925 0.475313747871152 0
40 0.0568006254783188 0.405332290870862 0
41 0.00965917994001041 0.376835443465584 0
42 0.162904012250881 0.380109361920231 0
43 0.312209468202685 0.390922077446365 0
44 0.0491919754978136 0.266397325166909 0
45 0.261398749042942 0.33713291634835 0
46 0.369556361533884 0.373185453845198 0
47 0.111916212757299 0.26113782976807 0
48 0.275382197642721 0.288261104230087 0
49 0.162904012250881 0.228493312915347 0
50 0.00965917994001041 0.129604009829791 0
51 0.0568006254783188 0.132534792783268 0
52 0.0899586224168478 0.102837529003798 0
53 0.0027218192328457 0.00635091154333678 0
54 0.182260034423574 0.425273413656694 0
55 0.010479931152427 0.253493310385161 0
56 0.182260034423574 0.196233275960631 0
57 0.00375607486496954 0.420035365804073 0
58 0.13572866929712 0.439643161175687 0
59 0.227935868907502 0.408907427971789 0
60 0.0877665646264153 0.353722392290338 0
61 0.199466870746749 0.316488956916363 0
62 0.312209468202685 0.317217568023371 0
63 0.0877665646264153 0.204788650795779 0
64 0.00375607486496954 0.0824686841079572 0
65 0.059034456931925 0.0640425567520432 0
66 0.121550380125126 0.399295438787618 0
67 0.196145825049267 0.399595512609941 0
68 0.0451408258788806 0.322885884541201 0
69 0.208308793995569 0.370375967497059 0
70 0.00202488797704273 0.281819759915355 0
71 0.208308793995569 0.268496561834864 0
72 0.0451408258788806 0.207207999380004 0
73 0.121550380125126 0.181738147964227 0
74 0.163128958069906 0.165828808706343 0
75 0.0063509115433012 0.0027218192328518 0
76 0.0640425567518769 0.0590344569320575 0
77 0.132534792782631 0.0568006254784463 0
78 0.129604009828962 0.00965917994003209 0
79 0.228493312914534 0.162904012251247 0
80 0.317217568022637 0.312209468203385 0
81 0.26639732516533 0.049191975497924 0
82 0.337132916347254 0.261398749043528 0
83 0.37318545384434 0.369556361534713 0
84 0.313472978736967 0.111916212757551 0
85 0.395327027531672 0.275382197643339 0
86 0.380109361918398 0.162904012251247 0
87 0.37683544346309 0.00965917994003209 0
88 0.405332290868387 0.0568006254784463 0
89 0.457134885939927 0.0899586224170497 0
90 0.495463634610622 0.0027218192328518 0
91 0.196233275960123 0.182260034423983 0
92 0.253493310383496 0.0104799311524505 0
93 0.425273413654644 0.182260034423983 0
94 0.0824686841074186 0.00375607486497797 0
95 0.150842618357041 0.135728669297425 0
96 0.243049817967422 0.227935868908013 0
97 0.204788650794794 0.0877665646266123 0
98 0.316488956915128 0.199466870747196 0
99 0.390922077445134 0.312209468203385 0
100 0.35372239228835 0.0877665646266123 0
101 0.420035365801261 0.00375607486497797 0
102 0.475313747868216 0.0590344569320575 0
103 0.181738147963544 0.121550380125399 0
104 0.231168370757131 0.196145825049708 0
105 0.207207999378807 0.0451408258789819 0
106 0.268496561833986 0.208308793996036 0
107 0.219530165403259 0.00202488797704727 0
108 0.370375967495495 0.208308793996036 0
109 0.322885884539224 0.0451408258789819 0
110 0.39929543878547 0.121550380125399 0
111 0.442923830006329 0.163128958070272 0
112 0.993815421854266 0.997414271728792 0
113 0.939565104505057 0.943917265914583 0
114 0.870936356552246 0.946039405795512 0
115 0.870986273389771 0.990823779056976 0
116 0.781461932278606 0.84524118836142 0
117 0.701861899478518 0.703401005206983 0
118 0.736608851115398 0.953267623277004 0
119 0.678841451649821 0.751671188408815 0
120 0.649398546027029 0.648921456542259 0
121 0.693366345376236 0.893679597880399 0
122 0.621501884546561 0.738386912239004 0
123 0.629845883274971 0.84524118836142 0
124 0.623754839756014 0.990823779056976 0
125 0.5981388584669 0.946039405795512 0
126 0.548362585430506 0.91453930870386 0
127 0.504702698787681 0.997414271728792 0
128 0.814904837254597 0.826852967297332 0
129 0.747147129853957 0.990044065405179 0
130 0.585864699560421 0.826852967297332 0
131 0.917760853801113 0.996431728878273 0
132 0.857451911433306 0.871057764167533 0
133 0.770879596243521 0.783460924537533 0
134 0.800574861488071 0.916621763604774 0
135 0.695700685186156 0.810506472790291 0
136 0.628157390056131 0.703401005206983 0
137 0.651641119994739 0.916621763604774 0
138 0.580194172107778 0.996431728878273 0
139 0.528293913389336 0.943917265914583 0
140 0.825689930821921 0.884527138880949 0
141 0.780818318551407 0.813661466202903 0
142 0.79555060664735 0.957116215414996 0
143 0.744233420021303 0.802106645703899 0
144 0.78059357775122 0.998076356421806 0
145 0.642354014359948 0.802106645703899 0
146 0.679872721487106 0.957116215414996 0
147 0.608132640000322 0.884527138880949 0
148 0.567045161876074 0.845027489833346 0
149 0.505216820195 0.00204136442463301 0
150 0.539444866362435 0.0442758426989163 0
151 0.608867865499222 0.0426004691087127 0
152 0.625579351519967 0.00724438495500332 0
153 0.66061664114276 0.122178009188085 0
154 0.687130289604318 0.234157101151868 0
155 0.745900668707854 0.0368939816233373 0
156 0.72821677091241 0.196049061782085 0
157 0.719203636538152 0.277167271150241 0
158 0.766841223421441 0.0839371595679225 0
159 0.780584445180518 0.206536648231913 0
160 0.812232690147416 0.122178009188085 0
161 0.872810785155388 0.00724438495500332 0
162 0.881665363586406 0.0426004691087127 0
163 0.919652126600403 0.067468966812594 0
164 0.994329543264879 0.00204136442463301 0
165 0.620291594949502 0.136695025817596 0
166 0.749126672403307 0.00785994836431537 0
167 0.849331732645221 0.136695025817596 0
168 0.580903652912794 0.00281705614872541 0
169 0.594289006149004 0.101796501972777 0
170 0.648076539255281 0.17095190168052 0
171 0.668219248866636 0.0658249234697707 0
172 0.733377760770431 0.149600153059969 0
173 0.760834799027201 0.234157101151868 0
174 0.81715299036097 0.0658249234697707 0
175 0.918470334608402 0.00281705614872541 0
176 0.950716057480925 0.0442758426989163 0
177 0.63109215624404 0.0911627850937881 0
178 0.649440943652615 0.147109368786859 0
179 0.688399321928921 0.0338556194091395 0
180 0.681701231002006 0.15623159549658 0
181 0.718686462079326 0.0015186659827811 0
182 0.783580636664047 0.15623159549658 0
183 0.804077207089944 0.0338556194091395 0
184 0.848649447067104 0.0911627850937881 0
185 0.874953430811082 0.122346718552353 0
186 0.997958635575359 0.00567045673508851 0
187 0.955724157300904 0.0492839425188682 0
188 0.957399530891114 0.118334636413025 0
189 0.992755615044967 0.127189214843955 0
190 0.877821990811418 0.187767309851738 0
191 0.765842898847179 0.23916520097182 0
192 0.963106018376513 0.254099331290854 0
193 0.803950938217118 0.271783229086397 0
194 0.722832728848631 0.280796363460697 0
195 0.916062840431736 0.28549392554759 0
196 0.793463351767247 0.326481478120864 0
197 0.877821990811418 0.339383358855602 0
198 0.992755615044967 0.374420648478083 0
199 0.957399530891114 0.391132134498781 0
200 0.932531033187131 0.434645230335674 0
201 0.997958635575359 0.494783179802409 0
202 0.863304974181848 0.150668267354144 0
203 0.992140051635653 0.250873327595385 0
204 0.863304974181848 0.379708405048665 0
205 0.997182943851263 0.0815296653911745 0
206 0.898203498026809 0.116910451032698 0
207 0.829048098318784 0.186065850740441 0
208 0.934175076529962 0.18284700963815 0
209 0.850399846939423 0.266622239228348 0
210 0.765842898847179 0.312869710394317 0
211 0.934175076529962 0.331780751131705 0
212 0.997182943851263 0.419096347085016 0
213 0.955724157300904 0.460555133635207 0
214 0.908837214905841 0.151350552932206 0
215 0.852890631212542 0.182131914494723 0
216 0.966144380590723 0.195922792909066 0
217 0.843768404502785 0.216419363334997 0
218 0.998481334017213 0.219023943408997 0
219 0.843768404502785 0.318298768996506 0
220 0.966144380590723 0.311600678069483 0
221 0.908837214905841 0.368907843754132 0
222 0.877653281447149 0.402141590488777 0
223 0.494873907113501 0.997867908267605 0
224 0.462522948869227 0.953756342070006 0
225 0.393025488683885 0.955506176708663 0
226 0.374742621145247 0.992433642380327 0
227 0.344813492599184 0.872391857070181 0
228 0.323276692669072 0.755435916574636 0
229 0.255739063809042 0.961466285860057 0
230 0.280496520722342 0.79523764658309 0
231 0.293114908846138 0.71051418346521 0
232 0.236889317003973 0.912332300006808 0
233 0.228594961407458 0.784283945179932 0
234 0.193197443594299 0.872391857070181 0
235 0.127511187509454 0.992433642380327 0
236 0.120227990596291 0.955506176708663 0
237 0.0833464941468013 0.929532412440157 0
238 0.0057611840428865 0.997867908267605 0
239 0.385783739531561 0.857229639701576 0
240 0.251222658635467 0.991790720597268 0
241 0.156743601835497 0.857229639701576 0
242 0.419221549583329 0.997057741355775 0
243 0.410235282827958 0.893679209050621 0
244 0.359521323041798 0.82145023602251 0
245 0.334706303287935 0.931249524375995 0
246 0.273271134921206 0.843750951248426 0
247 0.249572183246078 0.755435916574636 0
248 0.185772561793377 0.931249524375995 0
249 0.0816548678872133 0.997057741355775 0
250 0.0512517577501177 0.953756342070006 0
251 0.372959523093823 0.904785535568679 0
252 0.357097250515905 0.846352437044786 0
253 0.313105372267437 0.964639686394887 0
254 0.325242395464656 0.836824778036853 0
255 0.281381034186995 0.998413837751317 0
256 0.223362989802461 0.836824778036853 0
257 0.197427487106241 0.964639686394887 0
258 0.155402232270432 0.904785535568679 0
259 0.130484201124507 0.872215649511945 0
260 0.00213209173240152 0.994238815957155 0
261 0.046243657930132 0.948748242250061 0
262 0.0444938232914691 0.879772009404465 0
263 0.00756635761969513 0.872488812491556 0
264 0.127608142930199 0.806802556406626 0
265 0.244564083426093 0.750427816754692 0
266 0.0385337141400574 0.744260936192867 0
267 0.204762353417521 0.719503479278892 0
268 0.289485816535653 0.70688509115476 0
269 0.0876676999934532 0.710775534027443 0
270 0.21571605482071 0.664339115291162 0
271 0.127608142930199 0.655186507402991 0
272 0.00756635761969513 0.6252573788578 0
273 0.0444938232914691 0.606974511319119 0
274 0.0704675875600533 0.562356148917629 0
275 0.00213209173240152 0.505126092890569 0
276 0.14277036029885 0.843256398165048 0
277 0.00820927940275651 0.748777341366564 0
278 0.14277036029885 0.614216260470872 0
279 0.00294225864423403 0.918345132113444 0
280 0.106320790949696 0.878565259990723 0
281 0.178549763978022 0.806336286962612 0
282 0.0687504756242098 0.814227438207792 0
283 0.156249048752039 0.726728865080223 0
284 0.244564083426093 0.676723307332305 0
285 0.0687504756242098 0.66529369671446 0
286 0.00294225864423403 0.580778450420109 0
287 0.046243657930132 0.53747705113434 0
288 0.0952144644316043 0.844597767730352 0
289 0.153647562955672 0.811329891336975 0
290 0.035360313605218 0.802572512895205 0
291 0.163175221963634 0.776637010198526 0
292 0.00158616224868773 0.780908560325428 0
293 0.163175221963634 0.67475760453717 0
294 0.035360313605218 0.686894627734961 0
295 0.0952144644316043 0.627040476908753 0
296 0.127784350488436 0.592420777575942 0
297 0.995403149740075 0.499455636152137 0
298 0.952197620344347 0.467003062153411 0
299 0.904070054747558 0.488639874903313 0
300 0.908294463998001 0.528849616960473 0
301 0.831636191594006 0.423829583460261 0
302 0.762316361890623 0.319317638912521 0
303 0.810157251318674 0.533751218988449 0
304 0.750621462073562 0.369290969490929 0
305 0.720277243013347 0.285468819810424 0
306 0.774133284387446 0.492663112776874 0
307 0.709002200720281 0.373844523300964 0
308 0.724873223753579 0.467419197549333 0
309 0.734202329480299 0.599928654131039 0
310 0.711975149845133 0.5670691556038 0
311 0.673977747622463 0.553087312686339 0
312 0.650986273912837 0.640075544035482 0
313 0.853465483266509 0.397698953527019 0
314 0.821018130426777 0.563753053356132 0
315 0.692183052972973 0.463547993114892 0
316 0.941756148176265 0.52043883148491 0
317 0.887560758897094 0.425170203263686 0
318 0.81840535918907 0.371382670157771 0
319 0.851772024186236 0.482446687073849 0
320 0.767996794595697 0.417288175170492 0
321 0.710416103172181 0.340507685371713 0
322 0.746897847884321 0.525265137753701 0
323 0.704052943149725 0.617489252472918 0
324 0.662594156599365 0.585243529600612 0
325 0.866454995052873 0.446399594846283 0
326 0.828228921943207 0.395650583944703 0
327 0.852022079250971 0.520262163951137 0
328 0.801386184649817 0.395790520088657 0
329 0.84532136782929 0.56135158260612 0
330 0.729646103163033 0.425080849216651 0
331 0.770565568450353 0.553519555935109 0
332 0.713258402765471 0.508947315958249 0
333 0.68063105912487 0.485282466807404 0
334 0.292207635768501 0.702348725766679 0
335 0.303598540358018 0.652037055201439 0
336 0.261562978895839 0.624835770148318 0
337 0.225375234760721 0.648240482057804 0
338 0.290512155181083 0.5352958693217 0
339 0.358453126132817 0.428399128578687 0
340 0.176800118428016 0.573199881573262 0
341 0.305892572334411 0.444107427666034 0
342 0.371688453266289 0.378311546733735 0
343 0.199583912750756 0.524248512765191 0
344 0.282948555262416 0.413518483086816 0
345 0.201437726390941 0.472754249107941 0
346 0.0801267675000637 0.546257515684271 0
347 0.101294448769788 0.512306802188545 0
348 0.097524980036543 0.47532634149632 0
349 0.00485391096525017 0.500589727502488 0
350 0.325030394722427 0.539489674125619 0
351 0.15325029145128 0.596749708550149 0
352 0.190469313826334 0.445010617327134 0
353 0.248320158291062 0.670463182557353 0
354 0.314278433275142 0.580121838133977 0
355 0.334256659857198 0.498672145144716 0
356 0.244015613378454 0.580451257369466 0
357 0.268217346370959 0.481782653629728 0
358 0.315151726846919 0.397996018442069 0
359 0.156517040250625 0.519016089003703 0
360 0.0499997327951016 0.531216926359388 0
361 0.0619767155761591 0.482387688866857 0
362 0.284725602088763 0.574053043323222 0
363 0.315672516490599 0.518541054435622 0
364 0.208316047842517 0.599522894738999 0
365 0.303523258427176 0.497416444404246 0
366 0.166404375240378 0.614740422016193 0
367 0.24366910760079 0.455391189569098 0
368 0.140355290310488 0.551805767110582 0
369 0.156910693730347 0.484310660859657 0
370 0.164715120318593 0.446737369032016 0
371 0.296910334554147 0.703392089805921 0
372 0.350318581101374 0.693093057714267 0
373 0.359701837361303 0.646609343248028 0
374 0.32236359368949 0.625176686875428 0
375 0.458262050706347 0.635646419601872 0
376 0.589428313968323 0.650897222502037 0
377 0.375504957291321 0.554152793262258 0
378 0.552933398505767 0.612509655986905 0
379 0.643365180060859 0.642252999421782 0
380 0.432201619853833 0.55406594041213 0
381 0.573324221519955 0.580889517257851 0
382 0.482899658669273 0.535200787136551 0
383 0.362538701654706 0.461385862092392 0
384 0.404031430799875 0.465881000765744 0
385 0.43837706399398 0.448002621679447 0
386 0.376391152051935 0.379354910772978 0
387 0.468155128705814 0.666616055078186 0
388 0.343137386880258 0.543506981067325 0
389 0.505374151080868 0.514876963855171 0
390 0.310088203041391 0.653476883899657 0
391 0.424394204392243 0.673615563865106 0
392 0.511478781802092 0.658247697263217 0
393 0.395656733372098 0.614095107142443 0
394 0.501151466930244 0.595478389455528 0
395 0.601405296749381 0.602067985009506 0
396 0.419858466364602 0.515426503402706 0
397 0.36494278881619 0.429838957276905 0
398 0.41715014965723 0.420625893598983 0
399 0.418328093503465 0.64611720711963 0
400 0.484689998446786 0.650356592627014 0
401 0.362718917912945 0.591357026576545 0
402 0.500266595492258 0.631657471474407 0
403 0.33100700178247 0.561815272375663 0
404 0.516821998912117 0.564162365223482 0
405 0.381516574251358 0.514720427657569 0
406 0.453681153261738 0.501985501949729 0
407 0.493282904866965 0.493697737663455 0
408 0.378402274040632 0.37159772595935 0
409 0.43036694380885 0.356485310902302 0
410 0.446000781847388 0.303999218152241 0
411 0.413840455750029 0.282626582598342 0
412 0.540726003062126 0.285082021439335 0
413 0.662444037473816 0.293191558083926 0
414 0.474393981622564 0.199797993874588 0
415 0.633549061781708 0.252849687260531 0
416 0.714667271150066 0.279889090383097 0
417 0.527979053188507 0.195853372325477 0
418 0.657419888644289 0.216195828171945 0
419 0.578630015312922 0.171369984686013 0
420 0.475648314158285 0.0972030073720531 0
421 0.514200156368521 0.0994010945871589 0
422 0.549256136428751 0.0771281467526262 0
423 0.500680454806914 0.00476318365748857 0
424 0.545565008605384 0.318955060241583 0
425 0.44535994836347 0.190119982788302 0
426 0.602825043028758 0.14717495697005 0
427 0.398121220936327 0.315026524352111 0
428 0.503196434120291 0.32973237088079 0
429 0.587719700429845 0.306680570977945 0
430 0.484708205782459 0.265291794216967 0
431 0.587100153059477 0.237366717686581 0
432 0.680870164829358 0.237913176016846 0
433 0.521941641155681 0.153591488096383 0
434 0.482512891359409 0.0618515130807829 0
435 0.533184741587474 0.0480319175638943 0
436 0.501468123740531 0.299471579089828 0
437 0.563555976055081 0.299696634456577 0
438 0.456895883763371 0.24216441340518 0
439 0.580996669788472 0.277781975621982 0
440 0.43123246666818 0.211364819935883 0
441 0.606466521203735 0.201372421375565 0
442 0.485815355053346 0.155405999534542 0
443 0.555857446445769 0.136303610972774 0
444 0.594483596214185 0.124371606529401 0
445 0.64644990852475 0.63916827095788 0
446 0.656334031824405 0.583991504645638 0
447 0.617307440714432 0.548135613777934 0
448 0.584271292118617 0.569942446659137 0
449 0.642886597923739 0.451021872383605 0
450 0.70415597839722 0.339255660416739 0
451 0.538650564233381 0.47944988157218 0
452 0.655953752942861 0.350357427665063 0
453 0.715740877625259 0.284561546732822 0
454 0.55903999431192 0.427227565953443 0
455 0.634463417684107 0.313076862879328 0
456 0.560129504508714 0.369528246043992 0
457 0.449324134592642 0.437055551080733 0
458 0.46840547300854 0.401506958556773 0
459 0.464491807060314 0.359432756686299 0
460 0.379475880515825 0.376270182309075 0
461 0.674716501052226 0.460054682730795 0
462 0.517251406386938 0.502999708549048 0
463 0.54969875922667 0.336945608719934 0
464 0.60566218159634 0.597811100162526 0
465 0.665304607005265 0.504421872059313 0
466 0.682721522487025 0.415288245769096 0
467 0.600620240173366 0.496009616211934 0
468 0.621719186884742 0.388032653628726 0
469 0.663925600337238 0.299639486602129 0
470 0.519327239607724 0.415957730159112 0
471 0.421407034504189 0.416369008752004 0
472 0.431848506672272 0.362933239420505 0
473 0.638023692967198 0.493900373998815 0
474 0.665849960754593 0.435317750800511 0
475 0.567981601574776 0.513002762560584 0
476 0.65441139336476 0.410033907257217 0
477 0.52957751491127 0.52488352167205 0
478 0.59880221777424 0.355273726714131 0
479 0.504840755924396 0.450825899286831 0
480 0.519273671726299 0.376963330181977 0
481 0.526008546702579 0.335668930199382 0
482 0.499576605899147 0.995282179996397 0
483 0.52121997239364 0.940975007270358 0
484 0.491164347149349 0.901545582504176 0
485 0.454332767537537 0.920356191497132 0
486 0.537200996087373 0.806707474221477 0
487 0.621083449060435 0.700458746562758 0
488 0.429806294709422 0.825659480347185 0
489 0.57186694033227 0.707177365117479 0
490 0.644272453138495 0.646789364809863 0
491 0.46100256239947 0.775264997867202 0
492 0.559145735630213 0.667919324679161 0
493 0.474659375872631 0.717633045431601 0
494 0.352349801162401 0.775107724236908 0
495 0.378635379187806 0.741277052378602 0
496 0.384023470139022 0.698823253883793 0
497 0.297817607631784 0.707928455194002 0
498 0.566127495890002 0.8186436878946 0
499 0.403890731689392 0.847273705106754 0
500 0.471648439090032 0.684082606998908 0
501 0.4690126115526 0.950188070948279 0
502 0.547302915570266 0.862178319094819 0
503 0.583673533193954 0.774581479464819 0
504 0.486347423281579 0.847871287980769 0
505 0.530406988472996 0.741755997166286 0
506 0.590680338923339 0.657157347276989 0
507 0.42491225491485 0.760372714853201 0
508 0.329766355352446 0.751867645452909 0
509 0.35157060605639 0.699353182489219 0
510 0.523117417928385 0.849166825275836 0
511 0.562921830888207 0.793085720599509 0
512 0.450952838918006 0.861901750983675 0
513 0.557338792288011 0.766746332098786 0
514 0.411077778875972 0.870292005933751 0
515 0.515313537452202 0.706892181272578 0
516 0.403235711288838 0.793940993451849 0
517 0.43337503546341 0.721351916917802 0
518 0.448929926565053 0.680648002570501 0
