1 0 0 0
2 0 1 0
3 0 0.500000000002059 0
4 0 0.75000000000076 0
5 0 0.25000000000103 0
6 0.146875000000229 0.853125000000208 0
7 0.146875000000229 0.603125000001238 0
8 0.18749999999979 0.18750000000021 0
9 0.18749999999979 0.43750000000124 0
10 0.249999999999418 0 0
11 0.25000000000103 1 0
12 0.293750000000459 0.706250000000417 0
13 0.334375000000019 0.540625000000419 0
14 0.374999999999579 0.375000000000421 0
15 0.396875000001259 0.853125000000208 0
16 0.437499999999136 0.18750000000021 0
17 0.470833333333683 0.675000000000128 0
18 0.499999999998692 0 0
19 0.500000000002059 1 0
20 0.511458333333243 0.50937500000013 0
21 0.546874999999463 0.328124999999966 0
22 0.573958333334483 0.82187499999992 0
23 0.609374999999019 0.140624999999755 0
24 0.647916666666907 0.64374999999984 0
25 0.683333333333127 0.462499999999675 0
26 0.718749999999346 0.28124999999951 0
27 0.749999999999346 0 0
28 0.75000000000076 1 0
29 0.823958333333454 0.82187499999992 0
30 0.823958333333454 0.571874999999266 0
31 0.859374999999673 0.140624999999755 0
32 0.859374999999673 0.390624999999101 0
33 1 0 0
34 1 1 0
35 1 0.499999999998692 0
36 1 0.249999999999418 0
37 1 0.749999999999346 0
