1 0 0 0
2 0 1 0
3 0 0.500000000002059 0
4 0 0.900000000000473 0
5 0 0.800000000000828 0
6 0 0.700000000001312 0
7 0 0.600000000001706 0
8 0 0.400000000001648 0
9 0 0.300000000001236 0
10 0 0.200000000000824 0
11 0 0.100000000000412 0
12 0.0587500000000918 0.941250000000083 0
13 0.0587500000000918 0.541250000001731 0
14 0.0587500000000918 0.841250000000533 0
15 0.0587500000000918 0.641250000001369 0
16 0.0587500000000918 0.74125000000094 0
17 0.0749999999999158 0.475000000001732 0
18 0.0749999999999158 0.37500000000132 0
19 0.0749999999999158 0.175000000000496 0
20 0.0749999999999158 0.275000000000908 0
21 0.0749999999999158 0.0750000000000842 0
22 0.0999999999998171 0 0
23 0.100000000000412 1 0
24 0.117500000000183 0.882500000000167 0
25 0.117500000000183 0.582500000001402 0
26 0.117500000000183 0.682500000001015 0
27 0.117500000000183 0.782500000000618 0
28 0.133750000000008 0.516250000001403 0
29 0.149999999999832 0.450000000001404 0
30 0.149999999999832 0.150000000000168 0
31 0.149999999999832 0.25000000000058 0
32 0.149999999999832 0.350000000000992 0
33 0.158750000000504 0.941250000000083 0
34 0.174999999999718 0.0750000000000842 0
35 0.176250000000275 0.82375000000025 0
36 0.176250000000275 0.623750000001074 0
37 0.176250000000275 0.723750000000686 0
38 0.192500000000099 0.557500000001075 0
39 0.199999999999559 0 0
40 0.200000000000824 1 0
41 0.208749999999923 0.491250000001075 0
42 0.217500000000595 0.882500000000167 0
43 0.224999999999748 0.225000000000253 0
44 0.224999999999748 0.425000000001076 0
45 0.224999999999748 0.325000000000664 0
46 0.235000000000367 0.765000000000333 0
47 0.235000000000367 0.665000000000745 0
48 0.249999999999613 0.150000000000168 0
49 0.251250000000191 0.598750000000746 0
50 0.258750000000916 0.941250000000083 0
51 0.267500000000015 0.532500000000747 0
52 0.274999999999447 0.0750000000000842 0
53 0.276250000000687 0.82375000000025 0
54 0.283749999999839 0.466250000000748 0
55 0.293750000000459 0.706250000000417 0
56 0.29999999999927 0 0
57 0.299999999999663 0.400000000000749 0
58 0.299999999999663 0.300000000000337 0
59 0.300000000001236 1 0
60 0.310000000000283 0.640000000000417 0
61 0.317500000001007 0.882500000000167 0
62 0.324999999999507 0.225000000000253 0
63 0.326250000000107 0.573750000000418 0
64 0.335000000000779 0.765000000000333 0
65 0.342499999999931 0.507500000000419 0
66 0.349999999999336 0.150000000000168 0
67 0.358749999999755 0.44125000000042 0
68 0.358750000001328 0.941250000000083 0
69 0.364583333333748 0.693750000000301 0
70 0.374999999999158 0.0750000000000842 0
71 0.374999999999579 0.375000000000421 0
72 0.376250000001099 0.82375000000025 0
73 0.380833333333573 0.627500000000302 0
74 0.397083333333397 0.561250000000303 0
75 0.399999999998981 0 0
76 0.399999999999402 0.300000000000337 0
77 0.400000000001648 1 0
78 0.405833333334069 0.752500000000218 0
79 0.413333333333221 0.495000000000304 0
80 0.417500000001419 0.882500000000167 0
81 0.424999999999224 0.225000000000253 0
82 0.429583333333045 0.428750000000305 0
83 0.435416666667038 0.681250000000186 0
84 0.443749999999533 0.356250000000239 0
85 0.447083333334389 0.811250000000135 0
86 0.449999999999047 0.150000000000168 0
87 0.451666666666862 0.615000000000187 0
88 0.458750000001739 0.941250000000083 0
89 0.467916666666686 0.548750000000188 0
90 0.468749999999355 0.281250000000155 0
91 0.474999999998869 0.0750000000000842 0
92 0.476666666667358 0.740000000000103 0
93 0.48416666666651 0.482500000000189 0
94 0.488333333334709 0.870000000000051 0
95 0.493749999999178 0.20625000000007 0
96 0.498333333332998 0.410000000000122 0
97 0.499999999998692 0 0
98 0.500000000002059 1 0
99 0.506250000000328 0.668750000000071 0
100 0.512499999999486 0.337500000000057 0
101 0.517916666667678 0.798750000000019 0
102 0.518749999999 0.131249999999986 0
103 0.522500000000152 0.602500000000071 0
104 0.529583333335029 0.928749999999968 0
105 0.537499999999308 0.262499999999972 0
106 0.538749999999976 0.536250000000072 0
107 0.543749999998823 0.056249999999902 0
108 0.547500000000648 0.727499999999987 0
109 0.552916666666464 0.463750000000006 0
110 0.559166666667999 0.857499999999936 0
111 0.562499999999131 0.187499999999888 0
112 0.567083333332951 0.39124999999994 0
113 0.577083333333617 0.656249999999955 0
114 0.581249999999439 0.318749999999874 0
115 0.587499999998954 0.112499999999804 0
116 0.588750000000968 0.786249999999904 0
117 0.593333333333442 0.589999999999956 0
118 0.599999999998954 0 0
119 0.600000000001706 1 0
120 0.606249999999262 0.24374999999979 0
121 0.607499999999929 0.51749999999989 0
122 0.618333333333938 0.714999999999872 0
123 0.621666666666417 0.444999999999824 0
124 0.629583333334668 0.928749999999968 0
125 0.631249999999084 0.168749999999706 0
126 0.635833333332905 0.372499999999758 0
127 0.643749999999084 0.056249999999902 0
128 0.647916666666907 0.64374999999984 0
129 0.649999999999393 0.299999999999692 0
130 0.659166666667611 0.857499999999936 0
131 0.662083333333395 0.571249999999774 0
132 0.674999999999215 0.224999999999608 0
133 0.676249999999883 0.498749999999708 0
134 0.687499999999215 0.112499999999804 0
135 0.68875000000058 0.786249999999904 0
136 0.69041666666637 0.426249999999642 0
137 0.699999999999215 0 0
138 0.700000000001312 1 0
139 0.704583333332858 0.353749999999576 0
140 0.718333333333526 0.714999999999872 0
141 0.718333333333526 0.61499999999961 0
142 0.718749999999346 0.28124999999951 0
143 0.729583333334238 0.928749999999968 0
144 0.731249999999346 0.168749999999706 0
145 0.732500000000014 0.542499999999544 0
146 0.743749999999346 0.056249999999902 0
147 0.746666666666501 0.469999999999478 0
148 0.759166666667215 0.857499999999936 0
149 0.760833333332989 0.397499999999412 0
150 0.774999999999477 0.224999999999608 0
151 0.774999999999477 0.324999999999346 0
152 0.787499999999477 0.112499999999804 0
153 0.788750000000144 0.686249999999642 0
154 0.788750000000144 0.786249999999904 0
155 0.788750000000144 0.586249999999381 0
156 0.799999999999477 0 0
157 0.800000000000828 1 0
158 0.802916666666632 0.513749999999315 0
159 0.81708333333312 0.441249999999249 0
160 0.829583333333831 0.928749999999968 0
161 0.831249999999607 0.168749999999706 0
162 0.831249999999607 0.368749999999183 0
163 0.831249999999608 0.268749999999466 0
164 0.843749999999608 0.056249999999902 0
165 0.859166666666763 0.757499999999674 0
166 0.859166666666763 0.857499999999936 0
167 0.859166666666763 0.557499999999151 0
168 0.859166666666763 0.657499999999413 0
169 0.873333333333251 0.484999999999085 0
170 0.887499999999738 0.112499999999804 0
171 0.887499999999738 0.412499999999019 0
172 0.887499999999738 0.312499999999308 0
173 0.887499999999738 0.212499999999585 0
174 0.899999999999738 0 0
175 0.900000000000473 1 0
176 0.929583333333381 0.928749999999968 0
177 0.929583333333381 0.528749999998922 0
178 0.929583333333381 0.628749999999183 0
179 0.929583333333381 0.828749999999706 0
180 0.929583333333381 0.728749999999445 0
181 0.943749999999869 0.056249999999902 0
182 0.943749999999869 0.456249999998856 0
183 0.943749999999869 0.156249999999704 0
184 0.943749999999869 0.356249999999144 0
185 0.943749999999869 0.256249999999433 0
186 1 0 0
187 1 1 0
188 1 0.499999999998692 0
189 1 0.0999999999998171 0
190 1 0.199999999999559 0
191 1 0.29999999999927 0
192 1 0.399999999998981 0
193 1 0.599999999998954 0
194 1 0.699999999999215 0
195 1 0.799999999999477 0
196 1 0.899999999999738 0
