1 0 0 0
2 0 1 0
3 0 0.500000000002059 0
4 0 0.928571428571663 0
5 0 0.85714285714338 0
6 0 0.785714285715124 0
7 0 0.714285714286932 0
8 0 0.642857142858708 0
9 0 0.571428571430384 0
10 0 0.428571428573194 0
11 0 0.357142857144328 0
12 0 0.285714285715463 0
13 0 0.214285714286597 0
14 0 0.142857142857731 0
15 0 0.0714285714288658 0
16 0.0419642857143512 0.886607142857445 0
17 0.0419642857143512 0.600892857144435 0
18 0.0419642857143512 0.81517857142917 0
19 0.0419642857143512 0.67232142857273 0
20 0.0419642857143513 0.958035714285774 0
21 0.0419642857143513 0.52946428571611 0
22 0.0419642857143513 0.743750000000941 0
23 0.0535714285713684 0.0535714285714887 0
24 0.0535714285713684 0.19642857142922 0
25 0.0535714285713685 0.125000000000354 0
26 0.0535714285713685 0.410714285715817 0
27 0.0535714285713685 0.339285714286951 0
28 0.0535714285713685 0.267857142858086 0
29 0.0535714285713685 0.482142857144683 0
30 0.0714285714284311 0 0
31 0.0714285714288658 1 0
32 0.0839285714287025 0.630357142858472 0
33 0.0839285714287025 0.84464285714323 0
34 0.0839285714287025 0.773214285714977 0
35 0.0839285714287025 0.701785714286744 0
36 0.0839285714287025 0.916071428571548 0
37 0.0839285714287025 0.558928571430162 0
38 0.0955357142857197 0.511607142858734 0
39 0.107142857142737 0.107142857142977 0
40 0.107142857142737 0.464285714287306 0
41 0.107142857142737 0.178571428571843 0
42 0.107142857142737 0.39285714285844 0
43 0.107142857142737 0.321428571429574 0
44 0.107142857142737 0.250000000000709 0
45 0.113392857143217 0.958035714285774 0
46 0.124999999999801 0.0535714285714887 0
47 0.125892857143054 0.731250000000775 0
48 0.125892857143054 0.874107142857321 0
49 0.125892857143054 0.588392857144213 0
50 0.125892857143054 0.659821428572504 0
51 0.125892857143054 0.802678571429024 0
52 0.137500000000071 0.541071428572785 0
53 0.142857142856873 0 0
54 0.142857142857731 1 0
55 0.149107142857088 0.493750000001357 0
56 0.155357142857568 0.916071428571548 0
57 0.160714285714105 0.160714285714466 0
58 0.160714285714105 0.375000000001063 0
59 0.160714285714105 0.303571428572197 0
60 0.160714285714105 0.446428571429929 0
61 0.160714285714105 0.232142857143332 0
62 0.167857142857405 0.832142857143095 0
63 0.167857142857405 0.617857142858264 0
64 0.167857142857405 0.689285714286545 0
65 0.167857142857405 0.760714285714814 0
66 0.17857142857116 0.107142857142977 0
67 0.179464285714422 0.570535714286836 0
68 0.184821428572083 0.958035714285774 0
69 0.191071428571439 0.523214285715408 0
70 0.19642857142822 0.0535714285714887 0
71 0.19732142857192 0.874107142857321 0
72 0.202678571428457 0.47589285714398 0
73 0.209821428571756 0.71875000000059 0
74 0.209821428571756 0.790178571428869 0
75 0.209821428571756 0.647321428572315 0
76 0.214285714285236 0 0
77 0.214285714285474 0.214285714285955 0
78 0.214285714285474 0.428571428572552 0
79 0.214285714285474 0.28571428571482 0
80 0.214285714285474 0.357142857143686 0
81 0.214285714286597 1 0
82 0.221428571428774 0.600000000000886 0
83 0.226785714286434 0.916071428571548 0
84 0.232142857142519 0.160714285714466 0
85 0.233035714285791 0.552678571429459 0
86 0.239285714286271 0.832142857143095 0
87 0.244642857142808 0.505357142858031 0
88 0.249999999999568 0.107142857142977 0
89 0.251785714286108 0.748214285714643 0
90 0.251785714286108 0.676785714286366 0
91 0.256249999999825 0.458035714286603 0
92 0.256250000000948 0.958035714285774 0
93 0.263392857143125 0.629464285714938 0
94 0.267857142856584 0.0535714285714887 0
95 0.267857142856842 0.267857142857443 0
96 0.267857142856842 0.410714285715175 0
97 0.267857142856842 0.339285714286309 0
98 0.268750000000785 0.874107142857321 0
99 0.275000000000142 0.58214285714351 0
100 0.281250000000622 0.790178571428869 0
101 0.2857142857136 0 0
102 0.285714285713878 0.214285714285955 0
103 0.285714285715463 1 0
104 0.286607142857159 0.534821428572082 0
105 0.293750000000459 0.706250000000417 0
106 0.298214285714176 0.487500000000654 0
107 0.2982142857153 0.916071428571548 0
108 0.303571428570916 0.160714285714466 0
109 0.305357142857476 0.658928571428989 0
110 0.309821428571193 0.440178571429226 0
111 0.310714285715136 0.832142857143095 0
112 0.316964285714493 0.611607142857561 0
113 0.321428571427932 0.107142857142977 0
114 0.321428571428211 0.321428571428932 0
115 0.321428571428211 0.392857142857798 0
116 0.323214285714973 0.748214285714643 0
117 0.327678571429814 0.958035714285774 0
118 0.32857142857151 0.564285714286133 0
119 0.339285714284948 0.0535714285714887 0
120 0.339285714285236 0.267857142857443 0
121 0.340178571428528 0.516964285714705 0
122 0.340178571429651 0.874107142857321 0
123 0.344345238095666 0.697321428571763 0
124 0.351785714285545 0.469642857143277 0
125 0.352678571429488 0.790178571428869 0
126 0.355952380952683 0.650000000000335 0
127 0.357142857141964 0 0
128 0.357142857142264 0.214285714285955 0
129 0.357142857144328 1 0
130 0.363392857142562 0.422321428571849 0
131 0.3675595238097 0.602678571428907 0
132 0.369642857144165 0.916071428571548 0
133 0.37380952381018 0.739285714285989 0
134 0.37499999999928 0.160714285714466 0
135 0.374999999999579 0.375000000000421 0
136 0.379166666666717 0.555357142857479 0
137 0.382142857144002 0.832142857143095 0
138 0.390773809523734 0.508035714286051 0
139 0.392857142856296 0.107142857142977 0
140 0.392857142856595 0.321428571428932 0
141 0.394940476190873 0.688392857143109 0
142 0.399107142858679 0.958035714285774 0
143 0.402380952380752 0.460714285714623 0
144 0.403273809524694 0.781250000000215 0
145 0.40654761904789 0.641071428571681 0
146 0.410714285713312 0.0535714285714887 0
147 0.410714285713612 0.267857142857443 0
148 0.411607142858516 0.874107142857321 0
149 0.413988095237769 0.413392857143195 0
150 0.418154761904907 0.593750000000253 0
151 0.424107142856689 0.361607142857434 0
152 0.424404761905387 0.730357142857335 0
153 0.428571428570328 0 0
154 0.428571428570628 0.214285714285955 0
155 0.428571428573194 1 0
156 0.429761904761924 0.546428571428825 0
157 0.432738095239209 0.823214285714441 0
158 0.441071428573031 0.916071428571548 0
159 0.441369047618941 0.499107142857397 0
160 0.441964285713705 0.308035714285945 0
161 0.44553571428608 0.679464285714455 0
162 0.446428571427644 0.160714285714466 0
163 0.452976190475959 0.451785714285969 0
164 0.453869047619901 0.772321428571561 0
165 0.457142857143097 0.632142857143027 0
166 0.459821428570721 0.254464285714456 0
167 0.462202380953723 0.865178571428668 0
168 0.463095238094878 0.400000000000208 0
169 0.46428571428466 0.107142857142977 0
170 0.468750000000114 0.584821428571599 0
171 0.470535714287545 0.958035714285774 0
172 0.473214285713798 0.348214285714446 0
173 0.475000000000594 0.721428571428681 0
174 0.477678571427737 0.200892857142968 0
175 0.480357142857131 0.537500000000171 0
176 0.482142857141676 0.0535714285714887 0
177 0.483333333334416 0.814285714285788 0
178 0.491071428570814 0.294642857142958 0
179 0.491666666668238 0.907142857142894 0
180 0.491964285714148 0.490178571428743 0
181 0.495535714284753 0.147321428571479 0
182 0.496130952381287 0.670535714285801 0
183 0.499999999998692 0 0
184 0.500000000002059 1 0
185 0.502083333333068 0.438392857142982 0
186 0.504464285715108 0.763392857142908 0
187 0.507738095238304 0.623214285714373 0
188 0.508928571427831 0.241071428571469 0
189 0.512202380951988 0.386607142857221 0
190 0.51279761904893 0.856250000000014 0
191 0.513392857141769 0.0937499999999902 0
192 0.519345238095321 0.575892857142945 0
193 0.521130952382752 0.94910714285712 0
194 0.522321428570908 0.334821428571459 0
195 0.525595238095801 0.712500000000027 0
196 0.526785714284847 0.18749999999998 0
197 0.530952380952338 0.528571428571518 0
198 0.531249999998786 0.0401785714285015 0
199 0.533928571429622 0.805357142857134 0
200 0.540178571427924 0.28124999999997 0
201 0.541071428571258 0.476785714285756 0
202 0.542261904763444 0.89821428571424 0
203 0.544642857141863 0.133928571428492 0
204 0.546726190476493 0.661607142857148 0
205 0.551190476190178 0.424999999999995 0
206 0.555059523810315 0.754464285714254 0
207 0.55803571428494 0.227678571428482 0
208 0.558333333333511 0.614285714285719 0
209 0.561309523809097 0.373214285714233 0
210 0.562499999998879 0.0803571428570029 0
211 0.563392857144137 0.84732142857136 0
212 0.569940476190528 0.566964285714292 0
213 0.57142857142745 0 0
214 0.571428571428017 0.321428571428472 0
215 0.571428571430384 1 0
216 0.575892857141956 0.174107142856993 0
217 0.576190476191008 0.703571428571374 0
218 0.580059523809447 0.51517857142853 0
219 0.58452380952483 0.79642857142848 0
220 0.589285714285033 0.267857142856983 0
221 0.590178571428367 0.463392857142769 0
222 0.592559523811076 0.94910714285712 0
223 0.593749999998972 0.120535714285504 0
224 0.5973214285717 0.652678571428494 0
225 0.600297619047287 0.411607142857007 0
226 0.602678571427544 0.0401785714285015 0
227 0.605654761905522 0.7455357142856 0
228 0.60714285714205 0.214285714285495 0
229 0.608928571428717 0.605357142857066 0
230 0.610416666666207 0.359821428571246 0
231 0.613690476191755 0.89821428571424 0
232 0.619047619047637 0.553571428571304 0
233 0.620535714285127 0.308035714285485 0
234 0.624999999999066 0.160714285714006 0
235 0.626785714286215 0.69464285714272 0
236 0.629166666666557 0.501785714285543 0
237 0.633928571427637 0.0803571428570029 0
238 0.634821428572428 0.84732142857136 0
239 0.638392857142143 0.254464285713996 0
240 0.639285714285477 0.449999999999782 0
241 0.642857142856209 0 0
242 0.642857142858708 1 0
243 0.647916666666907 0.64374999999984 0
244 0.649404761904397 0.39821428571402 0
245 0.655952380953111 0.79642857142848 0
246 0.656249999999159 0.200892857142507 0
247 0.658035714285827 0.591964285714079 0
248 0.659523809523317 0.346428571428259 0
249 0.663988095239372 0.94910714285712 0
250 0.665178571427731 0.120535714285504 0
251 0.668154761904747 0.540178571428317 0
252 0.669642857142236 0.294642857142497 0
253 0.674107142856302 0.0401785714285014 0
254 0.677083333333798 0.7455357142856 0
255 0.678273809523667 0.488392857142556 0
256 0.685119047620027 0.89821428571424 0
257 0.687499999999252 0.241071428571009 0
258 0.688392857142586 0.436607142856794 0
259 0.696428571427824 0.160714285714006 0
260 0.698214285714492 0.623214285713962 0
261 0.698214285714492 0.69464285714272 0
262 0.698511904761506 0.384821428571033 0
263 0.705357142856395 0.0803571428570029 0
264 0.7062500000007 0.84732142857136 0
265 0.708333333333412 0.5714285714282 0
266 0.708630952380426 0.333035714285272 0
267 0.714285714284967 0 0
268 0.714285714286932 1 0
269 0.718452380952331 0.519642857142439 0
270 0.718749999999346 0.28124999999951 0
271 0.72738095238138 0.79642857142848 0
272 0.727678571427917 0.200892857142507 0
273 0.728571428571251 0.467857142856678 0
274 0.735416666667582 0.94910714285712 0
275 0.736607142856489 0.120535714285504 0
276 0.738690476190171 0.416071428570916 0
277 0.74553571428506 0.0401785714285014 0
278 0.748511904762077 0.7455357142856 0
279 0.748511904762077 0.602678571428083 0
280 0.748511904762077 0.674107142856842 0
281 0.748809523809091 0.364285714285155 0
282 0.75654761904826 0.89821428571424 0
283 0.758630952380996 0.550892857142322 0
284 0.758928571428011 0.241071428571009 0
285 0.758928571428011 0.312499999999393 0
286 0.767857142856582 0.160714285714006 0
287 0.768749999999916 0.499107142856561 0
288 0.776785714285154 0.0803571428570029 0
289 0.777678571428949 0.84732142857136 0
290 0.778869047618836 0.447321428570799 0
291 0.785714285713725 0 0
292 0.785714285715124 1 0
293 0.788988095237756 0.395535714285038 0
294 0.798809523809661 0.582142857142205 0
295 0.798809523809661 0.724999999999722 0
296 0.798809523809661 0.79642857142848 0
297 0.798809523809661 0.653571428570963 0
298 0.799107142856675 0.272321428570901 0
299 0.799107142856676 0.200892857142507 0
300 0.799107142856676 0.343749999999276 0
301 0.806845238095811 0.94910714285712 0
302 0.808035714285247 0.120535714285504 0
303 0.808928571428581 0.530357142856444 0
304 0.816964285713818 0.0401785714285015 0
305 0.819047619047501 0.478571428570682 0
306 0.827976190476513 0.89821428571424 0
307 0.829166666666421 0.426785714284921 0
308 0.83928571428534 0.303571428570796 0
309 0.83928571428534 0.23214285714241 0
310 0.83928571428534 0.160714285714006 0
311 0.83928571428534 0.37499999999916 0
312 0.848214285713912 0.0803571428570029 0
313 0.849107142857246 0.561607142856327 0
314 0.849107142857246 0.775892857142602 0
315 0.849107142857246 0.633035714285085 0
316 0.849107142857246 0.704464285713843 0
317 0.849107142857246 0.84732142857136 0
318 0.857142857142483 0 0
319 0.85714285714338 1 0
320 0.859226190476166 0.509821428570566 0
321 0.869345238095085 0.458035714284804 0
322 0.878273809524086 0.94910714285712 0
323 0.879464285714005 0.334821428570679 0
324 0.879464285714005 0.263392857142315 0
325 0.879464285714005 0.120535714285504 0
326 0.879464285714005 0.406249999999043 0
327 0.879464285714005 0.191964285713918 0
328 0.888392857142577 0.0401785714285014 0
329 0.899404761904831 0.89821428571424 0
330 0.899404761904831 0.541071428570449 0
331 0.899404761904831 0.826785714285482 0
332 0.899404761904831 0.612499999999207 0
333 0.899404761904831 0.683928571427965 0
334 0.899404761904831 0.755357142856723 0
335 0.909523809523751 0.489285714284687 0
336 0.91964285714267 0.0803571428570029 0
337 0.91964285714267 0.437499999998926 0
338 0.91964285714267 0.366071428570562 0
339 0.91964285714267 0.151785714285426 0
340 0.91964285714267 0.223214285713834 0
341 0.91964285714267 0.294642857142198 0
342 0.928571428571242 0 0
343 0.928571428571663 1 0
344 0.949702380952415 0.52053571428457 0
345 0.949702380952415 0.591964285713329 0
346 0.949702380952415 0.663392857142087 0
347 0.949702380952415 0.94910714285712 0
348 0.949702380952415 0.734821428570845 0
349 0.949702380952415 0.806249999999603 0
350 0.949702380952415 0.877678571428362 0
351 0.959821428571335 0.397321428570445 0
352 0.959821428571335 0.183035714285353 0
353 0.959821428571335 0.325892857142081 0
354 0.959821428571335 0.0401785714285014 0
355 0.959821428571335 0.468749999998809 0
356 0.959821428571335 0.111607142856934 0
357 0.959821428571335 0.254464285713717 0
358 1 0 0
359 1 1 0
360 1 0.499999999998692 0
361 1 0.0714285714284311 0
362 1 0.142857142856873 0
363 1 0.214285714285236 0
364 1 0.2857142857136 0
365 1 0.357142857141964 0
366 1 0.428571428570328 0
367 1 0.57142857142745 0
368 1 0.642857142856209 0
369 1 0.714285714284967 0
370 1 0.785714285713725 0
371 1 0.857142857142483 0
372 1 0.928571428571242 0
