1 0 0 0
2 0 1 0
3 0 0.500000000002059 0
4 0 0.916666666667056 0
5 0 0.833333333334113 0
6 0 0.7500000000011 0
7 0 0.666666666668087 0
8 0 0.583333333335162 0
9 0 0.416666666668383 0
10 0 0.333333333334706 0
11 0 0.25000000000103 0
12 0 0.166666666667353 0
13 0 0.0833333333336768 0
14 0.0489583333334098 0.867708333333792 0
15 0.0489583333334098 0.784375000000826 0
16 0.0489583333334098 0.701041666667813 0
17 0.0489583333334098 0.951041666666736 0
18 0.0489583333334098 0.534375000001786 0
19 0.0489583333334098 0.617708333334859 0
20 0.0624999999999298 0.145833333333747 0
21 0.0624999999999299 0.0625000000000702 0
22 0.0624999999999299 0.395833333334776 0
23 0.0624999999999299 0.229166666667423 0
24 0.0624999999999299 0.3125000000011 0
25 0.0624999999999299 0.479166666668453 0
26 0.0833333333331728 0 0
27 0.0833333333336768 1 0
28 0.0979166666668196 0.735416666667539 0
29 0.0979166666668196 0.902083333333472 0
30 0.0979166666668196 0.568750000001512 0
31 0.0979166666668196 0.65208333333457 0
32 0.0979166666668196 0.818750000000517 0
33 0.11145833333334 0.513541666668179 0
34 0.12499999999986 0.12500000000014 0
35 0.12499999999986 0.458333333334847 0
36 0.12499999999986 0.208333333333817 0
37 0.12499999999986 0.37500000000117 0
38 0.12499999999986 0.291666666667494 0
39 0.132291666667086 0.951041666666736 0
40 0.145833333333099 0.0625000000000702 0
41 0.146875000000229 0.853125000000208 0
42 0.146875000000229 0.603125000001238 0
43 0.146875000000229 0.686458333334281 0
44 0.146875000000229 0.769791666667242 0
45 0.160416666666749 0.547916666667905 0
46 0.166666666666323 0 0
47 0.166666666667353 1 0
48 0.173958333333269 0.492708333334573 0
49 0.181250000000496 0.902083333333472 0
50 0.18749999999979 0.18750000000021 0
51 0.18749999999979 0.43750000000124 0
52 0.18749999999979 0.270833333333887 0
53 0.18749999999979 0.354166666667564 0
54 0.195833333333639 0.804166666666944 0
55 0.195833333333639 0.637500000000964 0
56 0.195833333333639 0.720833333333981 0
57 0.208333333333015 0.12500000000014 0
58 0.209375000000159 0.582291666667632 0
59 0.215625000000763 0.951041666666736 0
60 0.222916666666679 0.527083333334299 0
61 0.22916666666623 0.0625000000000701 0
62 0.230208333333906 0.853125000000208 0
63 0.236458333333199 0.471875000000966 0
64 0.244791666667049 0.755208333333681 0
65 0.244791666667049 0.67187500000069 0
66 0.249999999999415 0 0
67 0.249999999999719 0.333333333333957 0
68 0.249999999999719 0.250000000000281 0
69 0.249999999999719 0.416666666667634 0
70 0.25000000000103 1 0
71 0.258333333333569 0.616666666667358 0
72 0.264583333334173 0.902083333333472 0
73 0.270833333332932 0.18750000000021 0
74 0.271875000000089 0.561458333334025 0
75 0.279166666667316 0.804166666666944 0
76 0.285416666666609 0.506250000000693 0
77 0.291666666666136 0.12500000000014 0
78 0.293750000000459 0.706250000000417 0
79 0.298958333333129 0.45104166666736 0
80 0.29895833333444 0.951041666666736 0
81 0.307291666666979 0.651041666667084 0
82 0.312499999999322 0.0625000000000702 0
83 0.312499999999649 0.312500000000351 0
84 0.312499999999649 0.395833333334027 0
85 0.313541666667583 0.853125000000208 0
86 0.320833333333499 0.595833333333751 0
87 0.328125000000726 0.755208333333681 0
88 0.333333333332507 0 0
89 0.333333333332848 0.250000000000281 0
90 0.333333333334706 1 0
91 0.334375000000019 0.540625000000419 0
92 0.347916666666539 0.485416666667086 0
93 0.347916666667849 0.902083333333472 0
94 0.3527777777782 0.695833333333654 0
95 0.354166666666043 0.18750000000021 0
96 0.361458333333059 0.430208333333754 0
97 0.362500000000992 0.804166666666944 0
98 0.36631944444472 0.640625000000321 0
99 0.374999999999229 0.12500000000014 0
100 0.374999999999579 0.375000000000421 0
101 0.37986111111124 0.585416666666988 0
102 0.382291666668116 0.951041666666736 0
103 0.387152777778467 0.744791666666918 0
104 0.39340277777776 0.530208333333656 0
105 0.395833333332414 0.0625000000000702 0
106 0.395833333332765 0.312500000000351 0
107 0.396875000001259 0.853125000000208 0
108 0.40694444444428 0.475000000000323 0
109 0.411805555555942 0.685416666666891 0
110 0.4166666666656 0 0
111 0.41666666666595 0.250000000000281 0
112 0.416666666668383 1 0
113 0.4204861111108 0.419791666666991 0
114 0.421527777778734 0.793750000000181 0
115 0.425347222222462 0.630208333333558 0
116 0.431250000001526 0.902083333333472 0
117 0.432291666666207 0.359375000000269 0
118 0.437499999999136 0.18750000000021 0
119 0.438888888888982 0.575000000000226 0
120 0.446180555556208 0.734375000000155 0
121 0.452430555555502 0.519791666666893 0
122 0.453124999999392 0.296875000000199 0
123 0.455902777779001 0.842708333333446 0
124 0.458333333332321 0.12500000000014 0
125 0.465625000001793 0.951041666666736 0
126 0.465972222222022 0.464583333333561 0
127 0.470833333333683 0.675000000000128 0
128 0.473958333332578 0.234375000000129 0
129 0.477777777777428 0.404166666666839 0
130 0.479166666665507 0.0625000000000702 0
131 0.480555555556475 0.783333333333419 0
132 0.484375000000203 0.619791666666796 0
133 0.489583333332835 0.343750000000117 0
134 0.490277777779267 0.891666666666709 0
135 0.494791666665764 0.171875000000059 0
136 0.497916666666723 0.564583333333463 0
137 0.499999999998692 0 0
138 0.500000000002059 1 0
139 0.50520833333395 0.723958333333392 0
140 0.51041666666602 0.281250000000047 0
141 0.511458333333243 0.50937500000013 0
142 0.514930555556742 0.832291666666683 0
143 0.515624999998949 0.109374999999988 0
144 0.52326388888865 0.448958333333409 0
145 0.524652777779534 0.940624999999973 0
146 0.529861111111424 0.664583333333366 0
147 0.531249999999206 0.218749999999977 0
148 0.535069444444056 0.388541666666687 0
149 0.536458333332134 0.0468749999999184 0
150 0.539583333334217 0.772916666666656 0
151 0.543402777777944 0.609375000000033 0
152 0.546874999999463 0.328124999999966 0
153 0.549305555557009 0.881249999999947 0
154 0.552083333332391 0.156249999999907 0
155 0.556944444444464 0.5541666666667 0
156 0.564236111111691 0.713541666666629 0
157 0.567708333332648 0.265624999999895 0
158 0.568749999999871 0.493749999999979 0
159 0.572916666665577 0.0937499999998367 0
160 0.573958333334483 0.82187499999992 0
161 0.580555555555277 0.433333333333257 0
162 0.583333333332243 0 0
163 0.583333333335162 1 0
164 0.588541666665834 0.203124999999825 0
165 0.588888888889166 0.654166666666603 0
166 0.592361111110684 0.372916666666535 0
167 0.598611111111958 0.762499999999893 0
168 0.602430555555686 0.59895833333327 0
169 0.60416666666609 0.312499999999814 0
170 0.607986111112607 0.940624999999973 0
171 0.609374999999019 0.140624999999755 0
172 0.614236111111092 0.538541666666548 0
173 0.619791666665686 0.0468749999999184 0
174 0.623263888889433 0.703124999999867 0
175 0.624999999999276 0.249999999999744 0
176 0.626041666666499 0.478124999999827 0
177 0.632638888890067 0.881249999999947 0
178 0.637847222221905 0.417708333333105 0
179 0.645833333332461 0.187499999999673 0
180 0.647916666666907 0.64374999999984 0
181 0.649652777777312 0.357291666666384 0
182 0.656249999999128 0.0937499999998367 0
183 0.657291666667526 0.82187499999992 0
184 0.659722222222314 0.583333333333118 0
185 0.661458333332718 0.296874999999662 0
186 0.666666666665795 0 0
187 0.666666666668087 1 0
188 0.67152777777772 0.522916666666397 0
189 0.681944444444974 0.762499999999893 0
190 0.682291666665904 0.234374999999592 0
191 0.683333333333127 0.462499999999675 0
192 0.691319444445561 0.940624999999973 0
193 0.69270833333257 0.140624999999755 0
194 0.695138888888533 0.402083333332953 0
195 0.703124999999237 0.0468749999999184 0
196 0.706597222222423 0.703124999999867 0
197 0.706597222222423 0.619791666666315 0
198 0.706944444443939 0.341666666666232 0
199 0.715972222223036 0.881249999999947 0
200 0.718402777777829 0.559374999999594 0
201 0.718749999999346 0.28124999999951 0
202 0.729166666666012 0.187499999999673 0
203 0.730208333333236 0.498958333332872 0
204 0.739583333332679 0.0937499999998367 0
205 0.740625000000487 0.82187499999992 0
206 0.742013888888642 0.43854166666615 0
207 0.749999999999346 0 0
208 0.7500000000011 1 0
209 0.753819444444048 0.378124999999429 0
210 0.765277777777938 0.679166666666342 0
211 0.765277777777938 0.762499999999893 0
212 0.765277777777938 0.595833333332791 0
213 0.765624999999455 0.234374999999592 0
214 0.765624999999455 0.317708333332707 0
215 0.774652777778574 0.940624999999973 0
216 0.776041666666122 0.140624999999755 0
217 0.777083333333344 0.535416666666069 0
218 0.786458333332788 0.0468749999999184 0
219 0.788888888888751 0.474999999999347 0
220 0.799305555556014 0.881249999999947 0
221 0.800694444444157 0.414583333332626 0
222 0.812499999999564 0.270833333332802 0
223 0.812499999999564 0.187499999999673 0
224 0.812499999999564 0.354166666665904 0
225 0.822916666666231 0.0937499999998367 0
226 0.823958333333453 0.738541666666369 0
227 0.823958333333453 0.655208333332817 0
228 0.823958333333454 0.82187499999992 0
229 0.823958333333454 0.571874999999266 0
230 0.833333333332897 0 0
231 0.833333333334113 1 0
232 0.83576388888886 0.511458333332544 0
233 0.847569444444266 0.451041666665823 0
234 0.857986111111541 0.940624999999973 0
235 0.859374999999673 0.223958333332897 0
236 0.859374999999673 0.307291666666009 0
237 0.859374999999673 0.140624999999755 0
238 0.859374999999673 0.390624999999101 0
239 0.86979166666634 0.0468749999999183 0
240 0.882638888888969 0.631249999999293 0
241 0.882638888888969 0.881249999999947 0
242 0.882638888888969 0.547916666665741 0
243 0.882638888888969 0.797916666666395 0
244 0.882638888888969 0.714583333332844 0
245 0.894444444444375 0.48749999999902 0
246 0.906249999999782 0.260416666666114 0
247 0.906249999999782 0.0937499999998367 0
248 0.906249999999782 0.427083333332298 0
249 0.906249999999782 0.343749999999206 0
250 0.906249999999782 0.177083333332992 0
251 0.916666666666449 0 0
252 0.916666666667056 1 0
253 0.941319444444484 0.607291666665768 0
254 0.941319444444485 0.940624999999973 0
255 0.941319444444485 0.523958333332217 0
256 0.941319444444485 0.857291666666422 0
257 0.941319444444485 0.690624999999319 0
258 0.941319444444485 0.773958333332871 0
259 0.953124999999891 0.0468749999999183 0
260 0.953124999999891 0.463541666665495 0
261 0.953124999999891 0.130208333333087 0
262 0.953124999999891 0.380208333332403 0
263 0.953124999999891 0.213541666666218 0
264 0.953124999999891 0.29687499999931 0
265 1 0 0
266 1 1 0
267 1 0.499999999998692 0
268 1 0.0833333333331728 0
269 1 0.166666666666323 0
270 1 0.249999999999415 0
271 1 0.333333333332507 0
272 1 0.4166666666656 0
273 1 0.583333333332243 0
274 1 0.666666666665795 0
275 1 0.749999999999346 0
276 1 0.833333333332897 0
277 1 0.916666666666449 0
