1 0 0 0
2 0 1 0
3 0 0.500000000002059 0
4 0 0.875000000000478 0
5 0 0.750000000001074 0
6 0 0.625000000001747 0
7 0 0.375000000001544 0
8 0 0.25000000000103 0
9 0 0.125000000000515 0
10 0.0734375000001147 0.926562500000104 0
11 0.0734375000001147 0.551562500001649 0
12 0.0734375000001147 0.801562500000611 0
13 0.0734375000001147 0.676562500001246 0
14 0.0937499999998948 0.0937500000001052 0
15 0.0937499999998948 0.21875000000062 0
16 0.0937499999998948 0.46875000000165 0
17 0.0937499999998948 0.343750000001135 0
18 0.124999999999778 0 0
19 0.125000000000515 1 0
20 0.146875000000229 0.853125000000208 0
21 0.146875000000229 0.603125000001238 0
22 0.146875000000229 0.728125000000764 0
23 0.16718750000001 0.520312500001239 0
24 0.18749999999979 0.18750000000021 0
25 0.18749999999979 0.43750000000124 0
26 0.18749999999979 0.312500000000725 0
27 0.19843750000063 0.926562500000104 0
28 0.218749999999638 0.0937500000001052 0
29 0.220312500000344 0.779687500000313 0
30 0.220312500000344 0.654687500000827 0
31 0.240625000000124 0.571875000000828 0
32 0.249999999999416 0 0
33 0.25000000000103 1 0
34 0.260937499999904 0.48906250000083 0
35 0.271875000000744 0.853125000000208 0
36 0.281249999999684 0.281250000000316 0
37 0.281249999999684 0.406250000000831 0
38 0.293750000000459 0.706250000000417 0
39 0.312499999999497 0.18750000000021 0
40 0.314062500000239 0.623437500000418 0
41 0.323437500001144 0.926562500000104 0
42 0.334375000000019 0.540625000000419 0
43 0.343749999999276 0.0937500000001052 0
44 0.345312500000859 0.779687500000313 0
45 0.354687499999799 0.45781250000042 0
46 0.374999999999054 0 0
47 0.374999999999579 0.375000000000421 0
48 0.375000000001544 1 0
49 0.382291666667071 0.690625000000272 0
50 0.396875000001259 0.853125000000208 0
51 0.402604166666851 0.607812500000274 0
52 0.406249999999357 0.281250000000316 0
53 0.422916666666631 0.525000000000275 0
54 0.433854166667471 0.764062500000168 0
55 0.437499999999136 0.18750000000021 0
56 0.443229166666411 0.442187500000276 0
57 0.448437500001659 0.926562500000104 0
58 0.460937499999521 0.351562500000193 0
59 0.468749999998914 0.0937500000001052 0
60 0.470833333333683 0.675000000000128 0
61 0.485416666667871 0.837500000000064 0
62 0.491145833333463 0.592187500000129 0
63 0.492187499999299 0.257812500000088 0
64 0.499999999998692 0 0
65 0.500000000002059 1 0
66 0.511458333333243 0.50937500000013 0
67 0.522395833334083 0.748437500000024 0
68 0.523437499999077 0.164062499999983 0
69 0.529166666666353 0.418750000000048 0
70 0.536979166668271 0.91093749999996 0
71 0.546874999999463 0.328124999999966 0
72 0.554687499998856 0.0703124999998775 0
73 0.559375000000295 0.659374999999984 0
74 0.573958333334483 0.82187499999992 0
75 0.578124999999241 0.23437499999986 0
76 0.579687500000075 0.576562499999985 0
77 0.597395833333185 0.485937499999903 0
78 0.609374999999019 0.140624999999755 0
79 0.610937500000695 0.73281249999988 0
80 0.615104166666295 0.39531249999982 0
81 0.624999999999019 0 0
82 0.625000000001747 1 0
83 0.632812499999404 0.304687499999738 0
84 0.647916666666907 0.64374999999984 0
85 0.661979166667869 0.91093749999996 0
86 0.664062499999182 0.210937499999632 0
87 0.665625000000017 0.553124999999758 0
88 0.679687499999182 0.0703124999998775 0
89 0.683333333333127 0.462499999999675 0
90 0.69895833333401 0.82187499999992 0
91 0.701041666666236 0.371874999999593 0
92 0.718749999999346 0.28124999999951 0
93 0.734374999999346 0.140624999999755 0
94 0.73593750000018 0.73281249999988 0
95 0.73593750000018 0.607812499999553 0
96 0.749999999999346 0 0
97 0.750000000001074 1 0
98 0.75364583333329 0.51718749999947 0
99 0.7713541666664 0.426562499999388 0
100 0.786979166667234 0.91093749999996 0
101 0.789062499999509 0.210937499999632 0
102 0.789062499999509 0.335937499999306 0
103 0.804687499999509 0.0703124999998775 0
104 0.823958333333454 0.82187499999992 0
105 0.823958333333454 0.571874999999266 0
106 0.823958333333454 0.696874999999593 0
107 0.841666666666563 0.481249999999183 0
108 0.859374999999673 0.140624999999755 0
109 0.859374999999673 0.390624999999101 0
110 0.859374999999673 0.265624999999463 0
111 0.874999999999673 0 0
112 0.875000000000478 1 0
113 0.911979166666727 0.91093749999996 0
114 0.911979166666727 0.535937499998979 0
115 0.911979166666727 0.660937499999306 0
116 0.911979166666727 0.785937499999633 0
117 0.929687499999836 0.0703124999998775 0
118 0.929687499999836 0.445312499998897 0
119 0.929687499999836 0.19531249999962 0
120 0.929687499999836 0.320312499999258 0
121 1 0 0
122 1 1 0
123 1 0.499999999998692 0
124 1 0.124999999999778 0
125 1 0.249999999999416 0
126 1 0.374999999999054 0
127 1 0.624999999999019 0
128 1 0.749999999999346 0
129 1 0.874999999999673 0
