1 0 0 0
2 0 1 0
3 0 0.500000000002059 0
4 0 0.833333333334096 0
5 0 0.66666666666806 0
6 0 0.333333333334706 0
7 0 0.166666666667353 0
8 0.0979166666668196 0.735416666667524 0
9 0.0979166666668196 0.902083333333472 0
10 0.0979166666668196 0.568750000001512 0
11 0.12499999999986 0.12500000000014 0
12 0.12499999999986 0.458333333334847 0
13 0.12499999999986 0.291666666667493 0
14 0.166666666666332 0 0
15 0.166666666667353 1 0
16 0.195833333333639 0.804166666666944 0
17 0.195833333333639 0.637500000000964 0
18 0.222916666666679 0.527083333334299 0
19 0.249999999999719 0.250000000000281 0
20 0.249999999999719 0.416666666667634 0
21 0.264583333334173 0.902083333333472 0
22 0.291666666666141 0.12500000000014 0
23 0.293750000000459 0.706250000000417 0
24 0.320833333333499 0.595833333333751 0
25 0.333333333332512 0 0
26 0.333333333334706 1 0
27 0.347916666666539 0.485416666667086 0
28 0.362500000000992 0.804166666666944 0
29 0.374999999999579 0.375000000000421 0
30 0.411805555555942 0.685416666666891 0
31 0.41666666666595 0.250000000000281 0
32 0.431250000001526 0.902083333333472 0
33 0.438888888888982 0.575000000000226 0
34 0.458333333332321 0.12500000000014 0
35 0.465972222222022 0.464583333333561 0
36 0.480555555556475 0.783333333333419 0
37 0.489583333332835 0.343750000000117 0
38 0.499999999998692 0 0
39 0.500000000002059 1 0
40 0.529861111111424 0.664583333333366 0
41 0.531249999999206 0.218749999999977 0
42 0.549305555557009 0.881249999999947 0
43 0.556944444444464 0.5541666666667 0
44 0.572916666665577 0.0937499999998367 0
45 0.580555555555277 0.433333333333257 0
46 0.598611111111958 0.762499999999893 0
47 0.60416666666609 0.312499999999814 0
48 0.645833333332461 0.187499999999673 0
49 0.647916666666907 0.64374999999984 0
50 0.666666666665795 0 0
51 0.66666666666806 1 0
52 0.67152777777772 0.522916666666397 0
53 0.695138888888533 0.402083333332953 0
54 0.715972222223021 0.881249999999947 0
55 0.718749999999346 0.28124999999951 0
56 0.739583333332679 0.0937499999998367 0
57 0.765277777777938 0.762499999999893 0
58 0.765277777777938 0.595833333332791 0
59 0.788888888888751 0.474999999999347 0
60 0.812499999999564 0.187499999999673 0
61 0.812499999999564 0.354166666665904 0
62 0.833333333332897 0 0
63 0.833333333334096 1 0
64 0.882638888888969 0.881249999999947 0
65 0.882638888888969 0.547916666665741 0
66 0.882638888888969 0.714583333332844 0
67 0.906249999999782 0.260416666666118 0
68 0.906249999999782 0.0937499999998367 0
69 0.906249999999782 0.427083333332298 0
70 1 0 0
71 1 1 0
72 1 0.499999999998692 0
73 1 0.166666666666332 0
74 1 0.333333333332512 0
75 1 0.666666666665795 0
76 1 0.833333333332897 0
