1 1 1 1 1617 1652 1651
2 1 1 1 1420 1421 1461
3 1 1 1 1728 1729 1769
4 1 1 1 1736 1737 1773
5 1 1 1 1339 1300 1337
6 1 1 1 1496 1460 1494
7 1 1 1 1582 1583 1619
8 1 1 1 1648 1616 1646
9 1 1 1 1795 1768 1793
10 1 1 1 1799 1770 1798
11 1 1 1 1732 1733 1771
12 1 1 1 1803 1772 1802
13 1 1 1 1807 1774 1806
14 1 1 1 1656 1620 1655
15 1 1 1 1579 1580 1618
16 1 1 1 1500 1462 1499
17 1 1 1 1300 1259 1260
18 1 1 1 1381 1337 1338
19 1 1 1 1421 1381 1418
20 1 1 1 1460 1418 1419
21 1 1 1 1539 1494 1495
22 1 1 1 1583 1539 1575
23 1 1 1 1616 1575 1576
24 1 1 1 1688 1646 1647
25 1 1 1 1729 1688 1726
26 1 1 1 1768 1726 1727
27 1 1 1 1843 1793 1794
28 1 1 1 1845 1796 1795
29 1 1 1 1797 1769 1796
30 1 1 1 1847 1798 1797
31 1 1 1 1849 1800 1799
32 1 1 1 1801 1771 1800
33 1 1 1 1851 1802 1801
34 1 1 1 1853 1804 1803
35 1 1 1 1805 1773 1804
36 1 1 1 1855 1806 1805
37 1 1 1 1857 1808 1807
38 1 1 1 1774 1739 1738
39 1 1 1 1738 1691 1736
40 1 1 1 1691 1657 1656
41 1 1 1 1620 1584 1581
42 1 1 1 1581 1536 1579
43 1 1 1 1536 1501 1500
44 1 1 1 1462 1423 1422
45 1 1 1 1422 1380 1420
46 1 1 1 1380 1340 1339
47 1 1 1 1498 1461 1497
48 1 1 1 1538 1497 1496
49 1 1 1 1578 1538 1582
50 1 1 1 1653 1619 1649
51 1 1 1 1687 1649 1648
52 1 1 1 1730 1687 1728
53 1 1 1 1770 1731 1730
54 1 1 1 1733 1690 1731
55 1 1 1 1734 1689 1732
56 1 1 1 1772 1735 1734
57 1 1 1 1737 1692 1735
58 1 1 1 1692 1655 1654
59 1 1 1 1654 1618 1650
60 1 1 1 1580 1537 1577
61 1 1 1 1537 1499 1498
62 1 1 1 1577 1578 1617
63 1 1 1 1652 1653 1690
64 1 1 1 1650 1651 1689
65 1 1 1 1260 1259 1216
66 1 1 1 1299 1300 1260
67 1 1 1 1337 1300 1299
68 1 1 1 1338 1337 1299
69 1 1 1 1378 1381 1338
70 1 1 1 1418 1381 1378
71 1 1 1 1419 1418 1378
72 1 1 1 1457 1460 1419
73 1 1 1 1494 1460 1457
74 1 1 1 1495 1494 1457
75 1 1 1 1532 1539 1495
76 1 1 1 1575 1539 1532
77 1 1 1 1576 1575 1532
78 1 1 1 1611 1616 1576
79 1 1 1 1646 1616 1611
80 1 1 1 1647 1646 1611
81 1 1 1 1681 1688 1647
82 1 1 1 1726 1688 1681
83 1 1 1 1727 1726 1681
84 1 1 1 1761 1768 1727
85 1 1 1 1793 1768 1761
86 1 1 1 1794 1793 1761
87 1 1 1 1842 1843 1794
88 1 1 1 1843 1844 1793
89 1 1 1 1844 1795 1793
90 1 1 1 1844 1845 1795
91 1 1 1 1845 1846 1796
92 1 1 1 1846 1797 1796
93 1 1 1 1846 1847 1797
94 1 1 1 1847 1848 1798
95 1 1 1 1848 1799 1798
96 1 1 1 1848 1849 1799
97 1 1 1 1849 1850 1800
98 1 1 1 1850 1801 1800
99 1 1 1 1850 1851 1801
100 1 1 1 1851 1852 1802
101 1 1 1 1852 1803 1802
102 1 1 1 1852 1853 1803
103 1 1 1 1853 1854 1804
104 1 1 1 1854 1805 1804
105 1 1 1 1854 1855 1805
106 1 1 1 1855 1856 1806
107 1 1 1 1856 1807 1806
108 1 1 1 1856 1857 1807
109 1 1 1 1857 1826 1808
110 1 1 1 1807 1808 1767
111 1 1 1 1807 1767 1774
112 1 1 1 1774 1767 1739
113 1 1 1 1738 1739 1683
114 1 1 1 1738 1683 1691
115 1 1 1 1691 1683 1657
116 1 1 1 1656 1657 1615
117 1 1 1 1656 1615 1620
118 1 1 1 1620 1615 1584
119 1 1 1 1581 1584 1531
120 1 1 1 1581 1531 1536
121 1 1 1 1536 1531 1501
122 1 1 1 1500 1501 1459
123 1 1 1 1500 1459 1462
124 1 1 1 1462 1459 1423
125 1 1 1 1422 1423 1377
126 1 1 1 1422 1377 1380
127 1 1 1 1380 1377 1340
128 1 1 1 1339 1340 1298
129 1 1 1 1339 1298 1300
130 1 1 1 1300 1298 1259
131 1 1 1 1379 1339 1337
132 1 1 1 1381 1379 1337
133 1 1 1 1421 1379 1381
134 1 1 1 1456 1421 1418
135 1 1 1 1460 1456 1418
136 1 1 1 1496 1456 1460
137 1 1 1 1535 1496 1494
138 1 1 1 1539 1535 1494
139 1 1 1 1583 1535 1539
140 1 1 1 1610 1583 1575
141 1 1 1 1616 1610 1575
142 1 1 1 1648 1610 1616
143 1 1 1 1684 1648 1646
144 1 1 1 1688 1684 1646
145 1 1 1 1729 1684 1688
146 1 1 1 1760 1729 1726
147 1 1 1 1768 1760 1726
148 1 1 1 1795 1760 1768
149 1 1 1 1795 1796 1760
150 1 1 1 1796 1769 1760
151 1 1 1 1797 1762 1769
152 1 1 1 1797 1798 1762
153 1 1 1 1798 1770 1762
154 1 1 1 1799 1763 1770
155 1 1 1 1799 1800 1763
156 1 1 1 1800 1771 1763
157 1 1 1 1801 1764 1771
158 1 1 1 1801 1802 1764
159 1 1 1 1802 1772 1764
160 1 1 1 1803 1765 1772
161 1 1 1 1803 1804 1765
162 1 1 1 1804 1773 1765
163 1 1 1 1805 1766 1773
164 1 1 1 1805 1806 1766
165 1 1 1 1806 1774 1766
166 1 1 1 1766 1774 1738
167 1 1 1 1766 1738 1736
168 1 1 1 1736 1691 1686
169 1 1 1 1686 1691 1656
170 1 1 1 1686 1656 1655
171 1 1 1 1655 1620 1614
172 1 1 1 1614 1620 1581
173 1 1 1 1614 1581 1579
174 1 1 1 1579 1536 1534
175 1 1 1 1534 1536 1500
176 1 1 1 1534 1500 1499
177 1 1 1 1499 1462 1458
178 1 1 1 1458 1462 1422
179 1 1 1 1458 1422 1420
180 1 1 1 1420 1380 1379
181 1 1 1 1379 1380 1339
182 1 1 1 1420 1379 1421
183 1 1 1 1461 1421 1456
184 1 1 1 1497 1461 1456
185 1 1 1 1496 1497 1456
186 1 1 1 1535 1538 1496
187 1 1 1 1582 1538 1535
188 1 1 1 1582 1535 1583
189 1 1 1 1619 1583 1610
190 1 1 1 1649 1619 1610
191 1 1 1 1648 1649 1610
192 1 1 1 1684 1687 1648
193 1 1 1 1728 1687 1684
194 1 1 1 1728 1684 1729
195 1 1 1 1769 1729 1760
196 1 1 1 1762 1728 1769
197 1 1 1 1762 1730 1728
198 1 1 1 1762 1770 1730
199 1 1 1 1770 1763 1731
200 1 1 1 1763 1733 1731
201 1 1 1 1771 1733 1763
202 1 1 1 1764 1732 1771
203 1 1 1 1764 1734 1732
204 1 1 1 1764 1772 1734
205 1 1 1 1772 1765 1735
206 1 1 1 1765 1737 1735
207 1 1 1 1773 1737 1765
208 1 1 1 1766 1736 1773
209 1 1 1 1736 1686 1737
210 1 1 1 1737 1686 1692
211 1 1 1 1692 1686 1655
212 1 1 1 1654 1655 1614
213 1 1 1 1654 1614 1618
214 1 1 1 1614 1579 1618
215 1 1 1 1579 1534 1580
216 1 1 1 1580 1534 1537
217 1 1 1 1537 1534 1499
218 1 1 1 1498 1499 1458
219 1 1 1 1498 1458 1461
220 1 1 1 1458 1420 1461
221 1 1 1 1533 1498 1497
222 1 1 1 1538 1533 1497
223 1 1 1 1578 1533 1538
224 1 1 1 1613 1578 1582
225 1 1 1 1613 1582 1619
226 1 1 1 1653 1613 1619
227 1 1 1 1680 1653 1649
228 1 1 1 1687 1680 1649
229 1 1 1 1730 1680 1687
230 1 1 1 1730 1731 1680
231 1 1 1 1731 1690 1680
232 1 1 1 1733 1685 1690
233 1 1 1 1732 1685 1733
234 1 1 1 1732 1689 1685
235 1 1 1 1734 1682 1689
236 1 1 1 1734 1735 1682
237 1 1 1 1735 1692 1682
238 1 1 1 1682 1692 1654
239 1 1 1 1682 1654 1650
240 1 1 1 1650 1618 1612
241 1 1 1 1618 1580 1612
242 1 1 1 1612 1580 1577
243 1 1 1 1577 1537 1533
244 1 1 1 1533 1537 1498
245 1 1 1 1577 1533 1578
246 1 1 1 1617 1578 1613
247 1 1 1 1617 1613 1652
248 1 1 1 1652 1613 1653
249 1 1 1 1690 1653 1680
250 1 1 1 1685 1652 1690
251 1 1 1 1651 1652 1685
252 1 1 1 1689 1651 1685
253 1 1 1 1682 1650 1689
254 1 1 1 1650 1612 1651
255 1 1 1 1612 1617 1651
256 1 1 1 1612 1577 1617
257 1 1 1 247 209 208
258 1 1 1 449 450 408
259 1 1 1 122 123 93
260 1 1 1 130 131 97
261 1 1 1 532 574 530
262 1 1 1 365 407 363
263 1 1 1 286 287 249
264 1 1 1 205 246 203
265 1 1 1 52 92 50
266 1 1 1 56 94 55
267 1 1 1 126 127 95
268 1 1 1 60 96 59
269 1 1 1 64 98 63
270 1 1 1 213 250 212
271 1 1 1 283 284 248
272 1 1 1 369 409 368
273 1 1 1 574 617 618
274 1 1 1 492 530 531
275 1 1 1 450 492 447
276 1 1 1 407 447 448
277 1 1 1 332 363 364
278 1 1 1 287 332 279
279 1 1 1 246 279 280
280 1 1 1 175 203 204
281 1 1 1 123 175 120
282 1 1 1 92 120 121
283 1 1 1 19 50 51
284 1 1 1 21 53 52
285 1 1 1 54 93 53
286 1 1 1 23 55 54
287 1 1 1 25 57 56
288 1 1 1 58 95 57
289 1 1 1 27 59 58
290 1 1 1 29 61 60
291 1 1 1 62 97 61
292 1 1 1 31 63 62
293 1 1 1 33 65 64
294 1 1 1 98 133 132
295 1 1 1 132 178 130
296 1 1 1 178 214 213
297 1 1 1 250 288 285
298 1 1 1 285 329 283
299 1 1 1 329 370 369
300 1 1 1 409 452 451
301 1 1 1 451 491 449
302 1 1 1 491 533 532
303 1 1 1 367 408 366
304 1 1 1 331 366 365
305 1 1 1 282 331 286
306 1 1 1 210 249 206
307 1 1 1 174 206 205
308 1 1 1 124 174 122
309 1 1 1 94 125 124
310 1 1 1 127 177 125
311 1 1 1 128 176 126
312 1 1 1 96 129 128
313 1 1 1 131 179 129
314 1 1 1 179 212 211
315 1 1 1 211 248 207
316 1 1 1 284 330 281
317 1 1 1 330 368 367
318 1 1 1 281 282 247
319 1 1 1 209 210 177
320 1 1 1 207 208 176
321 1 1 1 618 617 660
322 1 1 1 573 574 618
323 1 1 1 530 574 573
324 1 1 1 531 530 573
325 1 1 1 489 492 531
326 1 1 1 447 492 489
327 1 1 1 448 447 489
328 1 1 1 404 407 448
329 1 1 1 363 407 404
330 1 1 1 364 363 404
331 1 1 1 325 332 364
332 1 1 1 279 332 325
333 1 1 1 280 279 325
334 1 1 1 241 246 280
335 1 1 1 203 246 241
336 1 1 1 204 203 241
337 1 1 1 168 175 204
338 1 1 1 120 175 168
339 1 1 1 121 120 168
340 1 1 1 85 92 121
341 1 1 1 50 92 85
342 1 1 1 51 50 85
343 1 1 1 18 19 51
344 1 1 1 19 20 50
345 1 1 1 20 52 50
346 1 1 1 20 21 52
347 1 1 1 21 22 53
348 1 1 1 22 54 53
349 1 1 1 22 23 54
350 1 1 1 23 24 55
351 1 1 1 24 56 55
352 1 1 1 24 25 56
353 1 1 1 25 26 57
354 1 1 1 26 58 57
355 1 1 1 26 27 58
356 1 1 1 27 28 59
357 1 1 1 28 60 59
358 1 1 1 28 29 60
359 1 1 1 29 30 61
360 1 1 1 30 62 61
361 1 1 1 30 31 62
362 1 1 1 31 32 63
363 1 1 1 32 64 63
364 1 1 1 32 33 64
365 1 1 1 33 1 65
366 1 1 1 64 65 91
367 1 1 1 64 91 98
368 1 1 1 98 91 133
369 1 1 1 132 133 170
370 1 1 1 132 170 178
371 1 1 1 178 170 214
372 1 1 1 213 214 245
373 1 1 1 213 245 250
374 1 1 1 250 245 288
375 1 1 1 285 288 324
376 1 1 1 285 324 329
377 1 1 1 329 324 370
378 1 1 1 369 370 406
379 1 1 1 369 406 409
380 1 1 1 409 406 452
381 1 1 1 451 452 488
382 1 1 1 451 488 491
383 1 1 1 491 488 533
384 1 1 1 532 533 572
385 1 1 1 532 572 574
386 1 1 1 574 572 617
387 1 1 1 490 532 530
388 1 1 1 492 490 530
389 1 1 1 450 490 492
390 1 1 1 403 450 447
391 1 1 1 407 403 447
392 1 1 1 365 403 407
393 1 1 1 328 365 363
394 1 1 1 332 328 363
395 1 1 1 287 328 332
396 1 1 1 240 287 279
397 1 1 1 246 240 279
398 1 1 1 205 240 246
399 1 1 1 171 205 203
400 1 1 1 175 171 203
401 1 1 1 123 171 175
402 1 1 1 84 123 120
403 1 1 1 92 84 120
404 1 1 1 52 84 92
405 1 1 1 52 53 84
406 1 1 1 53 93 84
407 1 1 1 54 86 93
408 1 1 1 54 55 86
409 1 1 1 55 94 86
410 1 1 1 56 87 94
411 1 1 1 56 57 87
412 1 1 1 57 95 87
413 1 1 1 58 88 95
414 1 1 1 58 59 88
415 1 1 1 59 96 88
416 1 1 1 60 89 96
417 1 1 1 60 61 89
418 1 1 1 61 97 89
419 1 1 1 62 90 97
420 1 1 1 62 63 90
421 1 1 1 63 98 90
422 1 1 1 90 98 132
423 1 1 1 90 132 130
424 1 1 1 130 178 173
425 1 1 1 173 178 213
426 1 1 1 173 213 212
427 1 1 1 212 250 244
428 1 1 1 244 250 285
429 1 1 1 244 285 283
430 1 1 1 283 329 327
431 1 1 1 327 329 369
432 1 1 1 327 369 368
433 1 1 1 368 409 405
434 1 1 1 405 409 451
435 1 1 1 405 451 449
436 1 1 1 449 491 490
437 1 1 1 490 491 532
438 1 1 1 449 490 450
439 1 1 1 408 450 403
440 1 1 1 366 408 403
441 1 1 1 365 366 403
442 1 1 1 328 331 365
443 1 1 1 286 331 328
444 1 1 1 286 328 287
445 1 1 1 249 287 240
446 1 1 1 206 249 240
447 1 1 1 205 206 240
448 1 1 1 171 174 205
449 1 1 1 122 174 171
450 1 1 1 122 171 123
451 1 1 1 93 123 84
452 1 1 1 86 122 93
453 1 1 1 86 124 122
454 1 1 1 86 94 124
455 1 1 1 94 87 125
456 1 1 1 87 127 125
457 1 1 1 95 127 87
458 1 1 1 88 126 95
459 1 1 1 88 128 126
460 1 1 1 88 96 128
461 1 1 1 96 89 129
462 1 1 1 89 131 129
463 1 1 1 97 131 89
464 1 1 1 90 130 97
465 1 1 1 130 173 131
466 1 1 1 131 173 179
467 1 1 1 179 173 212
468 1 1 1 211 212 244
469 1 1 1 211 244 248
470 1 1 1 244 283 248
471 1 1 1 283 327 284
472 1 1 1 284 327 330
473 1 1 1 330 327 368
474 1 1 1 367 368 405
475 1 1 1 367 405 408
476 1 1 1 405 449 408
477 1 1 1 326 367 366
478 1 1 1 331 326 366
479 1 1 1 282 326 331
480 1 1 1 243 282 286
481 1 1 1 243 286 249
482 1 1 1 210 243 249
483 1 1 1 167 210 206
484 1 1 1 174 167 206
485 1 1 1 124 167 174
486 1 1 1 124 125 167
487 1 1 1 125 177 167
488 1 1 1 127 172 177
489 1 1 1 126 172 127
490 1 1 1 126 176 172
491 1 1 1 128 169 176
492 1 1 1 128 129 169
493 1 1 1 129 179 169
494 1 1 1 169 179 211
495 1 1 1 169 211 207
496 1 1 1 207 248 242
497 1 1 1 248 284 242
498 1 1 1 242 284 281
499 1 1 1 281 330 326
500 1 1 1 326 330 367
501 1 1 1 281 326 282
502 1 1 1 247 282 243
503 1 1 1 247 243 209
504 1 1 1 209 243 210
505 1 1 1 177 210 167
506 1 1 1 172 209 177
507 1 1 1 208 209 172
508 1 1 1 176 208 172
509 1 1 1 169 207 176
510 1 1 1 207 242 208
511 1 1 1 242 247 208
512 1 1 1 242 281 247
513 1 1 1 515 473 528
514 1 1 1 616 559 571
515 1 1 1 278 234 239
516 1 1 1 733 672 685
517 1 1 1 645 630 587
518 1 1 1 474 462 422
519 1 1 1 446 393 402
520 1 1 1 309 301 264
521 1 1 1 151 147 100
522 1 1 1 361 352 308
523 1 1 1 502 445 460
524 1 1 1 584 569 527
525 1 1 1 828 812 762
526 1 1 1 763 749 702
527 1 1 1 673 615 628
528 1 1 1 703 687 644
529 1 1 1 630 675 617
530 1 1 1 545 587 533
531 1 1 1 559 545 504
532 1 1 1 462 504 452
533 1 1 1 379 422 370
534 1 1 1 393 379 340
535 1 1 1 301 340 288
536 1 1 1 219 264 214
537 1 1 1 234 219 183
538 1 1 1 147 183 133
539 1 1 1 66 100 65
540 1 1 1 166 202 151
541 1 1 1 263 239 202
542 1 1 1 270 308 263
543 1 1 1 377 420 361
544 1 1 1 472 460 420
545 1 1 1 485 527 472
546 1 1 1 599 642 584
547 1 1 1 701 685 642
548 1 1 1 717 762 701
549 1 1 1 843 896 828
550 1 1 1 812 863 797
551 1 1 1 797 780 733
552 1 1 1 780 829 763
553 1 1 1 749 798 734
554 1 1 1 734 719 673
555 1 1 1 719 764 703
556 1 1 1 687 735 674
557 1 1 1 674 659 616
558 1 1 1 659 704 645
559 1 1 1 586 571 529
560 1 1 1 487 529 474
561 1 1 1 503 487 446
562 1 1 1 421 402 362
563 1 1 1 323 362 309
564 1 1 1 339 323 278
565 1 1 1 352 392 339
566 1 1 1 445 432 392
567 1 1 1 557 543 502
568 1 1 1 569 614 557
569 1 1 1 672 657 614
570 1 1 1 657 702 643
571 1 1 1 643 628 585
572 1 1 1 615 601 558
573 1 1 1 601 644 586
574 1 1 1 558 503 515
575 1 1 1 473 421 432
576 1 1 1 585 528 543
577 1 1 1 617 675 660
578 1 1 1 572 630 617
579 1 1 1 587 630 572
580 1 1 1 533 587 572
581 1 1 1 488 545 533
582 1 1 1 504 545 488
583 1 1 1 452 504 488
584 1 1 1 406 462 452
585 1 1 1 422 462 406
586 1 1 1 370 422 406
587 1 1 1 324 379 370
588 1 1 1 340 379 324
589 1 1 1 288 340 324
590 1 1 1 245 301 288
591 1 1 1 264 301 245
592 1 1 1 214 264 245
593 1 1 1 170 219 214
594 1 1 1 183 219 170
595 1 1 1 133 183 170
596 1 1 1 91 147 133
597 1 1 1 100 147 91
598 1 1 1 65 100 91
599 1 1 1 1 66 65
600 1 1 1 66 116 100
601 1 1 1 116 151 100
602 1 1 1 116 166 151
603 1 1 1 166 218 202
604 1 1 1 218 263 202
605 1 1 1 218 270 263
606 1 1 1 270 322 308
607 1 1 1 322 361 308
608 1 1 1 322 377 361
609 1 1 1 377 431 420
610 1 1 1 431 472 420
611 1 1 1 431 485 472
612 1 1 1 485 542 527
613 1 1 1 542 584 527
614 1 1 1 542 599 584
615 1 1 1 599 656 642
616 1 1 1 656 701 642
617 1 1 1 656 717 701
618 1 1 1 717 779 762
619 1 1 1 779 828 762
620 1 1 1 779 843 828
621 1 1 1 843 914 896
622 1 1 1 828 896 880
623 1 1 1 828 880 812
624 1 1 1 812 880 863
625 1 1 1 797 863 844
626 1 1 1 797 844 780
627 1 1 1 780 844 829
628 1 1 1 763 829 813
629 1 1 1 763 813 749
630 1 1 1 749 813 798
631 1 1 1 734 798 781
632 1 1 1 734 781 719
633 1 1 1 719 781 764
634 1 1 1 703 764 750
635 1 1 1 703 750 687
636 1 1 1 687 750 735
637 1 1 1 674 735 720
638 1 1 1 674 720 659
639 1 1 1 659 720 704
640 1 1 1 645 704 688
641 1 1 1 645 688 630
642 1 1 1 630 688 675
643 1 1 1 602 645 587
644 1 1 1 545 602 587
645 1 1 1 559 602 545
646 1 1 1 516 559 504
647 1 1 1 462 516 504
648 1 1 1 474 516 462
649 1 1 1 433 474 422
650 1 1 1 379 433 422
651 1 1 1 393 433 379
652 1 1 1 353 393 340
653 1 1 1 301 353 340
654 1 1 1 309 353 301
655 1 1 1 271 309 264
656 1 1 1 219 271 264
657 1 1 1 234 271 219
658 1 1 1 187 234 183
659 1 1 1 147 187 183
660 1 1 1 151 187 147
661 1 1 1 151 202 187
662 1 1 1 202 239 187
663 1 1 1 263 300 239
664 1 1 1 263 308 300
665 1 1 1 308 352 300
666 1 1 1 361 401 352
667 1 1 1 361 420 401
668 1 1 1 420 460 401
669 1 1 1 472 514 460
670 1 1 1 472 527 514
671 1 1 1 527 569 514
672 1 1 1 584 627 569
673 1 1 1 584 642 627
674 1 1 1 642 685 627
675 1 1 1 701 748 685
676 1 1 1 701 762 748
677 1 1 1 762 812 748
678 1 1 1 748 812 797
679 1 1 1 748 797 733
680 1 1 1 733 780 718
681 1 1 1 718 780 763
682 1 1 1 718 763 702
683 1 1 1 702 749 686
684 1 1 1 686 749 734
685 1 1 1 686 734 673
686 1 1 1 673 719 658
687 1 1 1 658 719 703
688 1 1 1 658 703 644
689 1 1 1 644 687 629
690 1 1 1 629 687 674
691 1 1 1 629 674 616
692 1 1 1 616 659 602
693 1 1 1 602 659 645
694 1 1 1 616 602 559
695 1 1 1 571 559 516
696 1 1 1 529 571 516
697 1 1 1 474 529 516
698 1 1 1 433 487 474
699 1 1 1 446 487 433
700 1 1 1 446 433 393
701 1 1 1 402 393 353
702 1 1 1 362 402 353
703 1 1 1 309 362 353
704 1 1 1 271 323 309
705 1 1 1 278 323 271
706 1 1 1 278 271 234
707 1 1 1 239 234 187
708 1 1 1 300 278 239
709 1 1 1 300 339 278
710 1 1 1 300 352 339
711 1 1 1 352 401 392
712 1 1 1 401 445 392
713 1 1 1 460 445 401
714 1 1 1 514 502 460
715 1 1 1 514 557 502
716 1 1 1 514 569 557
717 1 1 1 569 627 614
718 1 1 1 627 672 614
719 1 1 1 685 672 627
720 1 1 1 748 733 685
721 1 1 1 733 718 672
722 1 1 1 672 718 657
723 1 1 1 657 718 702
724 1 1 1 643 702 686
725 1 1 1 643 686 628
726 1 1 1 686 673 628
727 1 1 1 673 658 615
728 1 1 1 615 658 601
729 1 1 1 601 658 644
730 1 1 1 586 644 629
731 1 1 1 586 629 571
732 1 1 1 629 616 571
733 1 1 1 544 586 529
734 1 1 1 487 544 529
735 1 1 1 503 544 487
736 1 1 1 461 503 446
737 1 1 1 461 446 402
738 1 1 1 421 461 402
739 1 1 1 378 421 362
740 1 1 1 323 378 362
741 1 1 1 339 378 323
742 1 1 1 339 392 378
743 1 1 1 392 432 378
744 1 1 1 445 486 432
745 1 1 1 502 486 445
746 1 1 1 502 543 486
747 1 1 1 557 600 543
748 1 1 1 557 614 600
749 1 1 1 614 657 600
750 1 1 1 600 657 643
751 1 1 1 600 643 585
752 1 1 1 585 628 570
753 1 1 1 628 615 570
754 1 1 1 570 615 558
755 1 1 1 558 601 544
756 1 1 1 544 601 586
757 1 1 1 558 544 503
758 1 1 1 515 503 461
759 1 1 1 515 461 473
760 1 1 1 473 461 421
761 1 1 1 432 421 378
762 1 1 1 486 473 432
763 1 1 1 528 473 486
764 1 1 1 543 528 486
765 1 1 1 600 585 543
766 1 1 1 585 570 528
767 1 1 1 570 515 528
768 1 1 1 570 558 515
769 1 1 1 1335 1375 1320
770 1 1 1 1249 1307 1289
771 1 1 1 1562 1623 1606
772 1 1 1 1107 1168 1150
773 1 1 1 1224 1241 1281
774 1 1 1 1388 1402 1441
775 1 1 1 1409 1468 1449
776 1 1 1 1549 1558 1595
777 1 1 1 1705 1710 1744
778 1 1 1 1481 1492 1529
779 1 1 1 1345 1400 1386
780 1 1 1 1250 1269 1311
781 1 1 1 1002 1022 1068
782 1 1 1 1081 1100 1144
783 1 1 1 1180 1240 1221
784 1 1 1 1155 1172 1215
785 1 1 1 1241 1201 1259
786 1 1 1 1322 1281 1340
787 1 1 1 1307 1322 1363
788 1 1 1 1402 1363 1423
789 1 1 1 1483 1441 1501
790 1 1 1 1468 1483 1522
791 1 1 1 1558 1522 1584
792 1 1 1 1639 1595 1657
793 1 1 1 1623 1639 1675
794 1 1 1 1710 1675 1739
795 1 1 1 1792 1744 1808
796 1 1 1 1678 1642 1705
797 1 1 1 1590 1606 1642
798 1 1 1 1573 1529 1590
799 1 1 1 1466 1426 1481
800 1 1 1 1367 1386 1426
801 1 1 1 1353 1311 1367
802 1 1 1 1235 1192 1250
803 1 1 1 1132 1150 1192
804 1 1 1 1115 1068 1132
805 1 1 1 984 935 1002
806 1 1 1 1022 975 1042
807 1 1 1 1042 1061 1107
808 1 1 1 1061 1016 1081
809 1 1 1 1100 1056 1118
810 1 1 1 1118 1135 1180
811 1 1 1 1135 1091 1155
812 1 1 1 1172 1129 1191
813 1 1 1 1191 1208 1249
814 1 1 1 1208 1165 1224
815 1 1 1 1273 1289 1329
816 1 1 1 1369 1329 1388
817 1 1 1 1355 1369 1409
818 1 1 1 1434 1449 1488
819 1 1 1 1525 1488 1549
820 1 1 1 1515 1525 1562
821 1 1 1 1492 1454 1515
822 1 1 1 1400 1415 1454
823 1 1 1 1287 1304 1345
824 1 1 1 1269 1227 1287
825 1 1 1 1168 1185 1227
826 1 1 1 1185 1144 1203
827 1 1 1 1203 1221 1263
828 1 1 1 1240 1255 1296
829 1 1 1 1255 1215 1273
830 1 1 1 1296 1355 1335
831 1 1 1 1375 1434 1415
832 1 1 1 1263 1320 1304
833 1 1 1 1259 1201 1216
834 1 1 1 1298 1241 1259
835 1 1 1 1281 1241 1298
836 1 1 1 1340 1281 1298
837 1 1 1 1377 1322 1340
838 1 1 1 1363 1322 1377
839 1 1 1 1423 1363 1377
840 1 1 1 1459 1402 1423
841 1 1 1 1441 1402 1459
842 1 1 1 1501 1441 1459
843 1 1 1 1531 1483 1501
844 1 1 1 1522 1483 1531
845 1 1 1 1584 1522 1531
846 1 1 1 1615 1558 1584
847 1 1 1 1595 1558 1615
848 1 1 1 1657 1595 1615
849 1 1 1 1683 1639 1657
850 1 1 1 1675 1639 1683
851 1 1 1 1739 1675 1683
852 1 1 1 1767 1710 1739
853 1 1 1 1744 1710 1767
854 1 1 1 1808 1744 1767
855 1 1 1 1826 1792 1808
856 1 1 1 1792 1741 1744
857 1 1 1 1741 1705 1744
858 1 1 1 1741 1678 1705
859 1 1 1 1678 1627 1642
860 1 1 1 1627 1590 1642
861 1 1 1 1627 1573 1590
862 1 1 1 1573 1520 1529
863 1 1 1 1520 1481 1529
864 1 1 1 1520 1466 1481
865 1 1 1 1466 1407 1426
866 1 1 1 1407 1367 1426
867 1 1 1 1407 1353 1367
868 1 1 1 1353 1291 1311
869 1 1 1 1291 1250 1311
870 1 1 1 1291 1235 1250
871 1 1 1 1235 1175 1192
872 1 1 1 1175 1132 1192
873 1 1 1 1175 1115 1132
874 1 1 1 1115 1049 1068
875 1 1 1 1049 1002 1068
876 1 1 1 1049 984 1002
877 1 1 1 984 916 935
878 1 1 1 1002 935 955
879 1 1 1 1002 955 1022
880 1 1 1 1022 955 975
881 1 1 1 1042 975 994
882 1 1 1 1042 994 1061
883 1 1 1 1061 994 1016
884 1 1 1 1081 1016 1035
885 1 1 1 1081 1035 1100
886 1 1 1 1100 1035 1056
887 1 1 1 1118 1056 1073
888 1 1 1 1118 1073 1135
889 1 1 1 1135 1073 1091
890 1 1 1 1155 1091 1110
891 1 1 1 1155 1110 1172
892 1 1 1 1172 1110 1129
893 1 1 1 1191 1129 1148
894 1 1 1 1191 1148 1208
895 1 1 1 1208 1148 1165
896 1 1 1 1224 1165 1184
897 1 1 1 1224 1184 1241
898 1 1 1 1241 1184 1201
899 1 1 1 1266 1224 1281
900 1 1 1 1322 1266 1281
901 1 1 1 1307 1266 1322
902 1 1 1 1347 1307 1363
903 1 1 1 1402 1347 1363
904 1 1 1 1388 1347 1402
905 1 1 1 1428 1388 1441
906 1 1 1 1483 1428 1441
907 1 1 1 1468 1428 1483
908 1 1 1 1505 1468 1522
909 1 1 1 1558 1505 1522
910 1 1 1 1549 1505 1558
911 1 1 1 1586 1549 1595
912 1 1 1 1639 1586 1595
913 1 1 1 1623 1586 1639
914 1 1 1 1659 1623 1675
915 1 1 1 1710 1659 1675
916 1 1 1 1705 1659 1710
917 1 1 1 1705 1642 1659
918 1 1 1 1642 1606 1659
919 1 1 1 1590 1553 1606
920 1 1 1 1590 1529 1553
921 1 1 1 1529 1492 1553
922 1 1 1 1481 1439 1492
923 1 1 1 1481 1426 1439
924 1 1 1 1426 1386 1439
925 1 1 1 1367 1327 1386
926 1 1 1 1367 1311 1327
927 1 1 1 1311 1269 1327
928 1 1 1 1250 1210 1269
929 1 1 1 1250 1192 1210
930 1 1 1 1192 1150 1210
931 1 1 1 1132 1088 1150
932 1 1 1 1132 1068 1088
933 1 1 1 1068 1022 1088
934 1 1 1 1088 1022 1042
935 1 1 1 1088 1042 1107
936 1 1 1 1107 1061 1124
937 1 1 1 1124 1061 1081
938 1 1 1 1124 1081 1144
939 1 1 1 1144 1100 1160
940 1 1 1 1160 1100 1118
941 1 1 1 1160 1118 1180
942 1 1 1 1180 1135 1197
943 1 1 1 1197 1135 1155
944 1 1 1 1197 1155 1215
945 1 1 1 1215 1172 1232
946 1 1 1 1232 1172 1191
947 1 1 1 1232 1191 1249
948 1 1 1 1249 1208 1266
949 1 1 1 1266 1208 1224
950 1 1 1 1249 1266 1307
951 1 1 1 1289 1307 1347
952 1 1 1 1329 1289 1347
953 1 1 1 1388 1329 1347
954 1 1 1 1428 1369 1388
955 1 1 1 1409 1369 1428
956 1 1 1 1409 1428 1468
957 1 1 1 1449 1468 1505
958 1 1 1 1488 1449 1505
959 1 1 1 1549 1488 1505
960 1 1 1 1586 1525 1549
961 1 1 1 1562 1525 1586
962 1 1 1 1562 1586 1623
963 1 1 1 1606 1623 1659
964 1 1 1 1553 1562 1606
965 1 1 1 1553 1515 1562
966 1 1 1 1553 1492 1515
967 1 1 1 1492 1439 1454
968 1 1 1 1439 1400 1454
969 1 1 1 1386 1400 1439
970 1 1 1 1327 1345 1386
971 1 1 1 1327 1287 1345
972 1 1 1 1327 1269 1287
973 1 1 1 1269 1210 1227
974 1 1 1 1210 1168 1227
975 1 1 1 1150 1168 1210
976 1 1 1 1088 1107 1150
977 1 1 1 1107 1124 1168
978 1 1 1 1168 1124 1185
979 1 1 1 1185 1124 1144
980 1 1 1 1203 1144 1160
981 1 1 1 1203 1160 1221
982 1 1 1 1160 1180 1221
983 1 1 1 1180 1197 1240
984 1 1 1 1240 1197 1255
985 1 1 1 1255 1197 1215
986 1 1 1 1273 1215 1232
987 1 1 1 1273 1232 1289
988 1 1 1 1232 1249 1289
989 1 1 1 1314 1273 1329
990 1 1 1 1369 1314 1329
991 1 1 1 1355 1314 1369
992 1 1 1 1394 1355 1409
993 1 1 1 1394 1409 1449
994 1 1 1 1434 1394 1449
995 1 1 1 1472 1434 1488
996 1 1 1 1525 1472 1488
997 1 1 1 1515 1472 1525
998 1 1 1 1515 1454 1472
999 1 1 1 1454 1415 1472
1000 1 1 1 1400 1360 1415
1001 1 1 1 1345 1360 1400
1002 1 1 1 1345 1304 1360
1003 1 1 1 1287 1244 1304
1004 1 1 1 1287 1227 1244
1005 1 1 1 1227 1185 1244
1006 1 1 1 1244 1185 1203
1007 1 1 1 1244 1203 1263
1008 1 1 1 1263 1221 1279
1009 1 1 1 1221 1240 1279
1010 1 1 1 1279 1240 1296
1011 1 1 1 1296 1255 1314
1012 1 1 1 1314 1255 1273
1013 1 1 1 1296 1314 1355
1014 1 1 1 1335 1355 1394
1015 1 1 1 1335 1394 1375
1016 1 1 1 1375 1394 1434
1017 1 1 1 1415 1434 1472
1018 1 1 1 1360 1375 1415
1019 1 1 1 1320 1375 1360
1020 1 1 1 1304 1320 1360
1021 1 1 1 1244 1263 1304
1022 1 1 1 1263 1279 1320
1023 1 1 1 1279 1335 1320
1024 1 1 1 1279 1296 1335
1025 1 1 1 1387 1361 1416
1026 1 1 1 1395 1336 1370
1027 1 1 1 1193 1133 1166
1028 1 1 1 1643 1591 1622
1029 1 1 1 1389 1356 1330
1030 1 1 1 1288 1256 1230
1031 1 1 1 1295 1239 1271
1032 1 1 1 1186 1151 1125
1033 1 1 1 1078 1039 1012
1034 1 1 1 1319 1284 1257
1035 1 1 1 1427 1368 1399
1036 1 1 1 1548 1514 1487
1037 1 1 1 1759 1725 1708
1038 1 1 1 1640 1607 1587
1039 1 1 1 1521 1467 1493
1040 1 1 1 1516 1484 1455
1041 1 1 1 1356 1384 1323
1042 1 1 1 1306 1330 1274
1043 1 1 1 1336 1306 1280
1044 1 1 1 1256 1280 1223
1045 1 1 1 1205 1230 1170
1046 1 1 1 1239 1205 1177
1047 1 1 1 1151 1177 1117
1048 1 1 1 1097 1125 1062
1049 1 1 1 1133 1097 1070
1050 1 1 1 1039 1070 1004
1051 1 1 1 982 1012 945
1052 1 1 1 1113 1141 1078
1053 1 1 1 1200 1166 1141
1054 1 1 1 1233 1257 1200
1055 1 1 1 1351 1374 1319
1056 1 1 1 1433 1399 1374
1057 1 1 1 1465 1487 1433
1058 1 1 1 1572 1594 1548
1059 1 1 1 1645 1622 1594
1060 1 1 1 1677 1708 1645
1061 1 1 1 1791 1809 1759
1062 1 1 1 1725 1745 1706
1063 1 1 1 1706 1672 1643
1064 1 1 1 1672 1693 1640
1065 1 1 1 1607 1629 1574
1066 1 1 1 1574 1550 1521
1067 1 1 1 1550 1564 1516
1068 1 1 1 1484 1508 1450
1069 1 1 1 1450 1417 1395
1070 1 1 1 1417 1444 1389
1071 1 1 1 1401 1370 1346
1072 1 1 1 1321 1346 1288
1073 1 1 1 1354 1321 1295
1074 1 1 1 1305 1271 1245
1075 1 1 1 1217 1245 1186
1076 1 1 1 1252 1217 1193
1077 1 1 1 1284 1312 1252
1078 1 1 1 1368 1334 1312
1079 1 1 1 1482 1448 1427
1080 1 1 1 1514 1530 1482
1081 1 1 1 1591 1557 1530
1082 1 1 1 1557 1587 1526
1083 1 1 1 1526 1493 1473
1084 1 1 1 1467 1435 1408
1085 1 1 1 1435 1455 1401
1086 1 1 1 1408 1354 1387
1087 1 1 1 1361 1305 1334
1088 1 1 1 1473 1416 1448
1089 1 1 1 1323 1384 1352
1090 1 1 1 1297 1356 1323
1091 1 1 1 1330 1356 1297
1092 1 1 1 1274 1330 1297
1093 1 1 1 1248 1306 1274
1094 1 1 1 1280 1306 1248
1095 1 1 1 1223 1280 1248
1096 1 1 1 1199 1256 1223
1097 1 1 1 1230 1256 1199
1098 1 1 1 1170 1230 1199
1099 1 1 1 1145 1205 1170
1100 1 1 1 1177 1205 1145
1101 1 1 1 1117 1177 1145
1102 1 1 1 1090 1151 1117
1103 1 1 1 1125 1151 1090
1104 1 1 1 1062 1125 1090
1105 1 1 1 1032 1097 1062
1106 1 1 1 1070 1097 1032
1107 1 1 1 1004 1070 1032
1108 1 1 1 973 1039 1004
1109 1 1 1 1012 1039 973
1110 1 1 1 945 1012 973
1111 1 1 1 914 982 945
1112 1 1 1 982 1047 1012
1113 1 1 1 1047 1078 1012
1114 1 1 1 1047 1113 1078
1115 1 1 1 1113 1174 1141
1116 1 1 1 1174 1200 1141
1117 1 1 1 1174 1233 1200
1118 1 1 1 1233 1290 1257
1119 1 1 1 1290 1319 1257
1120 1 1 1 1290 1351 1319
1121 1 1 1 1351 1406 1374
1122 1 1 1 1406 1433 1374
1123 1 1 1 1406 1465 1433
1124 1 1 1 1465 1519 1487
1125 1 1 1 1519 1548 1487
1126 1 1 1 1519 1572 1548
1127 1 1 1 1572 1626 1594
1128 1 1 1 1626 1645 1594
1129 1 1 1 1626 1677 1645
1130 1 1 1 1677 1740 1708
1131 1 1 1 1740 1759 1708
1132 1 1 1 1740 1791 1759
1133 1 1 1 1791 1825 1809
1134 1 1 1 1759 1809 1776
1135 1 1 1 1759 1776 1725
1136 1 1 1 1725 1776 1745
1137 1 1 1 1706 1745 1712
1138 1 1 1 1706 1712 1672
1139 1 1 1 1672 1712 1693
1140 1 1 1 1640 1693 1661
1141 1 1 1 1640 1661 1607
1142 1 1 1 1607 1661 1629
1143 1 1 1 1574 1629 1597
1144 1 1 1 1574 1597 1550
1145 1 1 1 1550 1597 1564
1146 1 1 1 1516 1564 1541
1147 1 1 1 1516 1541 1484
1148 1 1 1 1484 1541 1508
1149 1 1 1 1450 1508 1476
1150 1 1 1 1450 1476 1417
1151 1 1 1 1417 1476 1444
1152 1 1 1 1389 1444 1412
1153 1 1 1 1389 1412 1356
1154 1 1 1 1356 1412 1384
1155 1 1 1 1362 1389 1330
1156 1 1 1 1306 1362 1330
1157 1 1 1 1336 1362 1306
1158 1 1 1 1315 1336 1280
1159 1 1 1 1256 1315 1280
1160 1 1 1 1288 1315 1256
1161 1 1 1 1265 1288 1230
1162 1 1 1 1205 1265 1230
1163 1 1 1 1239 1265 1205
1164 1 1 1 1212 1239 1177
1165 1 1 1 1151 1212 1177
1166 1 1 1 1186 1212 1151
1167 1 1 1 1159 1186 1125
1168 1 1 1 1097 1159 1125
1169 1 1 1 1133 1159 1097
1170 1 1 1 1105 1133 1070
1171 1 1 1 1039 1105 1070
1172 1 1 1 1078 1105 1039
1173 1 1 1 1078 1141 1105
1174 1 1 1 1141 1166 1105
1175 1 1 1 1200 1225 1166
1176 1 1 1 1200 1257 1225
1177 1 1 1 1257 1284 1225
1178 1 1 1 1319 1344 1284
1179 1 1 1 1319 1374 1344
1180 1 1 1 1374 1399 1344
1181 1 1 1 1433 1453 1399
1182 1 1 1 1433 1487 1453
1183 1 1 1 1487 1514 1453
1184 1 1 1 1548 1561 1514
1185 1 1 1 1548 1594 1561
1186 1 1 1 1594 1622 1561
1187 1 1 1 1645 1674 1622
1188 1 1 1 1645 1708 1674
1189 1 1 1 1708 1725 1674
1190 1 1 1 1674 1725 1706
1191 1 1 1 1674 1706 1643
1192 1 1 1 1643 1672 1609
1193 1 1 1 1609 1672 1640
1194 1 1 1 1609 1640 1587
1195 1 1 1 1587 1607 1554
1196 1 1 1 1554 1607 1574
1197 1 1 1 1554 1574 1521
1198 1 1 1 1521 1550 1489
1199 1 1 1 1489 1550 1516
1200 1 1 1 1489 1516 1455
1201 1 1 1 1455 1484 1429
1202 1 1 1 1429 1484 1450
1203 1 1 1 1429 1450 1395
1204 1 1 1 1395 1417 1362
1205 1 1 1 1362 1417 1389
1206 1 1 1 1395 1362 1336
1207 1 1 1 1370 1336 1315
1208 1 1 1 1346 1370 1315
1209 1 1 1 1288 1346 1315
1210 1 1 1 1265 1321 1288
1211 1 1 1 1295 1321 1265
1212 1 1 1 1295 1265 1239
1213 1 1 1 1271 1239 1212
1214 1 1 1 1245 1271 1212
1215 1 1 1 1186 1245 1212
1216 1 1 1 1159 1217 1186
1217 1 1 1 1193 1217 1159
1218 1 1 1 1193 1159 1133
1219 1 1 1 1166 1133 1105
1220 1 1 1 1225 1193 1166
1221 1 1 1 1225 1252 1193
1222 1 1 1 1225 1284 1252
1223 1 1 1 1284 1344 1312
1224 1 1 1 1344 1368 1312
1225 1 1 1 1399 1368 1344
1226 1 1 1 1453 1427 1399
1227 1 1 1 1453 1482 1427
1228 1 1 1 1453 1514 1482
1229 1 1 1 1514 1561 1530
1230 1 1 1 1561 1591 1530
1231 1 1 1 1622 1591 1561
1232 1 1 1 1674 1643 1622
1233 1 1 1 1643 1609 1591
1234 1 1 1 1591 1609 1557
1235 1 1 1 1557 1609 1587
1236 1 1 1 1526 1587 1554
1237 1 1 1 1526 1554 1493
1238 1 1 1 1554 1521 1493
1239 1 1 1 1521 1489 1467
1240 1 1 1 1467 1489 1435
1241 1 1 1 1435 1489 1455
1242 1 1 1 1401 1455 1429
1243 1 1 1 1401 1429 1370
1244 1 1 1 1429 1395 1370
1245 1 1 1 1376 1401 1346
1246 1 1 1 1321 1376 1346
1247 1 1 1 1354 1376 1321
1248 1 1 1 1328 1354 1295
1249 1 1 1 1328 1295 1271
1250 1 1 1 1305 1328 1271
1251 1 1 1 1278 1305 1245
1252 1 1 1 1217 1278 1245
1253 1 1 1 1252 1278 1217
1254 1 1 1 1252 1312 1278
1255 1 1 1 1312 1334 1278
1256 1 1 1 1368 1393 1334
1257 1 1 1 1427 1393 1368
1258 1 1 1 1427 1448 1393
1259 1 1 1 1482 1504 1448
1260 1 1 1 1482 1530 1504
1261 1 1 1 1530 1557 1504
1262 1 1 1 1504 1557 1526
1263 1 1 1 1504 1526 1473
1264 1 1 1 1473 1493 1440
1265 1 1 1 1493 1467 1440
1266 1 1 1 1440 1467 1408
1267 1 1 1 1408 1435 1376
1268 1 1 1 1376 1435 1401
1269 1 1 1 1408 1376 1354
1270 1 1 1 1387 1354 1328
1271 1 1 1 1387 1328 1361
1272 1 1 1 1361 1328 1305
1273 1 1 1 1334 1305 1278
1274 1 1 1 1393 1361 1334
1275 1 1 1 1416 1361 1393
1276 1 1 1 1448 1416 1393
1277 1 1 1 1504 1473 1448
1278 1 1 1 1473 1440 1416
1279 1 1 1 1440 1387 1416
1280 1 1 1 1440 1408 1387
1281 1 1 1 1668 1699 1698
1282 1 1 1 1510 1511 1546
1283 1 1 1 1747 1748 1785
1284 1 1 1 1755 1756 1789
1285 1 1 1 1446 1414 1445
1286 1 1 1 1566 1545 1565
1287 1 1 1 1636 1637 1670
1288 1 1 1 1695 1667 1694
1289 1 1 1 1811 1784 1810
1290 1 1 1 1815 1786 1814
1291 1 1 1 1751 1752 1787
1292 1 1 1 1819 1788 1818
1293 1 1 1 1823 1790 1822
1294 1 1 1 1703 1671 1702
1295 1 1 1 1633 1634 1669
1296 1 1 1 1570 1547 1569
1297 1 1 1 1414 1385 1384
1298 1 1 1 1480 1445 1444
1299 1 1 1 1511 1480 1509
1300 1 1 1 1545 1509 1508
1301 1 1 1 1605 1565 1564
1302 1 1 1 1637 1605 1630
1303 1 1 1 1667 1630 1629
1304 1 1 1 1720 1694 1693
1305 1 1 1 1748 1720 1746
1306 1 1 1 1784 1746 1745
1307 1 1 1 1827 1810 1809
1308 1 1 1 1829 1812 1811
1309 1 1 1 1813 1785 1812
1310 1 1 1 1831 1814 1813
1311 1 1 1 1833 1816 1815
1312 1 1 1 1817 1787 1816
1313 1 1 1 1835 1818 1817
1314 1 1 1 1837 1820 1819
1315 1 1 1 1821 1789 1820
1316 1 1 1 1839 1822 1821
1317 1 1 1 1841 1824 1823
1318 1 1 1 1790 1758 1757
1319 1 1 1 1757 1723 1755
1320 1 1 1 1723 1704 1703
1321 1 1 1 1671 1638 1635
1322 1 1 1 1635 1602 1633
1323 1 1 1 1602 1571 1570
1324 1 1 1 1547 1513 1512
1325 1 1 1 1512 1479 1510
1326 1 1 1 1479 1447 1446
1327 1 1 1 1568 1546 1567
1328 1 1 1 1604 1567 1566
1329 1 1 1 1632 1604 1636
1330 1 1 1 1700 1670 1696
1331 1 1 1 1719 1696 1695
1332 1 1 1 1749 1719 1747
1333 1 1 1 1786 1750 1749
1334 1 1 1 1752 1722 1750
1335 1 1 1 1753 1721 1751
1336 1 1 1 1788 1754 1753
1337 1 1 1 1756 1724 1754
1338 1 1 1 1724 1702 1701
1339 1 1 1 1701 1669 1697
1340 1 1 1 1634 1603 1631
1341 1 1 1 1603 1569 1568
1342 1 1 1 1631 1632 1668
1343 1 1 1 1699 1700 1722
1344 1 1 1 1697 1698 1721
1345 1 1 1 1384 1385 1352
1346 1 1 1 1412 1414 1384
1347 1 1 1 1445 1414 1412
1348 1 1 1 1444 1445 1412
1349 1 1 1 1476 1480 1444
1350 1 1 1 1509 1480 1476
1351 1 1 1 1508 1509 1476
1352 1 1 1 1541 1545 1508
1353 1 1 1 1565 1545 1541
1354 1 1 1 1564 1565 1541
1355 1 1 1 1597 1605 1564
1356 1 1 1 1630 1605 1597
1357 1 1 1 1629 1630 1597
1358 1 1 1 1661 1667 1629
1359 1 1 1 1694 1667 1661
1360 1 1 1 1693 1694 1661
1361 1 1 1 1712 1720 1693
1362 1 1 1 1746 1720 1712
1363 1 1 1 1745 1746 1712
1364 1 1 1 1776 1784 1745
1365 1 1 1 1810 1784 1776
1366 1 1 1 1809 1810 1776
1367 1 1 1 1825 1827 1809
1368 1 1 1 1827 1828 1810
1369 1 1 1 1828 1811 1810
1370 1 1 1 1828 1829 1811
1371 1 1 1 1829 1830 1812
1372 1 1 1 1830 1813 1812
1373 1 1 1 1830 1831 1813
1374 1 1 1 1831 1832 1814
1375 1 1 1 1832 1815 1814
1376 1 1 1 1832 1833 1815
1377 1 1 1 1833 1834 1816
1378 1 1 1 1834 1817 1816
1379 1 1 1 1834 1835 1817
1380 1 1 1 1835 1836 1818
1381 1 1 1 1836 1819 1818
1382 1 1 1 1836 1837 1819
1383 1 1 1 1837 1838 1820
1384 1 1 1 1838 1821 1820
1385 1 1 1 1838 1839 1821
1386 1 1 1 1839 1840 1822
1387 1 1 1 1840 1823 1822
1388 1 1 1 1840 1841 1823
1389 1 1 1 1841 1842 1824
1390 1 1 1 1823 1824 1783
1391 1 1 1 1823 1783 1790
1392 1 1 1 1790 1783 1758
1393 1 1 1 1757 1758 1715
1394 1 1 1 1757 1715 1723
1395 1 1 1 1723 1715 1704
1396 1 1 1 1703 1704 1666
1397 1 1 1 1703 1666 1671
1398 1 1 1 1671 1666 1638
1399 1 1 1 1635 1638 1598
1400 1 1 1 1635 1598 1602
1401 1 1 1 1602 1598 1571
1402 1 1 1 1570 1571 1544
1403 1 1 1 1570 1544 1547
1404 1 1 1 1547 1544 1513
1405 1 1 1 1512 1513 1477
1406 1 1 1 1512 1477 1479
1407 1 1 1 1479 1477 1447
1408 1 1 1 1446 1447 1413
1409 1 1 1 1446 1413 1414
1410 1 1 1 1414 1413 1385
1411 1 1 1 1478 1446 1445
1412 1 1 1 1480 1478 1445
1413 1 1 1 1511 1478 1480
1414 1 1 1 1542 1511 1509
1415 1 1 1 1545 1542 1509
1416 1 1 1 1566 1542 1545
1417 1 1 1 1601 1566 1565
1418 1 1 1 1605 1601 1565
1419 1 1 1 1637 1601 1605
1420 1 1 1 1662 1637 1630
1421 1 1 1 1667 1662 1630
1422 1 1 1 1695 1662 1667
1423 1 1 1 1716 1695 1694
1424 1 1 1 1720 1716 1694
1425 1 1 1 1748 1716 1720
1426 1 1 1 1777 1748 1746
1427 1 1 1 1784 1777 1746
1428 1 1 1 1811 1777 1784
1429 1 1 1 1811 1812 1777
1430 1 1 1 1812 1785 1777
1431 1 1 1 1813 1778 1785
1432 1 1 1 1813 1814 1778
1433 1 1 1 1814 1786 1778
1434 1 1 1 1815 1779 1786
1435 1 1 1 1815 1816 1779
1436 1 1 1 1816 1787 1779
1437 1 1 1 1817 1780 1787
1438 1 1 1 1817 1818 1780
1439 1 1 1 1818 1788 1780
1440 1 1 1 1819 1781 1788
1441 1 1 1 1819 1820 1781
1442 1 1 1 1820 1789 1781
1443 1 1 1 1821 1782 1789
1444 1 1 1 1821 1822 1782
1445 1 1 1 1822 1790 1782
1446 1 1 1 1782 1790 1757
1447 1 1 1 1782 1757 1755
1448 1 1 1 1755 1723 1718
1449 1 1 1 1718 1723 1703
1450 1 1 1 1718 1703 1702
1451 1 1 1 1702 1671 1665
1452 1 1 1 1665 1671 1635
1453 1 1 1 1665 1635 1633
1454 1 1 1 1633 1602 1600
1455 1 1 1 1600 1602 1570
1456 1 1 1 1600 1570 1569
1457 1 1 1 1569 1547 1543
1458 1 1 1 1543 1547 1512
1459 1 1 1 1543 1512 1510
1460 1 1 1 1510 1479 1478
1461 1 1 1 1478 1479 1446
1462 1 1 1 1510 1478 1511
1463 1 1 1 1546 1511 1542
1464 1 1 1 1567 1546 1542
1465 1 1 1 1566 1567 1542
1466 1 1 1 1601 1604 1566
1467 1 1 1 1636 1604 1601
1468 1 1 1 1636 1601 1637
1469 1 1 1 1670 1637 1662
1470 1 1 1 1696 1670 1662
1471 1 1 1 1695 1696 1662
1472 1 1 1 1716 1719 1695
1473 1 1 1 1747 1719 1716
1474 1 1 1 1747 1716 1748
1475 1 1 1 1785 1748 1777
1476 1 1 1 1778 1747 1785
1477 1 1 1 1778 1749 1747
1478 1 1 1 1778 1786 1749
1479 1 1 1 1786 1779 1750
1480 1 1 1 1779 1752 1750
1481 1 1 1 1787 1752 1779
1482 1 1 1 1780 1751 1787
1483 1 1 1 1780 1753 1751
1484 1 1 1 1780 1788 1753
1485 1 1 1 1788 1781 1754
1486 1 1 1 1781 1756 1754
1487 1 1 1 1789 1756 1781
1488 1 1 1 1782 1755 1789
1489 1 1 1 1755 1718 1756
1490 1 1 1 1756 1718 1724
1491 1 1 1 1724 1718 1702
1492 1 1 1 1701 1702 1665
1493 1 1 1 1701 1665 1669
1494 1 1 1 1665 1633 1669
1495 1 1 1 1633 1600 1634
1496 1 1 1 1634 1600 1603
1497 1 1 1 1603 1600 1569
1498 1 1 1 1568 1569 1543
1499 1 1 1 1568 1543 1546
1500 1 1 1 1543 1510 1546
1501 1 1 1 1599 1568 1567
1502 1 1 1 1604 1599 1567
1503 1 1 1 1632 1599 1604
1504 1 1 1 1664 1632 1636
1505 1 1 1 1664 1636 1670
1506 1 1 1 1700 1664 1670
1507 1 1 1 1713 1700 1696
1508 1 1 1 1719 1713 1696
1509 1 1 1 1749 1713 1719
1510 1 1 1 1749 1750 1713
1511 1 1 1 1750 1722 1713
1512 1 1 1 1752 1717 1722
1513 1 1 1 1751 1717 1752
1514 1 1 1 1751 1721 1717
1515 1 1 1 1753 1714 1721
1516 1 1 1 1753 1754 1714
1517 1 1 1 1754 1724 1714
1518 1 1 1 1714 1724 1701
1519 1 1 1 1714 1701 1697
1520 1 1 1 1697 1669 1663
1521 1 1 1 1669 1634 1663
1522 1 1 1 1663 1634 1631
1523 1 1 1 1631 1603 1599
1524 1 1 1 1599 1603 1568
1525 1 1 1 1631 1599 1632
1526 1 1 1 1668 1632 1664
1527 1 1 1 1668 1664 1699
1528 1 1 1 1699 1664 1700
1529 1 1 1 1722 1700 1713
1530 1 1 1 1717 1699 1722
1531 1 1 1 1698 1699 1717
1532 1 1 1 1721 1698 1717
1533 1 1 1 1714 1697 1721
1534 1 1 1 1697 1663 1698
1535 1 1 1 1663 1668 1698
1536 1 1 1 1663 1631 1668
1537 1 1 1 464 483 429
1538 1 1 1 459 513 481
1539 1 1 1 647 706 669
1540 1 1 1 215 266 233
1541 1 1 1 468 501 523
1542 1 1 1 562 593 619
1543 1 1 1 552 608 576
1544 1 1 1 654 690 713
1545 1 1 1 754 791 818
1546 1 1 1 521 554 578
1547 1 1 1 424 475 440
1548 1 1 1 304 337 357
1549 1 1 1 99 119 149
1550 1 1 1 217 251 269
1551 1 1 1 336 388 355
1552 1 1 1 342 374 395
1553 1 1 1 501 477 536
1554 1 1 1 549 523 581
1555 1 1 1 513 549 568
1556 1 1 1 593 568 625
1557 1 1 1 640 619 677
1558 1 1 1 608 640 665
1559 1 1 1 690 665 726
1560 1 1 1 739 713 777
1561 1 1 1 706 739 766
1562 1 1 1 791 766 831
1563 1 1 1 846 818 886
1564 1 1 1 721 694 754
1565 1 1 1 635 669 694
1566 1 1 1 603 578 635
1567 1 1 1 493 466 521
1568 1 1 1 412 440 466
1569 1 1 1 380 357 412
1570 1 1 1 272 252 304
1571 1 1 1 200 233 252
1572 1 1 1 180 149 200
1573 1 1 1 67 34 99
1574 1 1 1 119 101 152
1575 1 1 1 152 185 215
1576 1 1 1 185 154 217
1577 1 1 1 251 222 275
1578 1 1 1 275 307 336
1579 1 1 1 307 289 342
1580 1 1 1 374 346 400
1581 1 1 1 400 436 459
1582 1 1 1 436 414 468
1583 1 1 1 454 481 506
1584 1 1 1 525 506 562
1585 1 1 1 497 525 552
1586 1 1 1 540 576 597
1587 1 1 1 623 597 654
1588 1 1 1 590 623 647
1589 1 1 1 554 534 590
1590 1 1 1 475 508 534
1591 1 1 1 371 397 424
1592 1 1 1 337 310 371
1593 1 1 1 266 298 310
1594 1 1 1 298 269 321
1595 1 1 1 321 355 375
1596 1 1 1 388 419 438
1597 1 1 1 419 395 454
1598 1 1 1 438 497 464
1599 1 1 1 483 540 508
1600 1 1 1 375 429 397
1601 1 1 1 536 477 510
1602 1 1 1 556 501 536
1603 1 1 1 523 501 556
1604 1 1 1 581 523 556
1605 1 1 1 605 549 581
1606 1 1 1 568 549 605
1607 1 1 1 625 568 605
1608 1 1 1 651 593 625
1609 1 1 1 619 593 651
1610 1 1 1 677 619 651
1611 1 1 1 699 640 677
1612 1 1 1 665 640 699
1613 1 1 1 726 665 699
1614 1 1 1 751 690 726
1615 1 1 1 713 690 751
1616 1 1 1 777 713 751
1617 1 1 1 803 739 777
1618 1 1 1 766 739 803
1619 1 1 1 831 766 803
1620 1 1 1 858 791 831
1621 1 1 1 818 791 858
1622 1 1 1 886 818 858
1623 1 1 1 916 846 886
1624 1 1 1 846 783 818
1625 1 1 1 783 754 818
1626 1 1 1 783 721 754
1627 1 1 1 721 661 694
1628 1 1 1 661 635 694
1629 1 1 1 661 603 635
1630 1 1 1 603 546 578
1631 1 1 1 546 521 578
1632 1 1 1 546 493 521
1633 1 1 1 493 434 466
1634 1 1 1 434 412 466
1635 1 1 1 434 380 412
1636 1 1 1 380 333 357
1637 1 1 1 333 304 357
1638 1 1 1 333 272 304
1639 1 1 1 272 220 252
1640 1 1 1 220 200 252
1641 1 1 1 220 180 200
1642 1 1 1 180 117 149
1643 1 1 1 117 99 149
1644 1 1 1 117 67 99
1645 1 1 1 67 2 34
1646 1 1 1 99 34 68
1647 1 1 1 99 68 119
1648 1 1 1 119 68 101
1649 1 1 1 152 101 134
1650 1 1 1 152 134 185
1651 1 1 1 185 134 154
1652 1 1 1 217 154 188
1653 1 1 1 217 188 251
1654 1 1 1 251 188 222
1655 1 1 1 275 222 254
1656 1 1 1 275 254 307
1657 1 1 1 307 254 289
1658 1 1 1 342 289 313
1659 1 1 1 342 313 374
1660 1 1 1 374 313 346
1661 1 1 1 400 346 382
1662 1 1 1 400 382 436
1663 1 1 1 436 382 414
1664 1 1 1 468 414 442
1665 1 1 1 468 442 501
1666 1 1 1 501 442 477
1667 1 1 1 495 468 523
1668 1 1 1 549 495 523
1669 1 1 1 513 495 549
1670 1 1 1 538 513 568
1671 1 1 1 593 538 568
1672 1 1 1 562 538 593
1673 1 1 1 583 562 619
1674 1 1 1 640 583 619
1675 1 1 1 608 583 640
1676 1 1 1 633 608 665
1677 1 1 1 690 633 665
1678 1 1 1 654 633 690
1679 1 1 1 680 654 713
1680 1 1 1 739 680 713
1681 1 1 1 706 680 739
1682 1 1 1 729 706 766
1683 1 1 1 791 729 766
1684 1 1 1 754 729 791
1685 1 1 1 754 694 729
1686 1 1 1 694 669 729
1687 1 1 1 635 610 669
1688 1 1 1 635 578 610
1689 1 1 1 578 554 610
1690 1 1 1 521 499 554
1691 1 1 1 521 466 499
1692 1 1 1 466 440 499
1693 1 1 1 412 390 440
1694 1 1 1 412 357 390
1695 1 1 1 357 337 390
1696 1 1 1 304 276 337
1697 1 1 1 304 252 276
1698 1 1 1 252 233 276
1699 1 1 1 200 182 233
1700 1 1 1 200 149 182
1701 1 1 1 149 119 182
1702 1 1 1 182 119 152
1703 1 1 1 182 152 215
1704 1 1 1 215 185 237
1705 1 1 1 237 185 217
1706 1 1 1 237 217 269
1707 1 1 1 269 251 303
1708 1 1 1 303 251 275
1709 1 1 1 303 275 336
1710 1 1 1 336 307 360
1711 1 1 1 360 307 342
1712 1 1 1 360 342 395
1713 1 1 1 395 374 427
1714 1 1 1 427 374 400
1715 1 1 1 427 400 459
1716 1 1 1 459 436 495
1717 1 1 1 495 436 468
1718 1 1 1 459 495 513
1719 1 1 1 481 513 538
1720 1 1 1 506 481 538
1721 1 1 1 562 506 538
1722 1 1 1 583 525 562
1723 1 1 1 552 525 583
1724 1 1 1 552 583 608
1725 1 1 1 576 608 633
1726 1 1 1 597 576 633
1727 1 1 1 654 597 633
1728 1 1 1 680 623 654
1729 1 1 1 647 623 680
1730 1 1 1 647 680 706
1731 1 1 1 669 706 729
1732 1 1 1 610 647 669
1733 1 1 1 610 590 647
1734 1 1 1 610 554 590
1735 1 1 1 554 499 534
1736 1 1 1 499 475 534
1737 1 1 1 440 475 499
1738 1 1 1 390 424 440
1739 1 1 1 390 371 424
1740 1 1 1 390 337 371
1741 1 1 1 337 276 310
1742 1 1 1 276 266 310
1743 1 1 1 233 266 276
1744 1 1 1 182 215 233
1745 1 1 1 215 237 266
1746 1 1 1 266 237 298
1747 1 1 1 298 237 269
1748 1 1 1 321 269 303
1749 1 1 1 321 303 355
1750 1 1 1 303 336 355
1751 1 1 1 336 360 388
1752 1 1 1 388 360 419
1753 1 1 1 419 360 395
1754 1 1 1 454 395 427
1755 1 1 1 454 427 481
1756 1 1 1 427 459 481
1757 1 1 1 470 454 506
1758 1 1 1 525 470 506
1759 1 1 1 497 470 525
1760 1 1 1 518 497 552
1761 1 1 1 518 552 576
1762 1 1 1 540 518 576
1763 1 1 1 564 540 597
1764 1 1 1 623 564 597
1765 1 1 1 590 564 623
1766 1 1 1 590 534 564
1767 1 1 1 534 508 564
1768 1 1 1 475 456 508
1769 1 1 1 424 456 475
1770 1 1 1 424 397 456
1771 1 1 1 371 343 397
1772 1 1 1 371 310 343
1773 1 1 1 310 298 343
1774 1 1 1 343 298 321
1775 1 1 1 343 321 375
1776 1 1 1 375 355 410
1777 1 1 1 355 388 410
1778 1 1 1 410 388 438
1779 1 1 1 438 419 470
1780 1 1 1 470 419 454
1781 1 1 1 438 470 497
1782 1 1 1 464 497 518
1783 1 1 1 464 518 483
1784 1 1 1 483 518 540
1785 1 1 1 508 540 564
1786 1 1 1 456 483 508
1787 1 1 1 429 483 456
1788 1 1 1 397 429 456
1789 1 1 1 343 375 397
1790 1 1 1 375 410 429
1791 1 1 1 410 464 429
1792 1 1 1 410 438 464
1793 1 1 1 195 160 159
1794 1 1 1 348 349 318
1795 1 1 1 103 104 77
1796 1 1 1 111 112 81
1797 1 1 1 416 444 415
1798 1 1 1 291 317 290
1799 1 1 1 229 230 197
1800 1 1 1 156 194 155
1801 1 1 1 36 76 35
1802 1 1 1 40 78 39
1803 1 1 1 107 108 79
1804 1 1 1 44 80 43
1805 1 1 1 48 82 47
1806 1 1 1 164 198 163
1807 1 1 1 226 227 196
1808 1 1 1 295 319 294
1809 1 1 1 444 478 477
1810 1 1 1 386 415 414
1811 1 1 1 349 386 347
1812 1 1 1 317 347 346
1813 1 1 1 262 290 289
1814 1 1 1 230 262 223
1815 1 1 1 194 223 222
1816 1 1 1 142 155 154
1817 1 1 1 104 142 102
1818 1 1 1 76 102 101
1819 1 1 1 3 35 34
1820 1 1 1 5 37 36
1821 1 1 1 38 77 37
1822 1 1 1 7 39 38
1823 1 1 1 9 41 40
1824 1 1 1 42 79 41
1825 1 1 1 11 43 42
1826 1 1 1 13 45 44
1827 1 1 1 46 81 45
1828 1 1 1 15 47 46
1829 1 1 1 17 49 48
1830 1 1 1 82 114 113
1831 1 1 1 113 145 111
1832 1 1 1 145 165 164
1833 1 1 1 198 231 228
1834 1 1 1 228 259 226
1835 1 1 1 259 296 295
1836 1 1 1 319 351 350
1837 1 1 1 350 385 348
1838 1 1 1 385 417 416
1839 1 1 1 293 318 292
1840 1 1 1 261 292 291
1841 1 1 1 225 261 229
1842 1 1 1 161 197 157
1843 1 1 1 141 157 156
1844 1 1 1 105 141 103
1845 1 1 1 78 106 105
1846 1 1 1 108 144 106
1847 1 1 1 109 143 107
1848 1 1 1 80 110 109
1849 1 1 1 112 146 110
1850 1 1 1 146 163 162
1851 1 1 1 162 196 158
1852 1 1 1 227 260 224
1853 1 1 1 260 294 293
1854 1 1 1 224 225 195
1855 1 1 1 160 161 144
1856 1 1 1 158 159 143
1857 1 1 1 477 478 510
1858 1 1 1 442 444 477
1859 1 1 1 415 444 442
1860 1 1 1 414 415 442
1861 1 1 1 382 386 414
1862 1 1 1 347 386 382
1863 1 1 1 346 347 382
1864 1 1 1 313 317 346
1865 1 1 1 290 317 313
1866 1 1 1 289 290 313
1867 1 1 1 254 262 289
1868 1 1 1 223 262 254
1869 1 1 1 222 223 254
1870 1 1 1 188 194 222
1871 1 1 1 155 194 188
1872 1 1 1 154 155 188
1873 1 1 1 134 142 154
1874 1 1 1 102 142 134
1875 1 1 1 101 102 134
1876 1 1 1 68 76 101
1877 1 1 1 35 76 68
1878 1 1 1 34 35 68
1879 1 1 1 2 3 34
1880 1 1 1 3 4 35
1881 1 1 1 4 36 35
1882 1 1 1 4 5 36
1883 1 1 1 5 6 37
1884 1 1 1 6 38 37
1885 1 1 1 6 7 38
1886 1 1 1 7 8 39
1887 1 1 1 8 40 39
1888 1 1 1 8 9 40
1889 1 1 1 9 10 41
1890 1 1 1 10 42 41
1891 1 1 1 10 11 42
1892 1 1 1 11 12 43
1893 1 1 1 12 44 43
1894 1 1 1 12 13 44
1895 1 1 1 13 14 45
1896 1 1 1 14 46 45
1897 1 1 1 14 15 46
1898 1 1 1 15 16 47
1899 1 1 1 16 48 47
1900 1 1 1 16 17 48
1901 1 1 1 17 18 49
1902 1 1 1 48 49 75
1903 1 1 1 48 75 82
1904 1 1 1 82 75 114
1905 1 1 1 113 114 137
1906 1 1 1 113 137 145
1907 1 1 1 145 137 165
1908 1 1 1 164 165 193
1909 1 1 1 164 193 198
1910 1 1 1 198 193 231
1911 1 1 1 228 231 255
1912 1 1 1 228 255 259
1913 1 1 1 259 255 296
1914 1 1 1 295 296 316
1915 1 1 1 295 316 319
1916 1 1 1 319 316 351
1917 1 1 1 350 351 383
1918 1 1 1 350 383 385
1919 1 1 1 385 383 417
1920 1 1 1 416 417 443
1921 1 1 1 416 443 444
1922 1 1 1 444 443 478
1923 1 1 1 384 416 415
1924 1 1 1 386 384 415
1925 1 1 1 349 384 386
1926 1 1 1 314 349 347
1927 1 1 1 317 314 347
1928 1 1 1 291 314 317
1929 1 1 1 258 291 290
1930 1 1 1 262 258 290
1931 1 1 1 230 258 262
1932 1 1 1 189 230 223
1933 1 1 1 194 189 223
1934 1 1 1 156 189 194
1935 1 1 1 138 156 155
1936 1 1 1 142 138 155
1937 1 1 1 104 138 142
1938 1 1 1 69 104 102
1939 1 1 1 76 69 102
1940 1 1 1 36 69 76
1941 1 1 1 36 37 69
1942 1 1 1 37 77 69
1943 1 1 1 38 70 77
1944 1 1 1 38 39 70
1945 1 1 1 39 78 70
1946 1 1 1 40 71 78
1947 1 1 1 40 41 71
1948 1 1 1 41 79 71
1949 1 1 1 42 72 79
1950 1 1 1 42 43 72
1951 1 1 1 43 80 72
1952 1 1 1 44 73 80
1953 1 1 1 44 45 73
1954 1 1 1 45 81 73
1955 1 1 1 46 74 81
1956 1 1 1 46 47 74
1957 1 1 1 47 82 74
1958 1 1 1 74 82 113
1959 1 1 1 74 113 111
1960 1 1 1 111 145 140
1961 1 1 1 140 145 164
1962 1 1 1 140 164 163
1963 1 1 1 163 198 192
1964 1 1 1 192 198 228
1965 1 1 1 192 228 226
1966 1 1 1 226 259 257
1967 1 1 1 257 259 295
1968 1 1 1 257 295 294
1969 1 1 1 294 319 315
1970 1 1 1 315 319 350
1971 1 1 1 315 350 348
1972 1 1 1 348 385 384
1973 1 1 1 384 385 416
1974 1 1 1 348 384 349
1975 1 1 1 318 349 314
1976 1 1 1 292 318 314
1977 1 1 1 291 292 314
1978 1 1 1 258 261 291
1979 1 1 1 229 261 258
1980 1 1 1 229 258 230
1981 1 1 1 197 230 189
1982 1 1 1 157 197 189
1983 1 1 1 156 157 189
1984 1 1 1 138 141 156
1985 1 1 1 103 141 138
1986 1 1 1 103 138 104
1987 1 1 1 77 104 69
1988 1 1 1 70 103 77
1989 1 1 1 70 105 103
1990 1 1 1 70 78 105
1991 1 1 1 78 71 106
1992 1 1 1 71 108 106
1993 1 1 1 79 108 71
1994 1 1 1 72 107 79
1995 1 1 1 72 109 107
1996 1 1 1 72 80 109
1997 1 1 1 80 73 110
1998 1 1 1 73 112 110
1999 1 1 1 81 112 73
2000 1 1 1 74 111 81
2001 1 1 1 111 140 112
2002 1 1 1 112 140 146
2003 1 1 1 146 140 163
2004 1 1 1 162 163 192
2005 1 1 1 162 192 196
2006 1 1 1 192 226 196
2007 1 1 1 226 257 227
2008 1 1 1 227 257 260
2009 1 1 1 260 257 294
2010 1 1 1 293 294 315
2011 1 1 1 293 315 318
2012 1 1 1 315 348 318
2013 1 1 1 256 293 292
2014 1 1 1 261 256 292
2015 1 1 1 225 256 261
2016 1 1 1 191 225 229
2017 1 1 1 191 229 197
2018 1 1 1 161 191 197
2019 1 1 1 135 161 157
2020 1 1 1 141 135 157
2021 1 1 1 105 135 141
2022 1 1 1 105 106 135
2023 1 1 1 106 144 135
2024 1 1 1 108 139 144
2025 1 1 1 107 139 108
2026 1 1 1 107 143 139
2027 1 1 1 109 136 143
2028 1 1 1 109 110 136
2029 1 1 1 110 146 136
2030 1 1 1 136 146 162
2031 1 1 1 136 162 158
2032 1 1 1 158 196 190
2033 1 1 1 196 227 190
2034 1 1 1 190 227 224
2035 1 1 1 224 260 256
2036 1 1 1 256 260 293
2037 1 1 1 224 256 225
2038 1 1 1 195 225 191
2039 1 1 1 195 191 160
2040 1 1 1 160 191 161
2041 1 1 1 144 161 135
2042 1 1 1 139 160 144
2043 1 1 1 159 160 139
2044 1 1 1 143 159 139
2045 1 1 1 136 158 143
2046 1 1 1 158 190 159
2047 1 1 1 190 195 159
2048 1 1 1 190 224 195
2049 1 1 1 1470 1502 1463
2050 1 1 1 1392 1432 1425
2051 1 1 1 1641 1676 1673
2052 1 1 1 1324 1364 1357
2053 1 1 1 1366 1373 1405
2054 1 1 1 1491 1503 1528
2055 1 1 1 1518 1556 1552
2056 1 1 1 1621 1625 1658
2057 1 1 1 1742 1743 1775
2058 1 1 1 1588 1592 1624
2059 1 1 1 1485 1523 1517
2060 1 1 1 1430 1436 1469
2061 1 1 1 1267 1275 1308
2062 1 1 1 1301 1309 1341
2063 1 1 1 1358 1397 1391
2064 1 1 1 1332 1342 1372
2065 1 1 1 1373 1343 1385
2066 1 1 1 1438 1405 1447
2067 1 1 1 1432 1438 1471
2068 1 1 1 1503 1471 1513
2069 1 1 1 1560 1528 1571
2070 1 1 1 1556 1560 1593
2071 1 1 1 1625 1593 1638
2072 1 1 1 1679 1658 1704
2073 1 1 1 1676 1679 1711
2074 1 1 1 1743 1711 1758
2075 1 1 1 1794 1775 1824
2076 1 1 1 1727 1707 1742
2077 1 1 1 1660 1673 1707
2078 1 1 1 1647 1624 1660
2079 1 1 1 1576 1551 1588
2080 1 1 1 1506 1517 1551
2081 1 1 1 1495 1469 1506
2082 1 1 1 1419 1390 1430
2083 1 1 1 1348 1357 1390
2084 1 1 1 1338 1308 1348
2085 1 1 1 1260 1226 1267
2086 1 1 1 1275 1242 1282
2087 1 1 1 1282 1292 1324
2088 1 1 1 1292 1261 1301
2089 1 1 1 1309 1276 1317
2090 1 1 1 1317 1325 1358
2091 1 1 1 1325 1293 1332
2092 1 1 1 1342 1310 1350
2093 1 1 1 1350 1359 1392
2094 1 1 1 1359 1326 1366
2095 1 1 1 1411 1425 1452
2096 1 1 1 1486 1452 1491
2097 1 1 1 1475 1486 1518
2098 1 1 1 1540 1552 1585
2099 1 1 1 1608 1585 1621
2100 1 1 1 1596 1608 1641
2101 1 1 1 1592 1559 1596
2102 1 1 1 1523 1527 1559
2103 1 1 1 1442 1451 1485
2104 1 1 1 1436 1403 1442
2105 1 1 1 1364 1371 1403
2106 1 1 1 1371 1341 1382
2107 1 1 1 1382 1391 1424
2108 1 1 1 1397 1404 1437
2109 1 1 1 1404 1372 1411
2110 1 1 1 1437 1475 1470
2111 1 1 1 1502 1540 1527
2112 1 1 1 1424 1463 1451
2113 1 1 1 1385 1343 1352
2114 1 1 1 1413 1373 1385
2115 1 1 1 1405 1373 1413
2116 1 1 1 1447 1405 1413
2117 1 1 1 1477 1438 1447
2118 1 1 1 1471 1438 1477
2119 1 1 1 1513 1471 1477
2120 1 1 1 1544 1503 1513
2121 1 1 1 1528 1503 1544
2122 1 1 1 1571 1528 1544
2123 1 1 1 1598 1560 1571
2124 1 1 1 1593 1560 1598
2125 1 1 1 1638 1593 1598
2126 1 1 1 1666 1625 1638
2127 1 1 1 1658 1625 1666
2128 1 1 1 1704 1658 1666
2129 1 1 1 1715 1679 1704
2130 1 1 1 1711 1679 1715
2131 1 1 1 1758 1711 1715
2132 1 1 1 1783 1743 1758
2133 1 1 1 1775 1743 1783
2134 1 1 1 1824 1775 1783
2135 1 1 1 1842 1794 1824
2136 1 1 1 1794 1761 1775
2137 1 1 1 1761 1742 1775
2138 1 1 1 1761 1727 1742
2139 1 1 1 1727 1681 1707
2140 1 1 1 1681 1660 1707
2141 1 1 1 1681 1647 1660
2142 1 1 1 1647 1611 1624
2143 1 1 1 1611 1588 1624
2144 1 1 1 1611 1576 1588
2145 1 1 1 1576 1532 1551
2146 1 1 1 1532 1506 1551
2147 1 1 1 1532 1495 1506
2148 1 1 1 1495 1457 1469
2149 1 1 1 1457 1430 1469
2150 1 1 1 1457 1419 1430
2151 1 1 1 1419 1378 1390
2152 1 1 1 1378 1348 1390
2153 1 1 1 1378 1338 1348
2154 1 1 1 1338 1299 1308
2155 1 1 1 1299 1267 1308
2156 1 1 1 1299 1260 1267
2157 1 1 1 1260 1216 1226
2158 1 1 1 1267 1226 1236
2159 1 1 1 1267 1236 1275
2160 1 1 1 1275 1236 1242
2161 1 1 1 1282 1242 1251
2162 1 1 1 1282 1251 1292
2163 1 1 1 1292 1251 1261
2164 1 1 1 1301 1261 1268
2165 1 1 1 1301 1268 1309
2166 1 1 1 1309 1268 1276
2167 1 1 1 1317 1276 1283
2168 1 1 1 1317 1283 1325
2169 1 1 1 1325 1283 1293
2170 1 1 1 1332 1293 1302
2171 1 1 1 1332 1302 1342
2172 1 1 1 1342 1302 1310
2173 1 1 1 1350 1310 1318
2174 1 1 1 1350 1318 1359
2175 1 1 1 1359 1318 1326
2176 1 1 1 1366 1326 1333
2177 1 1 1 1366 1333 1373
2178 1 1 1 1373 1333 1343
2179 1 1 1 1398 1366 1405
2180 1 1 1 1438 1398 1405
2181 1 1 1 1432 1398 1438
2182 1 1 1 1464 1432 1471
2183 1 1 1 1503 1464 1471
2184 1 1 1 1491 1464 1503
2185 1 1 1 1524 1491 1528
2186 1 1 1 1560 1524 1528
2187 1 1 1 1556 1524 1560
2188 1 1 1 1589 1556 1593
2189 1 1 1 1625 1589 1593
2190 1 1 1 1621 1589 1625
2191 1 1 1 1644 1621 1658
2192 1 1 1 1679 1644 1658
2193 1 1 1 1676 1644 1679
2194 1 1 1 1709 1676 1711
2195 1 1 1 1743 1709 1711
2196 1 1 1 1742 1709 1743
2197 1 1 1 1742 1707 1709
2198 1 1 1 1707 1673 1709
2199 1 1 1 1660 1628 1673
2200 1 1 1 1660 1624 1628
2201 1 1 1 1624 1592 1628
2202 1 1 1 1588 1555 1592
2203 1 1 1 1588 1551 1555
2204 1 1 1 1551 1517 1555
2205 1 1 1 1506 1474 1517
2206 1 1 1 1506 1469 1474
2207 1 1 1 1469 1436 1474
2208 1 1 1 1430 1396 1436
2209 1 1 1 1430 1390 1396
2210 1 1 1 1390 1357 1396
2211 1 1 1 1348 1316 1357
2212 1 1 1 1348 1308 1316
2213 1 1 1 1308 1275 1316
2214 1 1 1 1316 1275 1282
2215 1 1 1 1316 1282 1324
2216 1 1 1 1324 1292 1331
2217 1 1 1 1331 1292 1301
2218 1 1 1 1331 1301 1341
2219 1 1 1 1341 1309 1349
2220 1 1 1 1349 1309 1317
2221 1 1 1 1349 1317 1358
2222 1 1 1 1358 1325 1365
2223 1 1 1 1365 1325 1332
2224 1 1 1 1365 1332 1372
2225 1 1 1 1372 1342 1383
2226 1 1 1 1383 1342 1350
2227 1 1 1 1383 1350 1392
2228 1 1 1 1392 1359 1398
2229 1 1 1 1398 1359 1366
2230 1 1 1 1392 1398 1432
2231 1 1 1 1425 1432 1464
2232 1 1 1 1452 1425 1464
2233 1 1 1 1491 1452 1464
2234 1 1 1 1524 1486 1491
2235 1 1 1 1518 1486 1524
2236 1 1 1 1518 1524 1556
2237 1 1 1 1552 1556 1589
2238 1 1 1 1585 1552 1589
2239 1 1 1 1621 1585 1589
2240 1 1 1 1644 1608 1621
2241 1 1 1 1641 1608 1644
2242 1 1 1 1641 1644 1676
2243 1 1 1 1673 1676 1709
2244 1 1 1 1628 1641 1673
2245 1 1 1 1628 1596 1641
2246 1 1 1 1628 1592 1596
2247 1 1 1 1592 1555 1559
2248 1 1 1 1555 1523 1559
2249 1 1 1 1517 1523 1555
2250 1 1 1 1474 1485 1517
2251 1 1 1 1474 1442 1485
2252 1 1 1 1474 1436 1442
2253 1 1 1 1436 1396 1403
2254 1 1 1 1396 1364 1403
2255 1 1 1 1357 1364 1396
2256 1 1 1 1316 1324 1357
2257 1 1 1 1324 1331 1364
2258 1 1 1 1364 1331 1371
2259 1 1 1 1371 1331 1341
2260 1 1 1 1382 1341 1349
2261 1 1 1 1382 1349 1391
2262 1 1 1 1349 1358 1391
2263 1 1 1 1358 1365 1397
2264 1 1 1 1397 1365 1404
2265 1 1 1 1404 1365 1372
2266 1 1 1 1411 1372 1383
2267 1 1 1 1411 1383 1425
2268 1 1 1 1383 1392 1425
2269 1 1 1 1443 1411 1452
2270 1 1 1 1486 1443 1452
2271 1 1 1 1475 1443 1486
2272 1 1 1 1507 1475 1518
2273 1 1 1 1507 1518 1552
2274 1 1 1 1540 1507 1552
2275 1 1 1 1563 1540 1585
2276 1 1 1 1608 1563 1585
2277 1 1 1 1596 1563 1608
2278 1 1 1 1596 1559 1563
2279 1 1 1 1559 1527 1563
2280 1 1 1 1523 1490 1527
2281 1 1 1 1485 1490 1523
2282 1 1 1 1485 1451 1490
2283 1 1 1 1442 1410 1451
2284 1 1 1 1442 1403 1410
2285 1 1 1 1403 1371 1410
2286 1 1 1 1410 1371 1382
2287 1 1 1 1410 1382 1424
2288 1 1 1 1424 1391 1431
2289 1 1 1 1391 1397 1431
2290 1 1 1 1431 1397 1437
2291 1 1 1 1437 1404 1443
2292 1 1 1 1443 1404 1411
2293 1 1 1 1437 1443 1475
2294 1 1 1 1470 1475 1507
2295 1 1 1 1470 1507 1502
2296 1 1 1 1502 1507 1540
2297 1 1 1 1527 1540 1563
2298 1 1 1 1490 1502 1527
2299 1 1 1 1463 1502 1490
2300 1 1 1 1451 1463 1490
2301 1 1 1 1410 1424 1451
2302 1 1 1 1424 1431 1463
2303 1 1 1 1431 1470 1463
2304 1 1 1 1431 1437 1470
2305 1 1 1 399 394 359
2306 1 1 1 511 547 505
2307 1 1 1 439 471 430
2308 1 1 1 186 221 184
2309 1 1 1 563 607 595
2310 1 1 1 524 567 561
2311 1 1 1 476 509 467
2312 1 1 1 494 535 522
2313 1 1 1 457 498 484
2314 1 1 1 334 372 358
2315 1 1 1 311 344 305
2316 1 1 1 201 238 235
2317 1 1 1 83 118 115
2318 1 1 1 236 274 268
2319 1 1 1 345 381 341
2320 1 1 1 396 437 428
2321 1 1 1 607 618 649
2322 1 1 1 589 595 631
2323 1 1 1 547 589 580
2324 1 1 1 567 580 611
2325 1 1 1 551 561 592
2326 1 1 1 509 551 541
2327 1 1 1 535 541 577
2328 1 1 1 512 522 555
2329 1 1 1 471 512 507
2330 1 1 1 498 507 539
2331 1 1 1 478 484 519
2332 1 1 1 417 425 457
2333 1 1 1 391 430 425
2334 1 1 1 351 358 391
2335 1 1 1 296 299 334
2336 1 1 1 267 305 299
2337 1 1 1 231 235 267
2338 1 1 1 165 181 201
2339 1 1 1 148 184 181
2340 1 1 1 114 115 148
2341 1 1 1 49 51 83
2342 1 1 1 118 121 153
2343 1 1 1 153 199 186
2344 1 1 1 199 204 236
2345 1 1 1 274 280 312
2346 1 1 1 312 356 345
2347 1 1 1 356 364 396
2348 1 1 1 437 448 479
2349 1 1 1 479 520 511
2350 1 1 1 520 531 563
2351 1 1 1 463 505 496
2352 1 1 1 482 496 524
2353 1 1 1 441 482 476
2354 1 1 1 426 467 458
2355 1 1 1 453 458 494
2356 1 1 1 411 453 439
2357 1 1 1 372 376 411
2358 1 1 1 344 387 376
2359 1 1 1 277 320 311
2360 1 1 1 238 253 277
2361 1 1 1 221 265 253
2362 1 1 1 265 268 302
2363 1 1 1 302 341 335
2364 1 1 1 381 423 413
2365 1 1 1 423 428 463
2366 1 1 1 413 441 399
2367 1 1 1 394 426 387
2368 1 1 1 335 359 320
2369 1 1 1 649 618 660
2370 1 1 1 638 607 649
2371 1 1 1 595 607 638
2372 1 1 1 631 595 638
2373 1 1 1 622 589 631
2374 1 1 1 580 589 622
2375 1 1 1 611 580 622
2376 1 1 1 604 567 611
2377 1 1 1 561 567 604
2378 1 1 1 592 561 604
2379 1 1 1 582 551 592
2380 1 1 1 541 551 582
2381 1 1 1 577 541 582
2382 1 1 1 565 535 577
2383 1 1 1 522 535 565
2384 1 1 1 555 522 565
2385 1 1 1 548 512 555
2386 1 1 1 507 512 548
2387 1 1 1 539 507 548
2388 1 1 1 526 498 539
2389 1 1 1 484 498 526
2390 1 1 1 519 484 526
2391 1 1 1 510 478 519
2392 1 1 1 478 443 484
2393 1 1 1 443 457 484
2394 1 1 1 443 417 457
2395 1 1 1 417 383 425
2396 1 1 1 383 391 425
2397 1 1 1 383 351 391
2398 1 1 1 351 316 358
2399 1 1 1 316 334 358
2400 1 1 1 316 296 334
2401 1 1 1 296 255 299
2402 1 1 1 255 267 299
2403 1 1 1 255 231 267
2404 1 1 1 231 193 235
2405 1 1 1 193 201 235
2406 1 1 1 193 165 201
2407 1 1 1 165 137 181
2408 1 1 1 137 148 181
2409 1 1 1 137 114 148
2410 1 1 1 114 75 115
2411 1 1 1 75 83 115
2412 1 1 1 75 49 83
2413 1 1 1 49 18 51
2414 1 1 1 83 51 85
2415 1 1 1 83 85 118
2416 1 1 1 118 85 121
2417 1 1 1 153 121 168
2418 1 1 1 153 168 199
2419 1 1 1 199 168 204
2420 1 1 1 236 204 241
2421 1 1 1 236 241 274
2422 1 1 1 274 241 280
2423 1 1 1 312 280 325
2424 1 1 1 312 325 356
2425 1 1 1 356 325 364
2426 1 1 1 396 364 404
2427 1 1 1 396 404 437
2428 1 1 1 437 404 448
2429 1 1 1 479 448 489
2430 1 1 1 479 489 520
2431 1 1 1 520 489 531
2432 1 1 1 563 531 573
2433 1 1 1 563 573 607
2434 1 1 1 607 573 618
2435 1 1 1 553 563 595
2436 1 1 1 589 553 595
2437 1 1 1 547 553 589
2438 1 1 1 537 547 580
2439 1 1 1 567 537 580
2440 1 1 1 524 537 567
2441 1 1 1 517 524 561
2442 1 1 1 551 517 561
2443 1 1 1 509 517 551
2444 1 1 1 500 509 541
2445 1 1 1 535 500 541
2446 1 1 1 494 500 535
2447 1 1 1 480 494 522
2448 1 1 1 512 480 522
2449 1 1 1 471 480 512
2450 1 1 1 465 471 507
2451 1 1 1 498 465 507
2452 1 1 1 457 465 498
2453 1 1 1 457 425 465
2454 1 1 1 425 430 465
2455 1 1 1 391 398 430
2456 1 1 1 391 358 398
2457 1 1 1 358 372 398
2458 1 1 1 334 338 372
2459 1 1 1 334 299 338
2460 1 1 1 299 305 338
2461 1 1 1 267 273 305
2462 1 1 1 267 235 273
2463 1 1 1 235 238 273
2464 1 1 1 201 216 238
2465 1 1 1 201 181 216
2466 1 1 1 181 184 216
2467 1 1 1 148 150 184
2468 1 1 1 148 115 150
2469 1 1 1 115 118 150
2470 1 1 1 150 118 153
2471 1 1 1 150 153 186
2472 1 1 1 186 199 232
2473 1 1 1 232 199 236
2474 1 1 1 232 236 268
2475 1 1 1 268 274 306
2476 1 1 1 306 274 312
2477 1 1 1 306 312 345
2478 1 1 1 345 356 389
2479 1 1 1 389 356 396
2480 1 1 1 389 396 428
2481 1 1 1 428 437 469
2482 1 1 1 469 437 479
2483 1 1 1 469 479 511
2484 1 1 1 511 520 553
2485 1 1 1 553 520 563
2486 1 1 1 511 553 547
2487 1 1 1 505 547 537
2488 1 1 1 496 505 537
2489 1 1 1 524 496 537
2490 1 1 1 517 482 524
2491 1 1 1 476 482 517
2492 1 1 1 476 517 509
2493 1 1 1 467 509 500
2494 1 1 1 458 467 500
2495 1 1 1 494 458 500
2496 1 1 1 480 453 494
2497 1 1 1 439 453 480
2498 1 1 1 439 480 471
2499 1 1 1 430 471 465
2500 1 1 1 398 439 430
2501 1 1 1 398 411 439
2502 1 1 1 398 372 411
2503 1 1 1 372 338 376
2504 1 1 1 338 344 376
2505 1 1 1 305 344 338
2506 1 1 1 273 311 305
2507 1 1 1 273 277 311
2508 1 1 1 273 238 277
2509 1 1 1 238 216 253
2510 1 1 1 216 221 253
2511 1 1 1 184 221 216
2512 1 1 1 150 186 184
2513 1 1 1 186 232 221
2514 1 1 1 221 232 265
2515 1 1 1 265 232 268
2516 1 1 1 302 268 306
2517 1 1 1 302 306 341
2518 1 1 1 306 345 341
2519 1 1 1 345 389 381
2520 1 1 1 381 389 423
2521 1 1 1 423 389 428
2522 1 1 1 463 428 469
2523 1 1 1 463 469 505
2524 1 1 1 469 511 505
2525 1 1 1 455 463 496
2526 1 1 1 482 455 496
2527 1 1 1 441 455 482
2528 1 1 1 435 441 476
2529 1 1 1 435 476 467
2530 1 1 1 426 435 467
2531 1 1 1 418 426 458
2532 1 1 1 453 418 458
2533 1 1 1 411 418 453
2534 1 1 1 411 376 418
2535 1 1 1 376 387 418
2536 1 1 1 344 354 387
2537 1 1 1 311 354 344
2538 1 1 1 311 320 354
2539 1 1 1 277 297 320
2540 1 1 1 277 253 297
2541 1 1 1 253 265 297
2542 1 1 1 297 265 302
2543 1 1 1 297 302 335
2544 1 1 1 335 341 373
2545 1 1 1 341 381 373
2546 1 1 1 373 381 413
2547 1 1 1 413 423 455
2548 1 1 1 455 423 463
2549 1 1 1 413 455 441
2550 1 1 1 399 441 435
2551 1 1 1 399 435 394
2552 1 1 1 394 435 426
2553 1 1 1 387 426 418
2554 1 1 1 354 394 387
2555 1 1 1 359 394 354
2556 1 1 1 320 359 354
2557 1 1 1 297 335 320
2558 1 1 1 335 373 359
2559 1 1 1 373 399 359
2560 1 1 1 373 413 399
2561 1 1 1 809 765 774
2562 1 1 1 1028 1019 981
2563 1 1 1 662 650 620
2564 1 1 1 738 727 695
2565 1 1 1 1108 1143 1099
2566 1 1 1 921 959 910
2567 1 1 1 836 824 790
2568 1 1 1 736 769 725
2569 1 1 1 566 598 560
2570 1 1 1 606 636 594
2571 1 1 1 697 689 655
2572 1 1 1 641 676 634
2573 1 1 1 681 711 670
2574 1 1 1 817 853 806
2575 1 1 1 879 869 833
2576 1 1 1 966 1001 954
2577 1 1 1 1143 1187 1176
2578 1 1 1 1055 1099 1089
2579 1 1 1 1019 1055 1007
2580 1 1 1 959 1007 996
2581 1 1 1 861 910 899
2582 1 1 1 824 861 814
2583 1 1 1 769 814 804
2584 1 1 1 682 725 714
2585 1 1 1 650 682 639
2586 1 1 1 598 639 632
2587 1 1 1 519 560 550
2588 1 1 1 539 579 566
2589 1 1 1 588 620 579
2590 1 1 1 555 594 588
2591 1 1 1 577 613 606
2592 1 1 1 624 655 613
2593 1 1 1 592 634 624
2594 1 1 1 611 652 641
2595 1 1 1 664 695 652
2596 1 1 1 631 670 664
2597 1 1 1 649 691 681
2598 1 1 1 711 757 747
2599 1 1 1 747 784 738
2600 1 1 1 784 827 817
2601 1 1 1 853 901 890
2602 1 1 1 890 930 879
2603 1 1 1 930 977 966
2604 1 1 1 1001 1050 1038
2605 1 1 1 1038 1075 1028
2606 1 1 1 1075 1119 1108
2607 1 1 1 944 981 934
2608 1 1 1 883 934 921
2609 1 1 1 848 883 836
2610 1 1 1 755 790 744
2611 1 1 1 700 744 736
2612 1 1 1 668 700 662
2613 1 1 1 636 678 668
2614 1 1 1 689 722 678
2615 1 1 1 708 741 697
2616 1 1 1 676 715 708
2617 1 1 1 727 760 715
2618 1 1 1 760 806 796
2619 1 1 1 796 833 787
2620 1 1 1 869 905 857
2621 1 1 1 905 954 944
2622 1 1 1 857 848 809
2623 1 1 1 765 755 722
2624 1 1 1 787 774 741
2625 1 1 1 1176 1187 1216
2626 1 1 1 1134 1143 1176
2627 1 1 1 1099 1143 1134
2628 1 1 1 1089 1099 1134
2629 1 1 1 1043 1055 1089
2630 1 1 1 1007 1055 1043
2631 1 1 1 996 1007 1043
2632 1 1 1 948 959 996
2633 1 1 1 910 959 948
2634 1 1 1 899 910 948
2635 1 1 1 852 861 899
2636 1 1 1 814 861 852
2637 1 1 1 804 814 852
2638 1 1 1 758 769 804
2639 1 1 1 725 769 758
2640 1 1 1 714 725 758
2641 1 1 1 671 682 714
2642 1 1 1 639 682 671
2643 1 1 1 632 639 671
2644 1 1 1 591 598 632
2645 1 1 1 560 598 591
2646 1 1 1 550 560 591
2647 1 1 1 510 519 550
2648 1 1 1 519 526 560
2649 1 1 1 526 566 560
2650 1 1 1 526 539 566
2651 1 1 1 539 548 579
2652 1 1 1 548 588 579
2653 1 1 1 548 555 588
2654 1 1 1 555 565 594
2655 1 1 1 565 606 594
2656 1 1 1 565 577 606
2657 1 1 1 577 582 613
2658 1 1 1 582 624 613
2659 1 1 1 582 592 624
2660 1 1 1 592 604 634
2661 1 1 1 604 641 634
2662 1 1 1 604 611 641
2663 1 1 1 611 622 652
2664 1 1 1 622 664 652
2665 1 1 1 622 631 664
2666 1 1 1 631 638 670
2667 1 1 1 638 681 670
2668 1 1 1 638 649 681
2669 1 1 1 649 660 691
2670 1 1 1 681 691 724
2671 1 1 1 681 724 711
2672 1 1 1 711 724 757
2673 1 1 1 747 757 793
2674 1 1 1 747 793 784
2675 1 1 1 784 793 827
2676 1 1 1 817 827 865
2677 1 1 1 817 865 853
2678 1 1 1 853 865 901
2679 1 1 1 890 901 939
2680 1 1 1 890 939 930
2681 1 1 1 930 939 977
2682 1 1 1 966 977 1014
2683 1 1 1 966 1014 1001
2684 1 1 1 1001 1014 1050
2685 1 1 1 1038 1050 1084
2686 1 1 1 1038 1084 1075
2687 1 1 1 1075 1084 1119
2688 1 1 1 1108 1119 1153
2689 1 1 1 1108 1153 1143
2690 1 1 1 1143 1153 1187
2691 1 1 1 1064 1108 1099
2692 1 1 1 1055 1064 1099
2693 1 1 1 1019 1064 1055
2694 1 1 1 969 1019 1007
2695 1 1 1 959 969 1007
2696 1 1 1 921 969 959
2697 1 1 1 872 921 910
2698 1 1 1 861 872 910
2699 1 1 1 824 872 861
2700 1 1 1 778 824 814
2701 1 1 1 769 778 814
2702 1 1 1 736 778 769
2703 1 1 1 692 736 725
2704 1 1 1 682 692 725
2705 1 1 1 650 692 682
2706 1 1 1 609 650 639
2707 1 1 1 598 609 639
2708 1 1 1 566 609 598
2709 1 1 1 566 579 609
2710 1 1 1 579 620 609
2711 1 1 1 588 626 620
2712 1 1 1 588 594 626
2713 1 1 1 594 636 626
2714 1 1 1 606 648 636
2715 1 1 1 606 613 648
2716 1 1 1 613 655 648
2717 1 1 1 624 666 655
2718 1 1 1 624 634 666
2719 1 1 1 634 676 666
2720 1 1 1 641 683 676
2721 1 1 1 641 652 683
2722 1 1 1 652 695 683
2723 1 1 1 664 707 695
2724 1 1 1 664 670 707
2725 1 1 1 670 711 707
2726 1 1 1 707 711 747
2727 1 1 1 707 747 738
2728 1 1 1 738 784 771
2729 1 1 1 771 784 817
2730 1 1 1 771 817 806
2731 1 1 1 806 853 842
2732 1 1 1 842 853 890
2733 1 1 1 842 890 879
2734 1 1 1 879 930 918
2735 1 1 1 918 930 966
2736 1 1 1 918 966 954
2737 1 1 1 954 1001 993
2738 1 1 1 993 1001 1038
2739 1 1 1 993 1038 1028
2740 1 1 1 1028 1075 1064
2741 1 1 1 1064 1075 1108
2742 1 1 1 1028 1064 1019
2743 1 1 1 981 1019 969
2744 1 1 1 934 981 969
2745 1 1 1 921 934 969
2746 1 1 1 872 883 921
2747 1 1 1 836 883 872
2748 1 1 1 836 872 824
2749 1 1 1 790 824 778
2750 1 1 1 744 790 778
2751 1 1 1 736 744 778
2752 1 1 1 692 700 736
2753 1 1 1 662 700 692
2754 1 1 1 662 692 650
2755 1 1 1 620 650 609
2756 1 1 1 626 662 620
2757 1 1 1 626 668 662
2758 1 1 1 626 636 668
2759 1 1 1 636 648 678
2760 1 1 1 648 689 678
2761 1 1 1 655 689 648
2762 1 1 1 666 697 655
2763 1 1 1 666 708 697
2764 1 1 1 666 676 708
2765 1 1 1 676 683 715
2766 1 1 1 683 727 715
2767 1 1 1 695 727 683
2768 1 1 1 707 738 695
2769 1 1 1 738 771 727
2770 1 1 1 727 771 760
2771 1 1 1 760 771 806
2772 1 1 1 796 806 842
2773 1 1 1 796 842 833
2774 1 1 1 842 879 833
2775 1 1 1 879 918 869
2776 1 1 1 869 918 905
2777 1 1 1 905 918 954
2778 1 1 1 944 954 993
2779 1 1 1 944 993 981
2780 1 1 1 993 1028 981
2781 1 1 1 895 944 934
2782 1 1 1 883 895 934
2783 1 1 1 848 895 883
2784 1 1 1 800 848 836
2785 1 1 1 800 836 790
2786 1 1 1 755 800 790
2787 1 1 1 710 755 744
2788 1 1 1 700 710 744
2789 1 1 1 668 710 700
2790 1 1 1 668 678 710
2791 1 1 1 678 722 710
2792 1 1 1 689 731 722
2793 1 1 1 697 731 689
2794 1 1 1 697 741 731
2795 1 1 1 708 752 741
2796 1 1 1 708 715 752
2797 1 1 1 715 760 752
2798 1 1 1 752 760 796
2799 1 1 1 752 796 787
2800 1 1 1 787 833 822
2801 1 1 1 833 869 822
2802 1 1 1 822 869 857
2803 1 1 1 857 905 895
2804 1 1 1 895 905 944
2805 1 1 1 857 895 848
2806 1 1 1 809 848 800
2807 1 1 1 809 800 765
2808 1 1 1 765 800 755
2809 1 1 1 722 755 710
2810 1 1 1 731 765 722
2811 1 1 1 774 765 731
2812 1 1 1 741 774 731
2813 1 1 1 752 787 741
2814 1 1 1 787 822 774
2815 1 1 1 822 809 774
2816 1 1 1 822 857 809
2817 1 1 1 1010 963 979
2818 1 1 1 1194 1178 1152
2819 1 1 1 834 816 789
2820 1 1 1 970 953 923
2821 1 1 1 1258 1285 1246
2822 1 1 1 1092 1121 1079
2823 1 1 1 1021 1005 974
2824 1 1 1 909 941 892
2825 1 1 1 730 756 712
2826 1 1 1 794 821 776
2827 1 1 1 900 885 855
2828 1 1 1 860 888 840
2829 1 1 1 927 957 908
2830 1 1 1 1045 1074 1029
2831 1 1 1 1085 1071 1040
2832 1 1 1 1157 1183 1142
2833 1 1 1 1285 1323 1313
2834 1 1 1 1206 1246 1231
2835 1 1 1 1178 1206 1163
2836 1 1 1 1121 1163 1149
2837 1 1 1 1033 1079 1063
2838 1 1 1 1005 1033 988
2839 1 1 1 941 988 971
2840 1 1 1 845 892 876
2841 1 1 1 816 845 801
2842 1 1 1 756 801 785
2843 1 1 1 675 712 698
2844 1 1 1 704 745 730
2845 1 1 1 759 789 745
2846 1 1 1 735 776 759
2847 1 1 1 764 808 794
2848 1 1 1 825 855 808
2849 1 1 1 798 840 825
2850 1 1 1 829 875 860
2851 1 1 1 891 923 875
2852 1 1 1 863 908 891
2853 1 1 1 896 945 927
2854 1 1 1 957 1004 987
2855 1 1 1 987 1017 970
2856 1 1 1 1017 1062 1045
2857 1 1 1 1074 1117 1101
2858 1 1 1 1101 1128 1085
2859 1 1 1 1128 1170 1157
2860 1 1 1 1183 1223 1209
2861 1 1 1 1209 1234 1194
2862 1 1 1 1234 1274 1258
2863 1 1 1 1126 1152 1109
2864 1 1 1 1065 1109 1092
2865 1 1 1 1036 1065 1021
2866 1 1 1 946 974 928
2867 1 1 1 881 928 909
2868 1 1 1 851 881 834
2869 1 1 1 821 868 851
2870 1 1 1 885 915 868
2871 1 1 1 919 949 900
2872 1 1 1 888 937 919
2873 1 1 1 953 983 937
2874 1 1 1 983 1029 1013
2875 1 1 1 1013 1040 995
2876 1 1 1 1071 1098 1054
2877 1 1 1 1098 1142 1126
2878 1 1 1 1054 1036 1010
2879 1 1 1 963 946 915
2880 1 1 1 995 979 949
2881 1 1 1 1313 1323 1352
2882 1 1 1 1272 1285 1313
2883 1 1 1 1246 1285 1272
2884 1 1 1 1231 1246 1272
2885 1 1 1 1190 1206 1231
2886 1 1 1 1163 1206 1190
2887 1 1 1 1149 1163 1190
2888 1 1 1 1106 1121 1149
2889 1 1 1 1079 1121 1106
2890 1 1 1 1063 1079 1106
2891 1 1 1 1018 1033 1063
2892 1 1 1 988 1033 1018
2893 1 1 1 971 988 1018
2894 1 1 1 924 941 971
2895 1 1 1 892 941 924
2896 1 1 1 876 892 924
2897 1 1 1 830 845 876
2898 1 1 1 801 845 830
2899 1 1 1 785 801 830
2900 1 1 1 742 756 785
2901 1 1 1 712 756 742
2902 1 1 1 698 712 742
2903 1 1 1 660 675 698
2904 1 1 1 675 688 712
2905 1 1 1 688 730 712
2906 1 1 1 688 704 730
2907 1 1 1 704 720 745
2908 1 1 1 720 759 745
2909 1 1 1 720 735 759
2910 1 1 1 735 750 776
2911 1 1 1 750 794 776
2912 1 1 1 750 764 794
2913 1 1 1 764 781 808
2914 1 1 1 781 825 808
2915 1 1 1 781 798 825
2916 1 1 1 798 813 840
2917 1 1 1 813 860 840
2918 1 1 1 813 829 860
2919 1 1 1 829 844 875
2920 1 1 1 844 891 875
2921 1 1 1 844 863 891
2922 1 1 1 863 880 908
2923 1 1 1 880 927 908
2924 1 1 1 880 896 927
2925 1 1 1 896 914 945
2926 1 1 1 927 945 973
2927 1 1 1 927 973 957
2928 1 1 1 957 973 1004
2929 1 1 1 987 1004 1032
2930 1 1 1 987 1032 1017
2931 1 1 1 1017 1032 1062
2932 1 1 1 1045 1062 1090
2933 1 1 1 1045 1090 1074
2934 1 1 1 1074 1090 1117
2935 1 1 1 1101 1117 1145
2936 1 1 1 1101 1145 1128
2937 1 1 1 1128 1145 1170
2938 1 1 1 1157 1170 1199
2939 1 1 1 1157 1199 1183
2940 1 1 1 1183 1199 1223
2941 1 1 1 1209 1223 1248
2942 1 1 1 1209 1248 1234
2943 1 1 1 1234 1248 1274
2944 1 1 1 1258 1274 1297
2945 1 1 1 1258 1297 1285
2946 1 1 1 1285 1297 1323
2947 1 1 1 1218 1258 1246
2948 1 1 1 1206 1218 1246
2949 1 1 1 1178 1218 1206
2950 1 1 1 1136 1178 1163
2951 1 1 1 1121 1136 1163
2952 1 1 1 1092 1136 1121
2953 1 1 1 1048 1092 1079
2954 1 1 1 1033 1048 1079
2955 1 1 1 1005 1048 1033
2956 1 1 1 958 1005 988
2957 1 1 1 941 958 988
2958 1 1 1 909 958 941
2959 1 1 1 864 909 892
2960 1 1 1 845 864 892
2961 1 1 1 816 864 845
2962 1 1 1 772 816 801
2963 1 1 1 756 772 801
2964 1 1 1 730 772 756
2965 1 1 1 730 745 772
2966 1 1 1 745 789 772
2967 1 1 1 759 805 789
2968 1 1 1 759 776 805
2969 1 1 1 776 821 805
2970 1 1 1 794 838 821
2971 1 1 1 794 808 838
2972 1 1 1 808 855 838
2973 1 1 1 825 871 855
2974 1 1 1 825 840 871
2975 1 1 1 840 888 871
2976 1 1 1 860 904 888
2977 1 1 1 860 875 904
2978 1 1 1 875 923 904
2979 1 1 1 891 940 923
2980 1 1 1 891 908 940
2981 1 1 1 908 957 940
2982 1 1 1 940 957 987
2983 1 1 1 940 987 970
2984 1 1 1 970 1017 1000
2985 1 1 1 1000 1017 1045
2986 1 1 1 1000 1045 1029
2987 1 1 1 1029 1074 1057
2988 1 1 1 1057 1074 1101
2989 1 1 1 1057 1101 1085
2990 1 1 1 1085 1128 1114
2991 1 1 1 1114 1128 1157
2992 1 1 1 1114 1157 1142
2993 1 1 1 1142 1183 1167
2994 1 1 1 1167 1183 1209
2995 1 1 1 1167 1209 1194
2996 1 1 1 1194 1234 1218
2997 1 1 1 1218 1234 1258
2998 1 1 1 1194 1218 1178
2999 1 1 1 1152 1178 1136
3000 1 1 1 1109 1152 1136
3001 1 1 1 1092 1109 1136
3002 1 1 1 1048 1065 1092
3003 1 1 1 1021 1065 1048
3004 1 1 1 1021 1048 1005
3005 1 1 1 974 1005 958
3006 1 1 1 928 974 958
3007 1 1 1 909 928 958
3008 1 1 1 864 881 909
3009 1 1 1 834 881 864
3010 1 1 1 834 864 816
3011 1 1 1 789 816 772
3012 1 1 1 805 834 789
3013 1 1 1 805 851 834
3014 1 1 1 805 821 851
3015 1 1 1 821 838 868
3016 1 1 1 838 885 868
3017 1 1 1 855 885 838
3018 1 1 1 871 900 855
3019 1 1 1 871 919 900
3020 1 1 1 871 888 919
3021 1 1 1 888 904 937
3022 1 1 1 904 953 937
3023 1 1 1 923 953 904
3024 1 1 1 940 970 923
3025 1 1 1 970 1000 953
3026 1 1 1 953 1000 983
3027 1 1 1 983 1000 1029
3028 1 1 1 1013 1029 1057
3029 1 1 1 1013 1057 1040
3030 1 1 1 1057 1085 1040
3031 1 1 1 1085 1114 1071
3032 1 1 1 1071 1114 1098
3033 1 1 1 1098 1114 1142
3034 1 1 1 1126 1142 1167
3035 1 1 1 1126 1167 1152
3036 1 1 1 1167 1194 1152
3037 1 1 1 1082 1126 1109
3038 1 1 1 1065 1082 1109
3039 1 1 1 1036 1082 1065
3040 1 1 1 991 1036 1021
3041 1 1 1 991 1021 974
3042 1 1 1 946 991 974
3043 1 1 1 897 946 928
3044 1 1 1 881 897 928
3045 1 1 1 851 897 881
3046 1 1 1 851 868 897
3047 1 1 1 868 915 897
3048 1 1 1 885 933 915
3049 1 1 1 900 933 885
3050 1 1 1 900 949 933
3051 1 1 1 919 965 949
3052 1 1 1 919 937 965
3053 1 1 1 937 983 965
3054 1 1 1 965 983 1013
3055 1 1 1 965 1013 995
3056 1 1 1 995 1040 1026
3057 1 1 1 1040 1071 1026
3058 1 1 1 1026 1071 1054
3059 1 1 1 1054 1098 1082
3060 1 1 1 1082 1098 1126
3061 1 1 1 1054 1082 1036
3062 1 1 1 1010 1036 991
3063 1 1 1 1010 991 963
3064 1 1 1 963 991 946
3065 1 1 1 915 946 897
3066 1 1 1 933 963 915
3067 1 1 1 979 963 933
3068 1 1 1 949 979 933
3069 1 1 1 965 995 949
3070 1 1 1 995 1026 979
3071 1 1 1 1026 1010 979
3072 1 1 1 1026 1054 1010
3073 1 1 1 1104 1094 1060
3074 1 1 1 1214 1247 1207
3075 1 1 1 1146 1179 1137
3076 1 1 1 856 893 849
3077 1 1 1 1264 1303 1294
3078 1 1 1 1229 1270 1262
3079 1 1 1 1181 1213 1171
3080 1 1 1 1196 1237 1228
3081 1 1 1 1161 1202 1195
3082 1 1 1 1023 1067 1059
3083 1 1 1 1006 1041 997
3084 1 1 1 873 922 912
3085 1 1 1 732 775 768
3086 1 1 1 913 962 951
3087 1 1 1 1044 1080 1034
3088 1 1 1 1096 1139 1131
3089 1 1 1 1303 1313 1343
3090 1 1 1 1286 1294 1326
3091 1 1 1 1247 1286 1277
3092 1 1 1 1270 1277 1310
3093 1 1 1 1253 1262 1293
3094 1 1 1 1213 1253 1243
3095 1 1 1 1237 1243 1276
3096 1 1 1 1219 1228 1261
3097 1 1 1 1179 1219 1211
3098 1 1 1 1202 1211 1242
3099 1 1 1 1187 1195 1226
3100 1 1 1 1119 1127 1161
3101 1 1 1 1093 1137 1127
3102 1 1 1 1050 1059 1093
3103 1 1 1 977 986 1023
3104 1 1 1 950 997 986
3105 1 1 1 901 912 950
3106 1 1 1 827 837 873
3107 1 1 1 802 849 837
3108 1 1 1 757 768 802
3109 1 1 1 691 698 732
3110 1 1 1 775 785 820
3111 1 1 1 820 866 856
3112 1 1 1 866 876 913
3113 1 1 1 962 971 1008
3114 1 1 1 1008 1053 1044
3115 1 1 1 1053 1063 1096
3116 1 1 1 1139 1149 1182
3117 1 1 1 1182 1222 1214
3118 1 1 1 1222 1231 1264
3119 1 1 1 1164 1207 1198
3120 1 1 1 1189 1198 1229
3121 1 1 1 1147 1189 1181
3122 1 1 1 1130 1171 1162
3123 1 1 1 1154 1162 1196
3124 1 1 1 1111 1154 1146
3125 1 1 1 1067 1076 1111
3126 1 1 1 1041 1086 1076
3127 1 1 1 968 1015 1006
3128 1 1 1 922 932 968
3129 1 1 1 893 942 932
3130 1 1 1 942 951 990
3131 1 1 1 990 1034 1025
3132 1 1 1 1080 1122 1112
3133 1 1 1 1122 1131 1164
3134 1 1 1 1112 1147 1104
3135 1 1 1 1094 1130 1086
3136 1 1 1 1025 1060 1015
3137 1 1 1 1343 1313 1352
3138 1 1 1 1333 1303 1343
3139 1 1 1 1294 1303 1333
3140 1 1 1 1326 1294 1333
3141 1 1 1 1318 1286 1326
3142 1 1 1 1277 1286 1318
3143 1 1 1 1310 1277 1318
3144 1 1 1 1302 1270 1310
3145 1 1 1 1262 1270 1302
3146 1 1 1 1293 1262 1302
3147 1 1 1 1283 1253 1293
3148 1 1 1 1243 1253 1283
3149 1 1 1 1276 1243 1283
3150 1 1 1 1268 1237 1276
3151 1 1 1 1228 1237 1268
3152 1 1 1 1261 1228 1268
3153 1 1 1 1251 1219 1261
3154 1 1 1 1211 1219 1251
3155 1 1 1 1242 1211 1251
3156 1 1 1 1236 1202 1242
3157 1 1 1 1195 1202 1236
3158 1 1 1 1226 1195 1236
3159 1 1 1 1216 1187 1226
3160 1 1 1 1187 1153 1195
3161 1 1 1 1153 1161 1195
3162 1 1 1 1153 1119 1161
3163 1 1 1 1119 1084 1127
3164 1 1 1 1084 1093 1127
3165 1 1 1 1084 1050 1093
3166 1 1 1 1050 1014 1059
3167 1 1 1 1014 1023 1059
3168 1 1 1 1014 977 1023
3169 1 1 1 977 939 986
3170 1 1 1 939 950 986
3171 1 1 1 939 901 950
3172 1 1 1 901 865 912
3173 1 1 1 865 873 912
3174 1 1 1 865 827 873
3175 1 1 1 827 793 837
3176 1 1 1 793 802 837
3177 1 1 1 793 757 802
3178 1 1 1 757 724 768
3179 1 1 1 724 732 768
3180 1 1 1 724 691 732
3181 1 1 1 691 660 698
3182 1 1 1 732 698 742
3183 1 1 1 732 742 775
3184 1 1 1 775 742 785
3185 1 1 1 820 785 830
3186 1 1 1 820 830 866
3187 1 1 1 866 830 876
3188 1 1 1 913 876 924
3189 1 1 1 913 924 962
3190 1 1 1 962 924 971
3191 1 1 1 1008 971 1018
3192 1 1 1 1008 1018 1053
3193 1 1 1 1053 1018 1063
3194 1 1 1 1096 1063 1106
3195 1 1 1 1096 1106 1139
3196 1 1 1 1139 1106 1149
3197 1 1 1 1182 1149 1190
3198 1 1 1 1182 1190 1222
3199 1 1 1 1222 1190 1231
3200 1 1 1 1264 1231 1272
3201 1 1 1 1264 1272 1303
3202 1 1 1 1303 1272 1313
3203 1 1 1 1254 1264 1294
3204 1 1 1 1286 1254 1294
3205 1 1 1 1247 1254 1286
3206 1 1 1 1238 1247 1277
3207 1 1 1 1270 1238 1277
3208 1 1 1 1229 1238 1270
3209 1 1 1 1220 1229 1262
3210 1 1 1 1253 1220 1262
3211 1 1 1 1213 1220 1253
3212 1 1 1 1204 1213 1243
3213 1 1 1 1237 1204 1243
3214 1 1 1 1196 1204 1237
3215 1 1 1 1188 1196 1228
3216 1 1 1 1219 1188 1228
3217 1 1 1 1179 1188 1219
3218 1 1 1 1169 1179 1211
3219 1 1 1 1202 1169 1211
3220 1 1 1 1161 1169 1202
3221 1 1 1 1161 1127 1169
3222 1 1 1 1127 1137 1169
3223 1 1 1 1093 1102 1137
3224 1 1 1 1093 1059 1102
3225 1 1 1 1059 1067 1102
3226 1 1 1 1023 1031 1067
3227 1 1 1 1023 986 1031
3228 1 1 1 986 997 1031
3229 1 1 1 950 960 997
3230 1 1 1 950 912 960
3231 1 1 1 912 922 960
3232 1 1 1 873 884 922
3233 1 1 1 873 837 884
3234 1 1 1 837 849 884
3235 1 1 1 802 810 849
3236 1 1 1 802 768 810
3237 1 1 1 768 775 810
3238 1 1 1 810 775 820
3239 1 1 1 810 820 856
3240 1 1 1 856 866 903
3241 1 1 1 903 866 913
3242 1 1 1 903 913 951
3243 1 1 1 951 962 998
3244 1 1 1 998 962 1008
3245 1 1 1 998 1008 1044
3246 1 1 1 1044 1053 1087
3247 1 1 1 1087 1053 1096
3248 1 1 1 1087 1096 1131
3249 1 1 1 1131 1139 1173
3250 1 1 1 1173 1139 1182
3251 1 1 1 1173 1182 1214
3252 1 1 1 1214 1222 1254
3253 1 1 1 1254 1222 1264
3254 1 1 1 1214 1254 1247
3255 1 1 1 1207 1247 1238
3256 1 1 1 1198 1207 1238
3257 1 1 1 1229 1198 1238
3258 1 1 1 1220 1189 1229
3259 1 1 1 1181 1189 1220
3260 1 1 1 1181 1220 1213
3261 1 1 1 1171 1213 1204
3262 1 1 1 1162 1171 1204
3263 1 1 1 1196 1162 1204
3264 1 1 1 1188 1154 1196
3265 1 1 1 1146 1154 1188
3266 1 1 1 1146 1188 1179
3267 1 1 1 1137 1179 1169
3268 1 1 1 1102 1146 1137
3269 1 1 1 1102 1111 1146
3270 1 1 1 1102 1067 1111
3271 1 1 1 1067 1031 1076
3272 1 1 1 1031 1041 1076
3273 1 1 1 997 1041 1031
3274 1 1 1 960 1006 997
3275 1 1 1 960 968 1006
3276 1 1 1 960 922 968
3277 1 1 1 922 884 932
3278 1 1 1 884 893 932
3279 1 1 1 849 893 884
3280 1 1 1 810 856 849
3281 1 1 1 856 903 893
3282 1 1 1 893 903 942
3283 1 1 1 942 903 951
3284 1 1 1 990 951 998
3285 1 1 1 990 998 1034
3286 1 1 1 998 1044 1034
3287 1 1 1 1044 1087 1080
3288 1 1 1 1080 1087 1122
3289 1 1 1 1122 1087 1131
3290 1 1 1 1164 1131 1173
3291 1 1 1 1164 1173 1207
3292 1 1 1 1173 1214 1207
3293 1 1 1 1156 1164 1198
3294 1 1 1 1189 1156 1198
3295 1 1 1 1147 1156 1189
3296 1 1 1 1138 1147 1181
3297 1 1 1 1138 1181 1171
3298 1 1 1 1130 1138 1171
3299 1 1 1 1120 1130 1162
3300 1 1 1 1154 1120 1162
3301 1 1 1 1111 1120 1154
3302 1 1 1 1111 1076 1120
3303 1 1 1 1076 1086 1120
3304 1 1 1 1041 1052 1086
3305 1 1 1 1006 1052 1041
3306 1 1 1 1006 1015 1052
3307 1 1 1 968 978 1015
3308 1 1 1 968 932 978
3309 1 1 1 932 942 978
3310 1 1 1 978 942 990
3311 1 1 1 978 990 1025
3312 1 1 1 1025 1034 1069
3313 1 1 1 1034 1080 1069
3314 1 1 1 1069 1080 1112
3315 1 1 1 1112 1122 1156
3316 1 1 1 1156 1122 1164
3317 1 1 1 1112 1156 1147
3318 1 1 1 1104 1147 1138
3319 1 1 1 1104 1138 1094
3320 1 1 1 1094 1138 1130
3321 1 1 1 1086 1130 1120
3322 1 1 1 1052 1094 1086
3323 1 1 1 1060 1094 1052
3324 1 1 1 1015 1060 1052
3325 1 1 1 978 1025 1015
3326 1 1 1 1025 1069 1060
3327 1 1 1 1069 1104 1060
3328 1 1 1 1069 1112 1104
3329 1 1 1 894 874 847
3330 1 1 1 1051 1077 1030
3331 1 1 1 889 920 870
3332 1 1 1 679 705 663
3333 1 1 1 1116 1158 1140
3334 1 1 1 1037 1083 1066
3335 1 1 1 972 999 952
3336 1 1 1 961 1009 989
3337 1 1 1 877 926 906
3338 1 1 1 770 815 795
3339 1 1 1 782 807 761
3340 1 1 1 667 709 693
3341 1 1 1 575 612 596
3342 1 1 1 740 786 767
3343 1 1 1 859 887 839
3344 1 1 1 929 976 956
3345 1 1 1 1158 1176 1201
3346 1 1 1 1123 1140 1165
3347 1 1 1 1077 1123 1103
3348 1 1 1 1083 1103 1129
3349 1 1 1 1046 1066 1091
3350 1 1 1 999 1046 1027
3351 1 1 1 1009 1027 1056
3352 1 1 1 967 989 1016
3353 1 1 1 920 967 947
3354 1 1 1 926 947 975
3355 1 1 1 886 906 935
3356 1 1 1 831 850 877
3357 1 1 1 823 870 850
3358 1 1 1 777 795 823
3359 1 1 1 726 743 770
3360 1 1 1 716 761 743
3361 1 1 1 677 693 716
3362 1 1 1 625 646 667
3363 1 1 1 621 663 646
3364 1 1 1 581 596 621
3365 1 1 1 536 550 575
3366 1 1 1 612 632 653
3367 1 1 1 653 696 679
3368 1 1 1 696 714 740
3369 1 1 1 786 804 832
3370 1 1 1 832 878 859
3371 1 1 1 878 899 929
3372 1 1 1 976 996 1024
3373 1 1 1 1024 1072 1051
3374 1 1 1 1072 1089 1116
3375 1 1 1 985 1030 1011
3376 1 1 1 992 1011 1037
3377 1 1 1 943 992 972
3378 1 1 1 902 952 931
3379 1 1 1 911 931 961
3380 1 1 1 862 911 889
3381 1 1 1 815 835 862
3382 1 1 1 807 854 835
3383 1 1 1 753 799 782
3384 1 1 1 709 728 753
3385 1 1 1 705 746 728
3386 1 1 1 746 767 792
3387 1 1 1 792 839 819
3388 1 1 1 887 936 917
3389 1 1 1 936 956 985
3390 1 1 1 917 943 894
3391 1 1 1 874 902 854
3392 1 1 1 819 847 799
3393 1 1 1 1201 1176 1216
3394 1 1 1 1184 1158 1201
3395 1 1 1 1140 1158 1184
3396 1 1 1 1165 1140 1184
3397 1 1 1 1148 1123 1165
3398 1 1 1 1103 1123 1148
3399 1 1 1 1129 1103 1148
3400 1 1 1 1110 1083 1129
3401 1 1 1 1066 1083 1110
3402 1 1 1 1091 1066 1110
3403 1 1 1 1073 1046 1091
3404 1 1 1 1027 1046 1073
3405 1 1 1 1056 1027 1073
3406 1 1 1 1035 1009 1056
3407 1 1 1 989 1009 1035
3408 1 1 1 1016 989 1035
3409 1 1 1 994 967 1016
3410 1 1 1 947 967 994
3411 1 1 1 975 947 994
3412 1 1 1 955 926 975
3413 1 1 1 906 926 955
3414 1 1 1 935 906 955
3415 1 1 1 916 886 935
3416 1 1 1 886 858 906
3417 1 1 1 858 877 906
3418 1 1 1 858 831 877
3419 1 1 1 831 803 850
3420 1 1 1 803 823 850
3421 1 1 1 803 777 823
3422 1 1 1 777 751 795
3423 1 1 1 751 770 795
3424 1 1 1 751 726 770
3425 1 1 1 726 699 743
3426 1 1 1 699 716 743
3427 1 1 1 699 677 716
3428 1 1 1 677 651 693
3429 1 1 1 651 667 693
3430 1 1 1 651 625 667
3431 1 1 1 625 605 646
3432 1 1 1 605 621 646
3433 1 1 1 605 581 621
3434 1 1 1 581 556 596
3435 1 1 1 556 575 596
3436 1 1 1 556 536 575
3437 1 1 1 536 510 550
3438 1 1 1 575 550 591
3439 1 1 1 575 591 612
3440 1 1 1 612 591 632
3441 1 1 1 653 632 671
3442 1 1 1 653 671 696
3443 1 1 1 696 671 714
3444 1 1 1 740 714 758
3445 1 1 1 740 758 786
3446 1 1 1 786 758 804
3447 1 1 1 832 804 852
3448 1 1 1 832 852 878
3449 1 1 1 878 852 899
3450 1 1 1 929 899 948
3451 1 1 1 929 948 976
3452 1 1 1 976 948 996
3453 1 1 1 1024 996 1043
3454 1 1 1 1024 1043 1072
3455 1 1 1 1072 1043 1089
3456 1 1 1 1116 1089 1134
3457 1 1 1 1116 1134 1158
3458 1 1 1 1158 1134 1176
3459 1 1 1 1095 1116 1140
3460 1 1 1 1123 1095 1140
3461 1 1 1 1077 1095 1123
3462 1 1 1 1058 1077 1103
3463 1 1 1 1083 1058 1103
3464 1 1 1 1037 1058 1083
3465 1 1 1 1020 1037 1066
3466 1 1 1 1046 1020 1066
3467 1 1 1 999 1020 1046
3468 1 1 1 980 999 1027
3469 1 1 1 1009 980 1027
3470 1 1 1 961 980 1009
3471 1 1 1 938 961 989
3472 1 1 1 967 938 989
3473 1 1 1 920 938 967
3474 1 1 1 898 920 947
3475 1 1 1 926 898 947
3476 1 1 1 877 898 926
3477 1 1 1 877 850 898
3478 1 1 1 850 870 898
3479 1 1 1 823 841 870
3480 1 1 1 823 795 841
3481 1 1 1 795 815 841
3482 1 1 1 770 788 815
3483 1 1 1 770 743 788
3484 1 1 1 743 761 788
3485 1 1 1 716 737 761
3486 1 1 1 716 693 737
3487 1 1 1 693 709 737
3488 1 1 1 667 684 709
3489 1 1 1 667 646 684
3490 1 1 1 646 663 684
3491 1 1 1 621 637 663
3492 1 1 1 621 596 637
3493 1 1 1 596 612 637
3494 1 1 1 637 612 653
3495 1 1 1 637 653 679
3496 1 1 1 679 696 723
3497 1 1 1 723 696 740
3498 1 1 1 723 740 767
3499 1 1 1 767 786 811
3500 1 1 1 811 786 832
3501 1 1 1 811 832 859
3502 1 1 1 859 878 907
3503 1 1 1 907 878 929
3504 1 1 1 907 929 956
3505 1 1 1 956 976 1003
3506 1 1 1 1003 976 1024
3507 1 1 1 1003 1024 1051
3508 1 1 1 1051 1072 1095
3509 1 1 1 1095 1072 1116
3510 1 1 1 1051 1095 1077
3511 1 1 1 1030 1077 1058
3512 1 1 1 1011 1030 1058
3513 1 1 1 1037 1011 1058
3514 1 1 1 1020 992 1037
3515 1 1 1 972 992 1020
3516 1 1 1 972 1020 999
3517 1 1 1 952 999 980
3518 1 1 1 931 952 980
3519 1 1 1 961 931 980
3520 1 1 1 938 911 961
3521 1 1 1 889 911 938
3522 1 1 1 889 938 920
3523 1 1 1 870 920 898
3524 1 1 1 841 889 870
3525 1 1 1 841 862 889
3526 1 1 1 841 815 862
3527 1 1 1 815 788 835
3528 1 1 1 788 807 835
3529 1 1 1 761 807 788
3530 1 1 1 737 782 761
3531 1 1 1 737 753 782
3532 1 1 1 737 709 753
3533 1 1 1 709 684 728
3534 1 1 1 684 705 728
3535 1 1 1 663 705 684
3536 1 1 1 637 679 663
3537 1 1 1 679 723 705
3538 1 1 1 705 723 746
3539 1 1 1 746 723 767
3540 1 1 1 792 767 811
3541 1 1 1 792 811 839
3542 1 1 1 811 859 839
3543 1 1 1 859 907 887
3544 1 1 1 887 907 936
3545 1 1 1 936 907 956
3546 1 1 1 985 956 1003
3547 1 1 1 985 1003 1030
3548 1 1 1 1003 1051 1030
3549 1 1 1 964 985 1011
3550 1 1 1 992 964 1011
3551 1 1 1 943 964 992
3552 1 1 1 925 943 972
3553 1 1 1 925 972 952
3554 1 1 1 902 925 952
3555 1 1 1 882 902 931
3556 1 1 1 911 882 931
3557 1 1 1 862 882 911
3558 1 1 1 862 835 882
3559 1 1 1 835 854 882
3560 1 1 1 807 826 854
3561 1 1 1 782 826 807
3562 1 1 1 782 799 826
3563 1 1 1 753 773 799
3564 1 1 1 753 728 773
3565 1 1 1 728 746 773
3566 1 1 1 773 746 792
3567 1 1 1 773 792 819
3568 1 1 1 819 839 867
3569 1 1 1 839 887 867
3570 1 1 1 867 887 917
3571 1 1 1 917 936 964
3572 1 1 1 964 936 985
3573 1 1 1 917 964 943
3574 1 1 1 894 943 925
3575 1 1 1 894 925 874
3576 1 1 1 874 925 902
3577 1 1 1 854 902 882
3578 1 1 1 826 874 854
3579 1 1 1 847 874 826
3580 1 1 1 799 847 826
3581 1 1 1 773 819 799
3582 1 1 1 819 867 847
3583 1 1 1 867 894 847
3584 1 1 1 867 917 894
