1 1 1 1 37 29 30
2 1 1 1 30 29 24
3 1 1 1 36 37 30
4 1 1 1 37 34 29
5 1 1 1 5 8 9
6 1 1 1 9 8 14
7 1 1 1 4 5 9
8 1 1 1 5 1 8
9 1 1 1 10 16 8
10 1 1 1 8 16 14
11 1 1 1 1 10 8
12 1 1 1 10 18 16
13 1 1 1 28 22 29
14 1 1 1 29 22 24
15 1 1 1 34 28 29
16 1 1 1 28 19 22
17 1 1 1 27 31 23
18 1 1 1 23 31 26
19 1 1 1 18 27 23
20 1 1 1 27 33 31
21 1 1 1 35 32 31
22 1 1 1 31 32 26
23 1 1 1 33 35 31
24 1 1 1 35 36 32
25 1 1 1 11 6 15
26 1 1 1 15 6 12
27 1 1 1 19 11 15
28 1 1 1 11 2 6
29 1 1 1 3 7 6
30 1 1 1 6 7 12
31 1 1 1 2 3 6
32 1 1 1 3 4 7
33 1 1 1 30 25 32
34 1 1 1 32 25 26
35 1 1 1 36 30 32
36 1 1 1 30 24 25
37 1 1 1 7 9 13
38 1 1 1 13 9 14
39 1 1 1 12 7 13
40 1 1 1 7 4 9
41 1 1 1 13 20 17
42 1 1 1 17 20 24
43 1 1 1 12 13 17
44 1 1 1 13 14 20
45 1 1 1 16 23 21
46 1 1 1 21 23 26
47 1 1 1 14 16 21
48 1 1 1 16 18 23
49 1 1 1 20 21 25
50 1 1 1 25 21 26
51 1 1 1 24 20 25
52 1 1 1 20 14 21
53 1 1 1 15 17 22
54 1 1 1 22 17 24
55 1 1 1 19 15 22
56 1 1 1 15 12 17
