1 1 1 1 115 106 113
2 1 1 1 106 94 95
3 1 1 1 127 113 114
4 1 1 1 129 116 115
5 1 1 1 95 94 84
6 1 1 1 105 106 95
7 1 1 1 113 106 105
8 1 1 1 114 113 105
9 1 1 1 126 127 114
10 1 1 1 127 128 113
11 1 1 1 128 115 113
12 1 1 1 128 129 115
13 1 1 1 129 122 116
14 1 1 1 115 116 104
15 1 1 1 115 104 106
16 1 1 1 106 104 94
17 1 1 1 16 26 14
18 1 1 1 26 36 37
19 1 1 1 7 14 15
20 1 1 1 9 17 16
21 1 1 1 37 36 47
22 1 1 1 25 26 37
23 1 1 1 14 26 25
24 1 1 1 15 14 25
25 1 1 1 6 7 15
26 1 1 1 7 8 14
27 1 1 1 8 16 14
28 1 1 1 8 9 16
29 1 1 1 9 1 17
30 1 1 1 16 17 24
31 1 1 1 16 24 26
32 1 1 1 26 24 36
33 1 1 1 43 39 28
34 1 1 1 39 52 36
35 1 1 1 18 28 17
36 1 1 1 46 59 43
37 1 1 1 36 52 47
38 1 1 1 24 39 36
39 1 1 1 28 39 24
40 1 1 1 17 28 24
41 1 1 1 1 18 17
42 1 1 1 18 32 28
43 1 1 1 32 43 28
44 1 1 1 32 46 43
45 1 1 1 46 64 59
46 1 1 1 43 59 55
47 1 1 1 43 55 39
48 1 1 1 39 55 52
49 1 1 1 85 90 100
50 1 1 1 90 79 94
51 1 1 1 112 100 116
52 1 1 1 82 70 85
53 1 1 1 94 79 84
54 1 1 1 104 90 94
55 1 1 1 100 90 104
56 1 1 1 116 100 104
57 1 1 1 122 112 116
58 1 1 1 112 97 100
59 1 1 1 97 85 100
60 1 1 1 97 82 85
61 1 1 1 82 65 70
62 1 1 1 85 70 74
63 1 1 1 85 74 90
64 1 1 1 90 74 79
65 1 1 1 103 93 88
66 1 1 1 93 101 86
67 1 1 1 81 88 72
68 1 1 1 111 117 103
69 1 1 1 86 101 92
70 1 1 1 78 93 86
71 1 1 1 88 93 78
72 1 1 1 72 88 78
73 1 1 1 64 81 72
74 1 1 1 81 96 88
75 1 1 1 96 103 88
76 1 1 1 96 111 103
77 1 1 1 111 121 117
78 1 1 1 103 117 108
79 1 1 1 103 108 93
80 1 1 1 93 108 101
81 1 1 1 119 110 118
82 1 1 1 110 102 101
83 1 1 1 123 118 117
84 1 1 1 125 120 119
85 1 1 1 101 102 92
86 1 1 1 108 110 101
87 1 1 1 118 110 108
88 1 1 1 117 118 108
89 1 1 1 121 123 117
90 1 1 1 123 124 118
91 1 1 1 124 119 118
92 1 1 1 124 125 119
93 1 1 1 125 126 120
94 1 1 1 119 120 109
95 1 1 1 119 109 110
96 1 1 1 110 109 102
97 1 1 1 27 35 41
98 1 1 1 35 29 44
99 1 1 1 48 41 57
100 1 1 1 19 10 27
101 1 1 1 44 29 38
102 1 1 1 50 35 44
103 1 1 1 41 35 50
104 1 1 1 57 41 50
105 1 1 1 65 48 57
106 1 1 1 48 33 41
107 1 1 1 33 27 41
108 1 1 1 33 19 27
109 1 1 1 19 2 10
110 1 1 1 27 10 20
111 1 1 1 27 20 35
112 1 1 1 35 20 29
113 1 1 1 12 22 11
114 1 1 1 22 30 29
115 1 1 1 3 11 10
116 1 1 1 5 13 12
117 1 1 1 29 30 38
118 1 1 1 20 22 29
119 1 1 1 11 22 20
120 1 1 1 10 11 20
121 1 1 1 2 3 10
122 1 1 1 3 4 11
123 1 1 1 4 12 11
124 1 1 1 4 5 12
125 1 1 1 5 6 13
126 1 1 1 12 13 21
127 1 1 1 12 21 22
128 1 1 1 22 21 30
129 1 1 1 98 99 107
130 1 1 1 99 91 102
131 1 1 1 114 107 120
132 1 1 1 95 87 98
133 1 1 1 102 91 92
134 1 1 1 109 99 102
135 1 1 1 107 99 109
136 1 1 1 120 107 109
137 1 1 1 126 114 120
138 1 1 1 114 105 107
139 1 1 1 105 98 107
140 1 1 1 105 95 98
141 1 1 1 95 84 87
142 1 1 1 98 87 89
143 1 1 1 98 89 99
144 1 1 1 99 89 91
145 1 1 1 23 34 31
146 1 1 1 34 37 45
147 1 1 1 30 31 40
148 1 1 1 13 15 23
149 1 1 1 45 37 47
150 1 1 1 42 34 45
151 1 1 1 31 34 42
152 1 1 1 40 31 42
153 1 1 1 38 30 40
154 1 1 1 30 21 31
155 1 1 1 21 23 31
156 1 1 1 21 13 23
157 1 1 1 13 6 15
158 1 1 1 23 15 25
159 1 1 1 23 25 34
160 1 1 1 34 25 37
161 1 1 1 53 62 51
162 1 1 1 62 76 73
163 1 1 1 40 51 49
164 1 1 1 45 56 53
165 1 1 1 73 76 84
166 1 1 1 60 62 73
167 1 1 1 51 62 60
168 1 1 1 49 51 60
169 1 1 1 38 40 49
170 1 1 1 40 42 51
171 1 1 1 42 53 51
172 1 1 1 42 45 53
173 1 1 1 45 47 56
174 1 1 1 53 56 66
175 1 1 1 53 66 62
176 1 1 1 62 66 76
177 1 1 1 68 75 63
178 1 1 1 75 86 83
179 1 1 1 52 63 58
180 1 1 1 59 72 68
181 1 1 1 83 86 92
182 1 1 1 71 75 83
183 1 1 1 63 75 71
184 1 1 1 58 63 71
185 1 1 1 47 52 58
186 1 1 1 52 55 63
187 1 1 1 55 68 63
188 1 1 1 55 59 68
189 1 1 1 59 64 72
190 1 1 1 68 72 78
191 1 1 1 68 78 75
192 1 1 1 75 78 86
193 1 1 1 69 80 77
194 1 1 1 80 83 91
195 1 1 1 76 77 87
196 1 1 1 56 58 69
197 1 1 1 91 83 92
198 1 1 1 89 80 91
199 1 1 1 77 80 89
200 1 1 1 87 77 89
201 1 1 1 84 76 87
202 1 1 1 76 66 77
203 1 1 1 66 69 77
204 1 1 1 66 56 69
205 1 1 1 56 47 58
206 1 1 1 69 58 71
207 1 1 1 69 71 80
208 1 1 1 80 71 83
209 1 1 1 54 67 61
210 1 1 1 67 73 79
211 1 1 1 57 61 70
212 1 1 1 44 49 54
213 1 1 1 79 73 84
214 1 1 1 74 67 79
215 1 1 1 61 67 74
216 1 1 1 70 61 74
217 1 1 1 65 57 70
218 1 1 1 57 50 61
219 1 1 1 50 54 61
220 1 1 1 50 44 54
221 1 1 1 44 38 49
222 1 1 1 54 49 60
223 1 1 1 54 60 67
224 1 1 1 67 60 73
