1 0 0 0
2 0 1 0
3 0 0.968750000000161 0
4 0 0.93750000000029 0
5 0 0.906250000000419 0
6 0 0.875000000000516 0
7 0 0.84375000000061 0
8 0 0.812500000000689 0
9 0 0.781250000000712 0
10 0 0.75000000000076 0
11 0 0.718750000000901 0
12 0 0.687500000001037 0
13 0 0.656250000001144 0
14 0 0.625000000001292 0
15 0 0.593750000001473 0
16 0 0.562500000001755 0
17 0 0.531250000001898 0
18 0 0.500000000002059 0
19 0 0.468750000001931 0
20 0 0.437500000001802 0
21 0 0.406250000001673 0
22 0 0.375000000001544 0
23 0 0.343750000001416 0
24 0 0.312500000001287 0
25 0 0.281250000001158 0
26 0 0.25000000000103 0
27 0 0.218750000000901 0
28 0 0.187500000000772 0
29 0 0.156250000000644 0
30 0 0.125000000000515 0
31 0 0.0937500000003861 0
32 0 0.0625000000002575 0
33 0 0.0312500000001287 0
34 0.0183593750000287 0.981640625000026 0
35 0.0183593750000287 0.950390625000171 0
36 0.0183593750000287 0.9191406250003 0
37 0.0183593750000287 0.887890625000413 0
38 0.0183593750000287 0.856640625000508 0
39 0.0183593750000287 0.825390625000595 0
40 0.0183593750000287 0.794140625000656 0
41 0.0183593750000287 0.762890625000691 0
42 0.0183593750000287 0.73164062500082 0
43 0.0183593750000287 0.700390625000958 0
44 0.0183593750000287 0.669140625001091 0
45 0.0183593750000287 0.637890625001219 0
46 0.0183593750000287 0.606640625001381 0
47 0.0183593750000287 0.575390625001613 0
48 0.0183593750000287 0.544140625001805 0
49 0.0183593750000287 0.512890625001957 0
50 0.0234374999999737 0.460937500001828 0
51 0.0234374999999737 0.492187500001957 0
52 0.0234374999999737 0.4296875000017 0
53 0.0234374999999737 0.398437500001571 0
54 0.0234374999999737 0.367187500001442 0
55 0.0234374999999737 0.335937500001314 0
56 0.0234374999999737 0.304687500001185 0
57 0.0234374999999737 0.273437500001056 0
58 0.0234374999999737 0.242187500000927 0
59 0.0234374999999737 0.210937500000799 0
60 0.0234374999999737 0.17968750000067 0
61 0.0234374999999737 0.148437500000541 0
62 0.0234374999999737 0.117187500000412 0
63 0.0234374999999737 0.0859375000002837 0
64 0.0234374999999737 0.054687500000155 0
65 0.0234374999999737 0.0234375000000263 0
66 0.0312499999999419 0 0
67 0.0312500000001287 1 0
68 0.0367187500000574 0.963281250000052 0
69 0.0367187500000574 0.90078125000031 0
70 0.0367187500000574 0.8382812500005 0
71 0.0367187500000574 0.775781250000622 0
72 0.0367187500000574 0.71328125000088 0
73 0.0367187500000574 0.650781250001146 0
74 0.0367187500000574 0.58828125000147 0
75 0.0367187500000574 0.525781250001854 0
76 0.0367187500000574 0.932031250000181 0
77 0.0367187500000574 0.869531250000405 0
78 0.0367187500000574 0.807031250000561 0
79 0.0367187500000574 0.744531250000751 0
80 0.0367187500000574 0.682031250001013 0
81 0.0367187500000574 0.619531250001308 0
82 0.0367187500000574 0.557031250001662 0
83 0.0417968750000024 0.505078125001854 0
84 0.0468749999999474 0.421875000001597 0
85 0.0468749999999474 0.484375000001855 0
86 0.0468749999999474 0.35937500000134 0
87 0.0468749999999474 0.296875000001082 0
88 0.0468749999999474 0.234375000000825 0
89 0.0468749999999474 0.171875000000567 0
90 0.0468749999999474 0.10937500000031 0
91 0.0468749999999474 0.0468750000000526 0
92 0.0468749999999474 0.453125000001726 0
93 0.0468749999999474 0.390625000001468 0
94 0.0468749999999474 0.328125000001211 0
95 0.0468749999999474 0.265625000000954 0
96 0.0468749999999474 0.203125000000696 0
97 0.0468749999999474 0.140625000000439 0
98 0.0468749999999474 0.0781250000001813 0
99 0.0496093750001574 0.981640625000026 0
100 0.0546874999999103 0.0234375000000263 0
101 0.055078125000086 0.944921875000078 0
102 0.055078125000086 0.913671875000207 0
103 0.055078125000086 0.851171875000397 0
104 0.055078125000086 0.882421875000302 0
105 0.055078125000086 0.819921875000492 0
106 0.055078125000086 0.788671875000553 0
107 0.055078125000086 0.726171875000811 0
108 0.055078125000086 0.757421875000682 0
109 0.055078125000086 0.694921875000939 0
110 0.055078125000086 0.663671875001072 0
111 0.055078125000086 0.601171875001397 0
112 0.055078125000086 0.632421875001235 0
113 0.055078125000086 0.56992187500156 0
114 0.055078125000086 0.538671875001751 0
115 0.0601562500000311 0.517968750001752 0
116 0.0624999999998732 0 0
117 0.0625000000002575 1 0
118 0.0652343749999761 0.497265625001752 0
119 0.0679687500001861 0.963281250000052 0
120 0.0703124999999211 0.445312500001623 0
121 0.0703124999999211 0.476562500001752 0
122 0.0703124999999211 0.382812500001366 0
123 0.0703124999999211 0.414062500001495 0
124 0.0703124999999211 0.351562500001237 0
125 0.0703124999999211 0.320312500001109 0
126 0.0703124999999211 0.257812500000851 0
127 0.0703124999999211 0.28906250000098 0
128 0.0703124999999211 0.226562500000723 0
129 0.0703124999999211 0.195312500000594 0
130 0.0703124999999211 0.132812500000336 0
131 0.0703124999999211 0.164062500000465 0
132 0.0703124999999211 0.101562500000208 0
133 0.0703124999999211 0.0703125000000789 0
134 0.0734375000001147 0.926562500000104 0
135 0.0734375000001147 0.801562500000484 0
136 0.0734375000001147 0.676562500000999 0
137 0.0734375000001147 0.551562500001649 0
138 0.0734375000001147 0.864062500000294 0
139 0.0734375000001147 0.739062500000742 0
140 0.0734375000001147 0.614062500001324 0
141 0.0734375000001147 0.832812500000389 0
142 0.0734375000001147 0.895312500000199 0
143 0.0734375000001147 0.70781250000087 0
144 0.0734375000001147 0.770312500000613 0
145 0.0734375000001147 0.582812500001486 0
146 0.0734375000001147 0.645312500001161 0
147 0.0781249999998921 0.0468750000000526 0
148 0.0785156250000597 0.530859375001649 0
149 0.0808593750002861 0.981640625000026 0
150 0.0835937500000047 0.510156250001649 0
151 0.085937499999855 0.0234375000000263 0
152 0.0863281250002147 0.944921875000078 0
153 0.0886718749999498 0.48945312500165 0
154 0.0917968750001434 0.90820312500013 0
155 0.0917968750001434 0.876953125000225 0
156 0.0917968750001434 0.84570312500032 0
157 0.0917968750001434 0.814453125000415 0
158 0.0917968750001434 0.68945312500093 0
159 0.0917968750001434 0.720703125000801 0
160 0.0917968750001434 0.751953125000673 0
161 0.0917968750001434 0.783203125000544 0
162 0.0917968750001434 0.658203125001059 0
163 0.0917968750001434 0.626953125001221 0
164 0.0917968750001434 0.595703125001384 0
165 0.0917968750001434 0.564453125001546 0
166 0.093749999999826 0 0
167 0.0937499999998948 0.343750000001135 0
168 0.0937499999998948 0.46875000000165 0
169 0.0937499999998948 0.21875000000062 0
170 0.0937499999998948 0.0937500000001052 0
171 0.0937499999998948 0.406250000001392 0
172 0.0937499999998948 0.281250000000878 0
173 0.0937499999998948 0.156250000000363 0
174 0.0937499999998948 0.375000000001264 0
175 0.0937499999998948 0.437500000001521 0
176 0.0937499999998948 0.250000000000749 0
177 0.0937499999998948 0.312500000001006 0
178 0.0937499999998948 0.125000000000234 0
179 0.0937499999998948 0.187500000000491 0
180 0.0937500000003861 1 0
181 0.0968750000000884 0.543750000001546 0
182 0.0992187500003148 0.963281250000052 0
183 0.101562499999866 0.0703125000000789 0
184 0.101953125000033 0.523046875001547 0
185 0.104687500000243 0.926562500000104 0
186 0.107031249999978 0.502343750001547 0
187 0.109374999999837 0.0468750000000526 0
188 0.110156250000172 0.889843750000156 0
189 0.110156250000172 0.827343750000346 0
190 0.110156250000172 0.702343750000861 0
191 0.110156250000172 0.764843750000604 0
192 0.110156250000172 0.639843750001118 0
193 0.110156250000172 0.577343750001443 0
194 0.110156250000172 0.858593750000251 0
195 0.110156250000172 0.733593750000732 0
196 0.110156250000172 0.67109375000099 0
197 0.110156250000172 0.796093750000475 0
198 0.110156250000172 0.608593750001281 0
199 0.112109374999924 0.481640625001547 0
200 0.112109375000415 0.981640625000026 0
201 0.115234375000117 0.556640625001444 0
202 0.117187499999808 0.0234375000000263 0
203 0.117187499999868 0.429687500001419 0
204 0.117187499999868 0.460937500001547 0
205 0.117187499999868 0.39843750000129 0
206 0.117187499999868 0.367187500001161 0
207 0.117187499999868 0.242187500000646 0
208 0.117187499999868 0.273437500000775 0
209 0.117187499999868 0.304687500000904 0
210 0.117187499999868 0.335937500001033 0
211 0.117187499999868 0.210937500000518 0
212 0.117187499999868 0.179687500000389 0
213 0.117187499999868 0.14843750000026 0
214 0.117187499999868 0.117187500000132 0
215 0.117578125000343 0.944921875000078 0
216 0.120312500000062 0.535937500001444 0
217 0.123046875000272 0.90820312500013 0
218 0.124999999999779 0 0
219 0.124999999999822 0.0937500000001052 0
220 0.125000000000515 1 0
221 0.125390625000007 0.515234375001444 0
222 0.128515625000201 0.871484375000182 0
223 0.128515625000201 0.840234375000277 0
224 0.128515625000201 0.715234375000792 0
225 0.128515625000201 0.746484375000663 0
226 0.128515625000201 0.652734375001049 0
227 0.128515625000201 0.683984375000921 0
228 0.128515625000201 0.621484375001178 0
229 0.128515625000201 0.777734375000535 0
230 0.128515625000201 0.808984375000406 0
231 0.128515625000201 0.590234375001341 0
232 0.130468749999952 0.494531250001444 0
233 0.130468750000444 0.963281250000052 0
234 0.132812499999793 0.0703125000000789 0
235 0.133593750000146 0.569531250001341 0
236 0.135546874999897 0.473828125001445 0
237 0.135937500000372 0.926562500000104 0
238 0.138671875000091 0.548828125001341 0
239 0.140624999999764 0.0468750000000526 0
240 0.140624999999842 0.390625000001188 0
241 0.140624999999842 0.453125000001445 0
242 0.140624999999842 0.265625000000673 0
243 0.140624999999842 0.32812500000093 0
244 0.140624999999842 0.203125000000415 0
245 0.140624999999842 0.140625000000158 0
246 0.140624999999842 0.421875000001316 0
247 0.140624999999842 0.296875000000801 0
248 0.140624999999842 0.234375000000544 0
249 0.140624999999842 0.359375000001059 0
250 0.140624999999842 0.171875000000286 0
251 0.141406250000301 0.889843750000156 0
252 0.143359375000543 0.981640625000026 0
253 0.143750000000036 0.528125000001342 0
254 0.146875000000229 0.853125000000208 0
255 0.146875000000229 0.603125000001238 0
256 0.146875000000229 0.728125000000723 0
257 0.146875000000229 0.665625000000981 0
258 0.146875000000229 0.790625000000466 0
259 0.146875000000229 0.634375000001109 0
260 0.146875000000229 0.696875000000852 0
261 0.146875000000229 0.759375000000594 0
262 0.146875000000229 0.821875000000337 0
263 0.148437499999735 0.0234375000000263 0
264 0.148437499999796 0.117187500000132 0
265 0.148828124999981 0.507421875001342 0
266 0.148828125000472 0.944921875000078 0
267 0.151953125000174 0.582421875001238 0
268 0.153906249999926 0.486718750001342 0
269 0.154296875000401 0.90820312500013 0
270 0.156249999999689 0 0
271 0.156249999999749 0.0937500000001052 0
272 0.156250000000644 1 0
273 0.157031250000119 0.561718750001239 0
274 0.158984374999871 0.466015625001342 0
275 0.15976562500033 0.871484375000182 0
276 0.161718750000572 0.963281250000052 0
277 0.162109375000064 0.541015625001239 0
278 0.16406249999972 0.0703125000000789 0
279 0.164062499999816 0.414062500001214 0
280 0.164062499999816 0.445312500001343 0
281 0.164062499999816 0.289062500000699 0
282 0.164062499999816 0.320312500000828 0
283 0.164062499999816 0.226562500000442 0
284 0.164062499999816 0.25781250000057 0
285 0.164062499999816 0.195312500000313 0
286 0.164062499999816 0.351562500000957 0
287 0.164062499999816 0.382812500001085 0
288 0.164062499999816 0.164062500000184 0
289 0.165234375000258 0.834765625000234 0
290 0.165234375000258 0.803515625000363 0
291 0.165234375000258 0.772265625000492 0
292 0.165234375000258 0.74101562500062 0
293 0.165234375000258 0.709765625000749 0
294 0.165234375000258 0.678515625000878 0
295 0.165234375000258 0.647265625001007 0
296 0.165234375000258 0.616015625001135 0
297 0.16718750000001 0.520312500001239 0
298 0.167187500000501 0.926562500000104 0
299 0.170312500000203 0.595312500001136 0
300 0.171874999999691 0.0468750000000526 0
301 0.171874999999769 0.140625000000158 0
302 0.172265624999954 0.499609375001239 0
303 0.17265625000043 0.889843750000156 0
304 0.174609375000672 0.981640625000026 0
305 0.175390625000148 0.574609375001136 0
306 0.177343749999899 0.47890625000124 0
307 0.178125000000358 0.853125000000208 0
308 0.179687499999645 0.0234375000000263 0
309 0.179687499999723 0.117187500000132 0
310 0.180078125000601 0.944921875000078 0
311 0.180468750000093 0.553906250001136 0
312 0.182421874999845 0.45820312500124 0
313 0.183593750000287 0.81640625000026 0
314 0.183593750000287 0.753906250000518 0
315 0.183593750000287 0.691406250000775 0
316 0.183593750000287 0.628906250001033 0
317 0.183593750000287 0.785156250000389 0
318 0.183593750000287 0.722656250000646 0
319 0.183593750000287 0.660156250000904 0
320 0.185546875000038 0.533203125001136 0
321 0.185546875000529 0.90820312500013 0
322 0.187499999999599 0 0
323 0.187499999999677 0.0937500000001052 0
324 0.18749999999979 0.18750000000021 0
325 0.18749999999979 0.43750000000124 0
326 0.18749999999979 0.312500000000725 0
327 0.18749999999979 0.250000000000468 0
328 0.18749999999979 0.375000000000983 0
329 0.18749999999979 0.218750000000339 0
330 0.18749999999979 0.281250000000597 0
331 0.18749999999979 0.343750000000854 0
332 0.18749999999979 0.406250000001111 0
333 0.187500000000772 1 0
334 0.188671875000232 0.608203125001033 0
335 0.190624999999983 0.512500000001137 0
336 0.191015625000458 0.871484375000182 0
337 0.192968750000701 0.963281250000052 0
338 0.193750000000177 0.587500000001033 0
339 0.195312499999648 0.0703125000000789 0
340 0.195312499999743 0.164062500000184 0
341 0.195703124999928 0.491796875001137 0
342 0.196484375000387 0.834765625000234 0
343 0.19843750000063 0.926562500000104 0
344 0.198828125000122 0.566796875001033 0
345 0.200781249999873 0.471093750001137 0
346 0.201953125000315 0.798046875000286 0
347 0.201953125000315 0.766796875000415 0
348 0.201953125000315 0.704296875000673 0
349 0.201953125000315 0.735546875000544 0
350 0.201953125000315 0.673046875000801 0
351 0.201953125000315 0.64179687500093 0
352 0.203124999999601 0.0468750000000526 0
353 0.203124999999697 0.140625000000158 0
354 0.203906250000067 0.546093750001034 0
355 0.203906250000558 0.889843750000156 0
356 0.205859374999818 0.450390625001138 0
357 0.205859375000801 0.981640625000026 0
358 0.207031250000261 0.62109375000093 0
359 0.208984375000012 0.525390625001034 0
360 0.209375000000487 0.853125000000208 0
361 0.210937499999555 0.0234375000000263 0
362 0.21093749999965 0.117187500000132 0
363 0.210937499999763 0.398437500001009 0
364 0.210937499999763 0.429687500001138 0
365 0.210937499999763 0.36718750000088 0
366 0.210937499999763 0.335937500000752 0
367 0.210937499999763 0.304687500000623 0
368 0.210937499999763 0.273437500000494 0
369 0.210937499999763 0.242187500000366 0
370 0.210937499999763 0.210937500000237 0
371 0.21132812500073 0.944921875000078 0
372 0.212109375000205 0.600390625000931 0
373 0.214062499999957 0.504687500001034 0
374 0.214843750000416 0.81640625000026 0
375 0.216796875000658 0.90820312500013 0
376 0.21718750000015 0.579687500000931 0
377 0.218749999999509 0 0
378 0.218749999999604 0.0937500000001052 0
379 0.218749999999708 0.18750000000021 0
380 0.218750000000901 1 0
381 0.219140624999902 0.483984375001035 0
382 0.220312500000344 0.779687500000313 0
383 0.220312500000344 0.654687500000827 0
384 0.220312500000344 0.71718750000057 0
385 0.220312500000344 0.685937500000699 0
386 0.220312500000344 0.748437500000441 0
387 0.222265625000096 0.558984375000931 0
388 0.222265625000587 0.871484375000182 0
389 0.224218749999847 0.463281250001035 0
390 0.22421875000083 0.963281250000052 0
391 0.225390625000289 0.633984375000828 0
392 0.226562499999558 0.0703125000000789 0
393 0.226562499999661 0.164062500000184 0
394 0.227343750000041 0.538281250000931 0
395 0.227734375000515 0.834765625000234 0
396 0.229296874999792 0.442578125001035 0
397 0.229687500000758 0.926562500000104 0
398 0.230468750000234 0.613281250000828 0
399 0.232421874999986 0.517578125000932 0
400 0.233203125000444 0.798046875000286 0
401 0.234374999999511 0.0468750000000526 0
402 0.234374999999615 0.140625000000158 0
403 0.234374999999737 0.359375000000778 0
404 0.234374999999737 0.421875000001035 0
405 0.234374999999737 0.29687500000052 0
406 0.234374999999737 0.234375000000263 0
407 0.234374999999737 0.390625000000907 0
408 0.234374999999737 0.328125000000649 0
409 0.234374999999737 0.265625000000392 0
410 0.235156250000687 0.889843750000156 0
411 0.235546875000179 0.592578125000828 0
412 0.23710937500093 0.981640625000026 0
413 0.237499999999931 0.496875000000932 0
414 0.238671875000373 0.761328125000339 0
415 0.238671875000373 0.730078125000467 0
416 0.238671875000373 0.698828125000596 0
417 0.238671875000373 0.667578125000725 0
418 0.240625000000124 0.571875000000828 0
419 0.240625000000616 0.853125000000208 0
420 0.242187499999465 0.0234375000000263 0
421 0.242187499999569 0.117187500000132 0
422 0.242187499999682 0.210937500000237 0
423 0.242578124999876 0.476171875000932 0
424 0.242578125000858 0.944921875000078 0
425 0.243750000000318 0.646875000000725 0
426 0.245703125000069 0.551171875000829 0
427 0.246093750000544 0.81640625000026 0
428 0.247656249999821 0.455468750000933 0
429 0.248046875000787 0.90820312500013 0
430 0.248828125000263 0.626171875000725 0
431 0.249999999999418 0 0
432 0.249999999999522 0.0937500000001052 0
433 0.249999999999626 0.18750000000021 0
434 0.25000000000103 1 0
435 0.250781250000014 0.530468750000829 0
436 0.251562500000473 0.779687500000313 0
437 0.252734374999766 0.434765625000933 0
438 0.253515625000716 0.871484375000182 0
439 0.253906250000208 0.605468750000725 0
440 0.255468750000958 0.963281250000052 0
441 0.255859374999959 0.509765625000829 0
442 0.257031250000401 0.742968750000365 0
443 0.257031250000401 0.680468750000622 0
444 0.257031250000401 0.711718750000493 0
445 0.257812499999476 0.0703125000000789 0
446 0.25781249999958 0.164062500000184 0
447 0.257812499999711 0.382812500000804 0
448 0.257812499999711 0.414062500000933 0
449 0.257812499999711 0.320312500000547 0
450 0.257812499999711 0.351562500000676 0
451 0.257812499999711 0.289062500000418 0
452 0.257812499999711 0.257812500000289 0
453 0.258984375000153 0.584765625000726 0
454 0.258984375000644 0.834765625000234 0
455 0.260937499999904 0.48906250000083 0
456 0.260937500000887 0.926562500000104 0
457 0.262109375000346 0.659765625000622 0
458 0.264062500000098 0.564062500000726 0
459 0.264453125000573 0.798046875000286 0
460 0.26562499999943 0.0468750000000526 0
461 0.265624999999533 0.140625000000158 0
462 0.265624999999655 0.234375000000263 0
463 0.266015624999849 0.46835937500083 0
464 0.266406250000816 0.889843750000156 0
465 0.267187500000292 0.639062500000622 0
466 0.268359375001058 0.981640625000026 0
467 0.269140625000043 0.543359375000726 0
468 0.269921875000502 0.761328125000339 0
469 0.271093749999794 0.44765625000083 0
470 0.271875000000744 0.853125000000208 0
471 0.272265625000236 0.618359375000623 0
472 0.273437499999383 0.0234375000000263 0
473 0.273437499999487 0.117187500000132 0
474 0.2734374999996 0.210937500000237 0
475 0.273828125000987 0.944921875000078 0
476 0.274218749999988 0.522656250000727 0
477 0.27539062500043 0.724609375000391 0
478 0.27539062500043 0.693359375000519 0
479 0.276171874999739 0.42695312500083 0
480 0.277343750000182 0.597656250000623 0
481 0.277343750000673 0.81640625000026 0
482 0.279296874999933 0.501953125000727 0
483 0.279296875000916 0.90820312500013 0
484 0.280468750000375 0.67265625000052 0
485 0.281249999999328 0 0
486 0.281249999999441 0.0937500000001052 0
487 0.281249999999544 0.18750000000021 0
488 0.281249999999684 0.281250000000316 0
489 0.281249999999684 0.406250000000831 0
490 0.281249999999684 0.343750000000573 0
491 0.281249999999684 0.312500000000444 0
492 0.281249999999684 0.375000000000702 0
493 0.281250000001158 1 0
494 0.282421875000127 0.576953125000623 0
495 0.282812500000601 0.779687500000313 0
496 0.284374999999878 0.481250000000727 0
497 0.284765625000844 0.871484375000182 0
498 0.28554687500032 0.65195312500052 0
499 0.286718750001087 0.963281250000052 0
500 0.287500000000072 0.556250000000624 0
501 0.28828125000053 0.742968750000365 0
502 0.289062499999394 0.0703125000000789 0
503 0.289062499999498 0.164062500000184 0
504 0.289062499999629 0.257812500000289 0
505 0.289453124999823 0.460546875000727 0
506 0.290234375000773 0.834765625000234 0
507 0.290625000000265 0.63125000000052 0
508 0.292187500001016 0.926562500000104 0
509 0.292578125000017 0.535546875000624 0
510 0.293750000000459 0.706250000000417 0
511 0.294531249999768 0.439843750000728 0
512 0.29570312500021 0.61054687500052 0
513 0.295703125000702 0.798046875000286 0
514 0.296874999999348 0.0468750000000526 0
515 0.296874999999451 0.140625000000158 0
516 0.296874999999574 0.234375000000263 0
517 0.297656249999962 0.514843750000624 0
518 0.297656250000944 0.889843750000156 0
519 0.298828125000404 0.685546875000417 0
520 0.299609374999713 0.419140625000728 0
521 0.299609375001187 0.981640625000026 0
522 0.300781250000155 0.589843750000521 0
523 0.30117187500063 0.761328125000339 0
524 0.302734374999907 0.494140625000624 0
525 0.303125000000873 0.853125000000208 0
526 0.303906250000349 0.664843750000417 0
527 0.304687499999292 0.0234375000000263 0
528 0.304687499999405 0.117187500000132 0
529 0.304687499999518 0.210937500000237 0
530 0.304687499999658 0.367187500000599 0
531 0.304687499999658 0.398437500000728 0
532 0.304687499999658 0.335937500000471 0
533 0.304687499999658 0.304687500000342 0
534 0.305078125001116 0.944921875000078 0
535 0.3058593750001 0.569140625000521 0
536 0.306640625000559 0.724609375000391 0
537 0.307812499999852 0.473437500000625 0
538 0.308593750000802 0.81640625000026 0
539 0.308984375000294 0.644140625000417 0
540 0.310546875001044 0.90820312500013 0
541 0.310937500000045 0.548437500000521 0
542 0.312499999999237 0 0
543 0.312499999999359 0.0937500000001052 0
544 0.312499999999463 0.18750000000021 0
545 0.312499999999603 0.281250000000316 0
546 0.312500000001287 1 0
547 0.312890624999797 0.452734375000625 0
548 0.314062500000239 0.623437500000418 0
549 0.31406250000073 0.779687500000313 0
550 0.315885416667112 0.702343750000381 0
551 0.31601562499999 0.527734375000521 0
552 0.316015625000973 0.871484375000182 0
553 0.317968749999742 0.432031250000625 0
554 0.317968750001216 0.963281250000052 0
555 0.319140625000184 0.602734375000418 0
556 0.319531250000659 0.742968750000365 0
557 0.320312499999312 0.0703125000000789 0
558 0.320312499999416 0.164062500000184 0
559 0.320312499999547 0.257812500000289 0
560 0.320963541667057 0.681640625000381 0
561 0.321093749999935 0.507031250000522 0
562 0.321484375000902 0.834765625000234 0
563 0.323046874999687 0.411328125000625 0
564 0.323437500001145 0.926562500000104 0
565 0.324218750000129 0.582031250000418 0
566 0.326041666667002 0.660937500000381 0
567 0.32617187499988 0.486328125000522 0
568 0.32695312500083 0.798046875000286 0
569 0.328124999999257 0.0468750000000526 0
570 0.32812499999937 0.140625000000158 0
571 0.328124999999492 0.234375000000263 0
572 0.328124999999632 0.328125000000368 0
573 0.328124999999632 0.390625000000626 0
574 0.328124999999632 0.359375000000497 0
575 0.328776041667212 0.720703125000355 0
576 0.328906250001073 0.889843750000156 0
577 0.329296875000074 0.561328125000419 0
578 0.330859375001316 0.981640625000026 0
579 0.331119791666947 0.640234375000381 0
580 0.331249999999825 0.465625000000522 0
581 0.332421875000759 0.761328125000339 0
582 0.334375000000019 0.540625000000419 0
583 0.334375000001002 0.853125000000208 0
584 0.335937499999202 0.0234375000000263 0
585 0.335937499999323 0.117187500000132 0
586 0.335937499999436 0.210937500000237 0
587 0.335937499999576 0.304687500000342 0
588 0.336197916666892 0.619531250000382 0
589 0.33632812499977 0.444921875000522 0
590 0.336328125001244 0.944921875000078 0
591 0.338020833333765 0.698437500000345 0
592 0.339453124999964 0.519921875000419 0
593 0.33984375000093 0.81640625000026 0
594 0.341276041666837 0.598828125000382 0
595 0.341406249999716 0.424218750000523 0
596 0.341666666667312 0.739062500000329 0
597 0.341796875001173 0.90820312500013 0
598 0.34309895833371 0.677734375000345 0
599 0.343749999999146 0 0
600 0.343749999999277 0.0937500000001052 0
601 0.343749999999381 0.18750000000021 0
602 0.343749999999521 0.281250000000316 0
603 0.343750000001416 1 0
604 0.344531249999909 0.499218750000419 0
605 0.345312500000859 0.779687500000313 0
606 0.346354166666782 0.578125000000382 0
607 0.34648437499966 0.403515625000523 0
608 0.347265625001102 0.871484375000182 0
609 0.348177083333655 0.657031250000345 0
610 0.349218750001345 0.963281250000052 0
611 0.349609374999854 0.47851562500042 0
612 0.350911458333865 0.716796875000319 0
613 0.351432291666727 0.557421875000383 0
614 0.351562499999222 0.0703125000000789 0
615 0.351562499999334 0.164062500000184 0
616 0.351562499999465 0.257812500000289 0
617 0.351562499999605 0.351562500000395 0
618 0.351562499999605 0.382812500000523 0
619 0.35273437500103 0.834765625000234 0
620 0.3532552083336 0.636328125000345 0
621 0.354557291667412 0.757421875000303 0
622 0.354687499999799 0.45781250000042 0
623 0.354687500001273 0.926562500000104 0
624 0.356510416666672 0.536718750000383 0
625 0.358203125000959 0.798046875000286 0
626 0.358333333333545 0.615625000000346 0
627 0.359374999999166 0.0468750000000526 0
628 0.359374999999288 0.140625000000158 0
629 0.35937499999941 0.234375000000263 0
630 0.35937499999955 0.328125000000368 0
631 0.359765624999744 0.43710937500042 0
632 0.360156250000418 0.694531250000308 0
633 0.360156250001202 0.889843750000156 0
634 0.361588541666617 0.516015625000383 0
635 0.362109375001445 0.981640625000026 0
636 0.36341145833349 0.594921875000346 0
637 0.363802083333965 0.735156250000292 0
638 0.364843749999689 0.41640625000042 0
639 0.365234375000363 0.673828125000309 0
640 0.36562500000113 0.853125000000208 0
641 0.366666666666562 0.495312500000383 0
642 0.367187499999111 0.0234375000000263 0
643 0.367187499999242 0.117187500000132 0
644 0.367187499999355 0.210937500000237 0
645 0.367187499999495 0.304687500000342 0
646 0.367447916667512 0.775781250000276 0
647 0.367578125001373 0.944921875000078 0
648 0.368489583333435 0.574218750000346 0
649 0.369921874999634 0.395703125000421 0
650 0.370312500000308 0.653125000000309 0
651 0.371093750001059 0.81640625000026 0
652 0.371744791666507 0.474609375000384 0
653 0.373046875000518 0.712890625000282 0
654 0.373046875001302 0.90820312500013 0
655 0.37356770833338 0.553515625000346 0
656 0.374999999999055 0 0
657 0.374999999999186 0.0937500000001052 0
658 0.374999999999299 0.18750000000021 0
659 0.374999999999439 0.281250000000316 0
660 0.374999999999579 0.375000000000421 0
661 0.375000000001544 1 0
662 0.375390625000253 0.632421875000309 0
663 0.376692708334065 0.753515625000266 0
664 0.376822916666452 0.453906250000384 0
665 0.37851562500123 0.871484375000182 0
666 0.378645833333325 0.532812500000347 0
667 0.380338541667612 0.79414062500025 0
668 0.380468750000198 0.61171875000031 0
669 0.380468750001473 0.963281250000052 0
670 0.381901041666397 0.433203125000384 0
671 0.382291666667071 0.690625000000272 0
672 0.382812499999131 0.0703125000000789 0
673 0.382812499999253 0.164062500000184 0
674 0.382812499999384 0.257812500000289 0
675 0.382812499999524 0.351562500000395 0
676 0.38372395833327 0.512109375000347 0
677 0.383984375001159 0.834765625000234 0
678 0.385546875000143 0.59101562500031 0
679 0.385937500000618 0.731250000000256 0
680 0.385937500001402 0.926562500000104 0
681 0.386979166666342 0.412500000000384 0
682 0.387369791667016 0.669921875000273 0
683 0.388802083333215 0.491406250000347 0
684 0.389583333334165 0.77187500000024 0
685 0.390624999999075 0.0468750000000526 0
686 0.390624999999206 0.140625000000158 0
687 0.390624999999328 0.234375000000263 0
688 0.390624999999468 0.328125000000368 0
689 0.390625000000088 0.57031250000031 0
690 0.391406250001331 0.889843750000156 0
691 0.392057291666287 0.391796875000385 0
692 0.392447916666961 0.649218750000273 0
693 0.393229166667712 0.812500000000224 0
694 0.393359375001573 0.981640625000026 0
695 0.39388020833316 0.470703125000347 0
696 0.395182291667171 0.708984375000246 0
697 0.395703125000033 0.54960937500031 0
698 0.396484374999565 0.369140625000364 0
699 0.396875000001259 0.853125000000208 0
700 0.397526041666906 0.628515625000273 0
701 0.39843749999902 0.0234375000000263 0
702 0.398437499999151 0.117187500000132 0
703 0.398437499999273 0.210937500000237 0
704 0.398437499999413 0.304687500000342 0
705 0.398828125000718 0.74960937500023 0
706 0.398828125001502 0.944921875000078 0
707 0.398958333333105 0.450000000000348 0
708 0.400781249999978 0.528906250000311 0
709 0.402473958334265 0.790234375000214 0
710 0.402604166666851 0.607812500000274 0
711 0.40403645833305 0.429296875000348 0
712 0.404296874999509 0.345703125000338 0
713 0.404296875001431 0.90820312500013 0
714 0.404427083333724 0.686718750000236 0
715 0.405859374999923 0.508203125000311 0
716 0.406119791667812 0.830859375000198 0
717 0.406249999998964 0 0
718 0.406249999999095 0.0937500000001052 0
719 0.406249999999217 0.18750000000021 0
720 0.406249999999357 0.281250000000316 0
721 0.406250000001673 1 0
722 0.407682291666796 0.587109375000274 0
723 0.408072916667271 0.72734375000022 0
724 0.409114583332995 0.408593750000348 0
725 0.409505208333669 0.666015625000237 0
726 0.409765625001359 0.871484375000182 0
727 0.410937499999868 0.487500000000311 0
728 0.411718750000818 0.767968750000204 0
729 0.411718750001602 0.963281250000052 0
730 0.412109374999454 0.322265625000311 0
731 0.412760416666741 0.566406250000274 0
732 0.413541666666273 0.385937500000328 0
733 0.41406249999904 0.0703125000000789 0
734 0.414062499999171 0.164062500000184 0
735 0.414062499999302 0.257812500000289 0
736 0.414583333333614 0.645312500000237 0
737 0.415364583334365 0.808593750000188 0
738 0.416015624999813 0.466796875000311 0
739 0.417187500001531 0.926562500000104 0
740 0.417317708333824 0.70507812500021 0
741 0.417838541666686 0.545703125000274 0
742 0.41796874999955 0.363281250000307 0
743 0.419010416667912 0.849218750000172 0
744 0.419661458333559 0.624609375000237 0
745 0.419921874999398 0.298828125000285 0
746 0.420963541667371 0.745703125000194 0
747 0.421093749999758 0.446093750000312 0
748 0.421874999998985 0.0468750000000526 0
749 0.421874999999115 0.140625000000158 0
750 0.421874999999246 0.234375000000263 0
751 0.422656250001459 0.889843750000156 0
752 0.422916666666631 0.525000000000275 0
753 0.424609375000918 0.786328125000178 0
754 0.424609375001702 0.981640625000026 0
755 0.424739583333504 0.603906250000237 0
756 0.425781249999495 0.339843750000281 0
757 0.426171874999703 0.425390625000312 0
758 0.426562500000377 0.6828125000002 0
759 0.427734374999343 0.275390625000259 0
760 0.427994791666576 0.504296875000275 0
761 0.428255208334465 0.826953125000162 0
762 0.429687499998929 0.0234375000000263 0
763 0.42968749999906 0.117187500000132 0
764 0.429687499999191 0.210937500000237 0
765 0.429817708333449 0.583203125000238 0
766 0.430078125001631 0.944921875000078 0
767 0.430208333333924 0.723437500000184 0
768 0.430598958332981 0.402734375000291 0
769 0.431640625000322 0.662109375000201 0
770 0.431901041668012 0.867578125000146 0
771 0.433072916666521 0.483593750000275 0
772 0.433593749999439 0.316406250000255 0
773 0.433854166667471 0.764062500000168 0
774 0.434895833333394 0.562500000000238 0
775 0.435026041666258 0.380078125000271 0
776 0.435546874999287 0.251953125000232 0
777 0.435546875001559 0.90820312500013 0
778 0.436718750000267 0.641406250000201 0
779 0.437499999998874 0 0
780 0.437499999999005 0.0937500000001052 0
781 0.437499999999136 0.18750000000021 0
782 0.437500000001018 0.804687500000152 0
783 0.437500000001802 1 0
784 0.438151041666466 0.462890625000275 0
785 0.439453124999535 0.35742187500025 0
786 0.439453125000477 0.701171875000174 0
787 0.439973958333339 0.541796875000238 0
788 0.441145833334565 0.845312500000136 0
789 0.441406249999384 0.292968750000228 0
790 0.441796875000212 0.620703125000201 0
791 0.442968750001731 0.963281250000052 0
792 0.443098958334024 0.741796875000158 0
793 0.443229166666411 0.442187500000276 0
794 0.443359374999232 0.228515625000206 0
795 0.444791666668112 0.88593750000012 0
796 0.445052083333284 0.521093750000239 0
797 0.445312499998949 0.0703125000000789 0
798 0.44531249999908 0.164062500000184 0
799 0.446744791667571 0.782421875000142 0
800 0.446875000000157 0.600000000000201 0
801 0.44726562499948 0.333984375000224 0
802 0.447656249999689 0.419531250000255 0
803 0.448437500001659 0.926562500000104 0
804 0.44869791666703 0.678906250000164 0
805 0.449218749999328 0.269531250000202 0
806 0.450130208333229 0.500390625000239 0
807 0.450390625001118 0.823046875000126 0
808 0.451171874999176 0.20507812500018 0
809 0.451953125000102 0.579296875000202 0
810 0.452083333332966 0.396875000000235 0
811 0.452343750000577 0.719531250000148 0
812 0.453124999998894 0.0468750000000526 0
813 0.453124999999025 0.140625000000158 0
814 0.453776041666975 0.658203125000165 0
815 0.454036458334665 0.86367187500011 0
816 0.455078124999425 0.310546875000198 0
817 0.455208333333174 0.479687500000239 0
818 0.455859375001831 0.981640625000026 0
819 0.455989583334124 0.760156250000132 0
820 0.456510416666243 0.374218750000214 0
821 0.457031249999273 0.246093750000175 0
822 0.457031250000047 0.558593750000202 0
823 0.457682291668212 0.904296875000094 0
824 0.45885416666692 0.637500000000165 0
825 0.458984374999121 0.181640625000153 0
826 0.459635416667671 0.800781250000116 0
827 0.460286458333119 0.458984375000239 0
828 0.460937499998838 0.0234375000000263 0
829 0.460937499998969 0.117187500000132 0
830 0.460937499999521 0.351562500000193 0
831 0.461328125001759 0.944921875000078 0
832 0.46158854166713 0.697265625000138 0
833 0.462109374999992 0.537890625000202 0
834 0.462890624999369 0.287109375000171 0
835 0.463281250001218 0.8414062500001 0
836 0.463932291666865 0.616796875000165 0
837 0.464713541666397 0.436328125000219 0
838 0.464843749999217 0.222656250000149 0
839 0.465234375000677 0.737890625000122 0
840 0.466796874999066 0.158203125000127 0
841 0.466927083334765 0.882031250000084 0
842 0.467187499999937 0.517187500000203 0
843 0.468749999998783 0 0
844 0.468749999998914 0.0937500000001052 0
845 0.468749999999465 0.328125000000167 0
846 0.468750000001931 1 0
847 0.468880208334224 0.778515625000106 0
848 0.46901041666681 0.596093750000165 0
849 0.469140624999674 0.413671875000198 0
850 0.470572916668312 0.922656250000068 0
851 0.470703124999314 0.263671875000145 0
852 0.470833333333683 0.675000000000128 0
853 0.472265624999882 0.496484375000203 0
854 0.472526041667771 0.81914062500009 0
855 0.472656249999162 0.199218750000123 0
856 0.473567708332951 0.391015625000178 0
857 0.474088541666755 0.575390625000166 0
858 0.474218750001859 0.963281250000052 0
859 0.47447916666723 0.715625000000112 0
860 0.47460937499901 0.134765625000101 0
861 0.475911458333628 0.654296875000129 0
862 0.476171875001318 0.859765625000074 0
863 0.476562499998858 0.0703125000000789 0
864 0.47656249999941 0.304687500000141 0
865 0.477343749999827 0.475781250000203 0
866 0.477994791666229 0.368359375000157 0
867 0.478125000000777 0.756250000000096 0
868 0.478515624999258 0.240234375000119 0
869 0.4791666666667 0.554687500000166 0
870 0.479817708334865 0.900390625000058 0
871 0.480468749999106 0.175781250000097 0
872 0.480989583333573 0.633593750000129 0
873 0.481770833333105 0.453125000000183 0
874 0.481770833334324 0.79687500000008 0
875 0.482421874998955 0.111328125000075 0
876 0.482421874999506 0.345703125000136 0
877 0.483463541668412 0.941015625000042 0
878 0.483723958333783 0.693359375000102 0
879 0.484244791666645 0.533984375000166 0
880 0.484374999998803 0.0468750000000526 0
881 0.484374999999355 0.281250000000114 0
882 0.485416666667871 0.837500000000064 0
883 0.486067708333518 0.612890625000129 0
884 0.486197916666382 0.430468750000162 0
885 0.486328124999203 0.216796875000092 0
886 0.487109375001959 0.981640625000026 0
887 0.48736979166733 0.733984375000086 0
888 0.488281249999051 0.15234375000007 0
889 0.489062500001418 0.878125000000048 0
890 0.48932291666659 0.513281250000166 0
891 0.490234374998899 0.0878906250000483 0
892 0.490234374999451 0.32226562500011 0
893 0.490624999999659 0.407812500000141 0
894 0.491015625000877 0.77460937500007 0
895 0.491145833333463 0.592187500000129 0
896 0.492187499998748 0.0234375000000263 0
897 0.492187499999299 0.257812500000088 0
898 0.492708333334965 0.918750000000032 0
899 0.492968750000336 0.671093750000092 0
900 0.494140624999147 0.193359375000066 0
901 0.494401041666535 0.492578125000167 0
902 0.494661458334424 0.815234375000054 0
903 0.495052083332937 0.38515625000012 0
904 0.496093749998996 0.128906250000044 0
905 0.496223958333408 0.57148437500013 0
906 0.496354166668512 0.959375000000016 0
907 0.496614583333883 0.711718750000076 0
908 0.498046874998844 0.064453125000022 0
909 0.498046874999395 0.298828125000084 0
910 0.498046875000281 0.650390625000092 0
911 0.498307291667971 0.855859375000038 0
912 0.498828124999813 0.469921875000146 0
913 0.499479166666214 0.3625000000001 0
914 0.499999999998692 0 0
915 0.499999999999244 0.234375000000062 0
916 0.500000000002059 1 0
917 0.50026041666743 0.75234375000006 0
918 0.501302083333353 0.55078125000013 0
919 0.501953124999092 0.16992187500004 0
920 0.501953125001518 0.896484375000022 0
921 0.503125000000226 0.629687500000093 0
922 0.50325520833309 0.447265625000126 0
923 0.50390624999894 0.105468750000018 0
924 0.503906249999492 0.339843750000079 0
925 0.503906250000977 0.792968750000044 0
926 0.505598958335065 0.937109375000006 0
927 0.505859374998788 0.0410156249999957 0
928 0.50585937499934 0.275390625000057 0
929 0.505859375000436 0.689453125000066 0
930 0.506380208333298 0.53007812500013 0
931 0.507552083334524 0.833593750000028 0
932 0.507682291666367 0.424609375000105 0
933 0.507812499999188 0.210937500000035 0
934 0.508203125000171 0.608984375000093 0
935 0.509244791668612 0.97773437499999 0
936 0.509505208333983 0.73007812500005 0
937 0.509765624999036 0.146484375000013 0
938 0.511197916668071 0.874218750000012 0
939 0.511458333333243 0.50937500000013 0
940 0.511718749998885 0.0820312499999914 0
941 0.511718749999436 0.316406250000053 0
942 0.512109374999645 0.401953125000084 0
943 0.51315104166753 0.770703125000034 0
944 0.513281250000116 0.588281250000093 0
945 0.513671874998733 0.0175781249999694 0
946 0.513671874999285 0.251953125000031 0
947 0.514843750001618 0.914843749999996 0
948 0.515104166666989 0.667187500000056 0
949 0.515624999999133 0.187500000000009 0
950 0.515885416666521 0.48671875000011 0
951 0.516536458332922 0.379296875000064 0
952 0.516796875001077 0.811328125000018 0
953 0.517578124998981 0.123046874999987 0
954 0.518359375000061 0.567578125000094 0
955 0.518489583335165 0.95546874999998 0
956 0.518750000000536 0.70781250000004 0
957 0.519531249998829 0.0585937499999651 0
958 0.519531249999381 0.292968750000027 0
959 0.520182291666934 0.646484375000056 0
960 0.520312499999798 0.464062500000089 0
961 0.520442708334624 0.851953125000002 0
962 0.5209635416662 0.356640625000043 0
963 0.521484374999229 0.228515625000005 0
964 0.522395833334083 0.748437500000024 0
965 0.523437499999077 0.164062499999983 0
966 0.523437500000006 0.546875000000094 0
967 0.524088541668171 0.892578124999986 0
968 0.524739583333075 0.441406250000069 0
969 0.525260416666879 0.625781250000057 0
970 0.525390624998926 0.0996093749999608 0
971 0.525390624999477 0.333984375000022 0
972 0.52604166666763 0.789062500000008 0
973 0.527343749998774 0.0351562499999388 0
974 0.527343749999325 0.26953125 0
975 0.527734375001718 0.93320312499997 0
976 0.527994791667089 0.68554687500003 0
977 0.528515624999951 0.526171875000094 0
978 0.529166666666353 0.418750000000048 0
979 0.529296874999174 0.205078124999978 0
980 0.529687500001177 0.829687499999992 0
981 0.530338541666824 0.605078125000057 0
982 0.531249999998774 0 0
983 0.531249999999022 0.140624999999956 0
984 0.531250000001898 1 0
985 0.531640625000636 0.726171875000014 0
986 0.532942708333229 0.503515625000074 0
987 0.53320312499887 0.0761718749999344 0
988 0.533203124999422 0.310546874999996 0
989 0.533333333334724 0.870312499999976 0
990 0.53359374999963 0.396093750000027 0
991 0.53515624999927 0.246093749999974 0
992 0.535286458334183 0.766796874999998 0
993 0.535416666666769 0.584375000000057 0
994 0.536979166668271 0.91093749999996 0
995 0.537109374999118 0.181640624999952 0
996 0.537239583333642 0.66328125000002 0
997 0.537369791666506 0.480859375000053 0
998 0.538020833332908 0.373437500000007 0
999 0.53893229166773 0.807421874999982 0
1000 0.539062499998966 0.11718749999993 0
1001 0.540494791666714 0.563671875000058 0
1002 0.54049479166846 0.97773437499999 0
1003 0.540885416667189 0.703906250000004 0
1004 0.541015624998815 0.0527343749999081 0
1005 0.541015624999366 0.28710937499997 0
1006 0.541796874999783 0.458203125000032 0
1007 0.542317708333587 0.64257812500002 0
1008 0.542447916666185 0.350781249999986 0
1009 0.542578125001277 0.848046874999966 0
1010 0.542968749999215 0.222656249999948 0
1011 0.544531250000736 0.744531249999988 0
1012 0.544921874998815 0.0175781249999694 0
1013 0.544921874999063 0.158203124999926 0
1014 0.545572916666659 0.542968750000058 0
1015 0.546223958333061 0.435546875000012 0
1016 0.546223958334824 0.88867187499995 0
1017 0.546874999998911 0.0937499999999038 0
1018 0.546874999999463 0.328124999999966 0
1019 0.547395833333532 0.621875000000021 0
1020 0.548177083334283 0.785156249999972 0
1021 0.548828124999311 0.263671874999943 0
1022 0.549739583334974 0.95546874999998 0
1023 0.549999999999937 0.520312500000037 0
1024 0.550130208333742 0.681640624999994 0
1025 0.550651041666338 0.412890624999991 0
1026 0.550781249999159 0.199218749999922 0
1027 0.55182291666783 0.825781249999956 0
1028 0.552473958333477 0.601171875000021 0
1029 0.552734374999007 0.134765624999899 0
1030 0.553776041667289 0.722265624999978 0
1031 0.554427083333214 0.497656250000017 0
1032 0.554687499998856 0.0703124999998775 0
1033 0.554687499999407 0.304687499999939 0
1034 0.555078124999616 0.39023437499997 0
1035 0.555468750001377 0.86640624999994 0
1036 0.556640624999255 0.240234374999917 0
1037 0.557421875000836 0.762890624999962 0
1038 0.557552083333422 0.580468750000021 0
1039 0.558593749998856 0.0351562499999388 0
1040 0.558593749999104 0.175781249999895 0
1041 0.558854166666491 0.474999999999996 0
1042 0.558984375001527 0.93320312499997 0
1043 0.559375000000295 0.659374999999984 0
1044 0.559505208332893 0.36757812499995 0
1045 0.560546874998952 0.111328124999873 0
1046 0.561067708334383 0.803515624999946 0
1047 0.562499999998856 0 0
1048 0.562499999999352 0.281249999999913 0
1049 0.562500000001755 1 0
1050 0.562630208333367 0.559765625000022 0
1051 0.563020833333842 0.699999999999968 0
1052 0.563281249999769 0.452343749999975 0
1053 0.563932291666171 0.344921874999929 0
1054 0.5644531249992 0.216796874999891 0
1055 0.56445312500024 0.638671874999984 0
1056 0.56471354166793 0.84414062499993 0
1057 0.566406249999048 0.152343749999869 0
1058 0.566666666667389 0.740624999999952 0
1059 0.567057291666645 0.537109375000001 0
1060 0.567708333333046 0.429687499999955 0
1061 0.568229166668109 0.91093749999996 0
1062 0.568359374998896 0.0878906249998469 0
1063 0.568359374999448 0.322265624999909 0
1064 0.569531250000185 0.617968749999985 0
1065 0.570312499999296 0.257812499999886 0
1066 0.570312500000936 0.781249999999936 0
1067 0.571484374999922 0.51445312499998 0
1068 0.571744791668268 0.97773437499999 0
1069 0.572135416666324 0.407031249999934 0
1070 0.572265624998896 0.0527343749999081 0
1071 0.572265624999144 0.193359374999865 0
1072 0.572265625000395 0.677734374999958 0
1073 0.573958333334483 0.82187499999992 0
1074 0.574218749998993 0.128906249999843 0
1075 0.57460937500013 0.597265624999985 0
1076 0.575911458333199 0.49179687499996 0
1077 0.575911458333942 0.718359374999942 0
1078 0.576171874998896 0.0175781249999694 0
1079 0.576171874999392 0.298828124999882 0
1080 0.576562499999601 0.384374999999913 0
1081 0.577473958334662 0.88867187499995 0
1082 0.578124999999241 0.23437499999986 0
1083 0.579557291667489 0.758984374999926 0
1084 0.579687500000075 0.576562499999985 0
1085 0.580078124999089 0.169921874999838 0
1086 0.580338541666477 0.469140624999939 0
1087 0.580989583332879 0.361718749999893 0
1088 0.580989583334782 0.95546874999998 0
1089 0.581510416666948 0.655468749999948 0
1090 0.582031249998937 0.105468749999816 0
1091 0.583203125001036 0.79960937499991 0
1092 0.583984374999337 0.275390624999856 0
1093 0.584114583333353 0.553906249999965 0
1094 0.584765624999754 0.446484374999918 0
1095 0.585156250000495 0.696093749999932 0
1096 0.585416666666156 0.339062499999872 0
1097 0.585937499998937 0.0703124999998775 0
1098 0.585937499999185 0.210937499999834 0
1099 0.586588541666893 0.634765624999948 0
1100 0.586718750001215 0.86640624999994 0
1101 0.587890624999034 0.146484374999812 0
1102 0.58854166666663 0.531249999999944 0
1103 0.588802083334042 0.736718749999916 0
1104 0.589192708333032 0.423828124999898 0
1105 0.589843749998937 0.0351562499999388 0
1106 0.589843749999433 0.316406249999852 0
1107 0.590234375001364 0.93320312499997 0
1108 0.591666666666838 0.614062499999949 0
1109 0.591796874999282 0.25195312499983 0
1110 0.592447916667589 0.7773437499999 0
1111 0.592968749999907 0.508593749999923 0
1112 0.593619791666309 0.401171874999877 0
1113 0.593749999998937 0 0
1114 0.59374999999913 0.187499999999808 0
1115 0.593750000001473 1 0
1116 0.594401041667048 0.673828124999922 0
1117 0.595703124998978 0.123046874999786 0
1118 0.595963541667768 0.84414062499993 0
1119 0.596744791666783 0.593359374999949 0
1120 0.597395833333185 0.485937499999903 0
1121 0.597656249999378 0.292968749999825 0
1122 0.598046874999587 0.378515624999857 0
1123 0.598046875000595 0.714453124999906 0
1124 0.599479166667947 0.91093749999996 0
1125 0.599609374998978 0.0878906249998469 0
1126 0.599609374999226 0.228515624999803 0
1127 0.601171875000061 0.570703124999928 0
1128 0.601562499999075 0.164062499999781 0
1129 0.601692708334142 0.75507812499989 0
1130 0.601822916666462 0.463281249999882 0
1131 0.602473958332864 0.355859374999836 0
1132 0.602994791668037 0.97773437499999 0
1133 0.603515624998978 0.0527343749999081 0
1134 0.603645833333601 0.651562499999912 0
1135 0.605208333334355 0.82187499999992 0
1136 0.605468749999323 0.269531249999799 0
1137 0.605598958333338 0.548046874999908 0
1138 0.60624999999974 0.440624999999861 0
1139 0.606901041666141 0.333203124999815 0
1140 0.607291666667148 0.692187499999896 0
1141 0.607421874998978 0.0175781249999694 0
1142 0.607421874999171 0.205078124999777 0
1143 0.608723958333546 0.630859374999912 0
1144 0.608723958334499 0.88867187499995 0
1145 0.609374999999019 0.140624999999755 0
1146 0.610026041666615 0.525390624999887 0
1147 0.610677083333017 0.417968749999841 0
1148 0.610937500000695 0.73281249999988 0
1149 0.611328124999419 0.310546874999795 0
1150 0.612239583334619 0.95546874999998 0
1151 0.613281249999019 0.105468749999816 0
1152 0.613281249999267 0.246093749999773 0
1153 0.613802083333491 0.610156249999913 0
1154 0.614453124999893 0.502734374999867 0
1155 0.614453125000908 0.79960937499991 0
1156 0.615104166666295 0.39531249999982 0
1157 0.615234374999115 0.181640624999751 0
1158 0.616536458333701 0.669921874999886 0
1159 0.617187499999019 0.0703124999998775 0
1160 0.617968750001052 0.86640624999994 0
1161 0.618229166666769 0.587499999999892 0
1162 0.61888020833317 0.480078124999846 0
1163 0.619140624999363 0.287109374999768 0
1164 0.619531249999572 0.3726562499998 0
1165 0.620182291667248 0.71054687499987 0
1166 0.621093749999019 0.0351562499999388 0
1167 0.621093749999212 0.222656249999746 0
1168 0.621484375001202 0.93320312499997 0
1169 0.622656250000046 0.564843749999871 0
1170 0.62304687499906 0.158203124999724 0
1171 0.623307291666448 0.457421874999825 0
1172 0.623697916667461 0.7773437499999 0
1173 0.623958333332849 0.349999999999779 0
1174 0.624999999999019 0 0
1175 0.625000000001292 1 0
1176 0.625781250000254 0.647656249999876 0
1177 0.62695312499906 0.123046874999786 0
1178 0.626953124999308 0.263671874999742 0
1179 0.627083333333323 0.542187499999851 0
1180 0.627213541667639 0.84414062499993 0
1181 0.627734374999725 0.434765624999804 0
1182 0.628385416666127 0.327343749999758 0
1183 0.628906249999156 0.19921874999972 0
1184 0.629427083333801 0.68828124999986 0
1185 0.630729166667784 0.91093749999996 0
1186 0.63085937499906 0.0878906249998469 0
1187 0.630859375000199 0.626953124999876 0
1188 0.631510416666601 0.51953124999983 0
1189 0.632161458333003 0.412109374999784 0
1190 0.632812499999404 0.304687499999738 0
1191 0.632942708334014 0.75507812499989 0
1192 0.634244791667875 0.97773437499999 0
1193 0.63476562499906 0.0527343749999081 0
1194 0.634765624999252 0.240234374999716 0
1195 0.635286458333477 0.604296874999856 0
1196 0.635937499999878 0.496874999999809 0
1197 0.636458333334226 0.82187499999992 0
1198 0.63658854166628 0.389453124999763 0
1199 0.636718749999101 0.175781249999694 0
1200 0.63867187499906 0.0175781249999694 0
1201 0.638671875000354 0.66601562499985 0
1202 0.639713541666754 0.581640624999835 0
1203 0.639973958334337 0.88867187499995 0
1204 0.640364583333156 0.474218749999789 0
1205 0.640624999999101 0.140624999999755 0
1206 0.640624999999349 0.281249999999712 0
1207 0.641015624999557 0.366796874999743 0
1208 0.642187500000567 0.73281249999988 0
1209 0.642578124999197 0.216796874999689 0
1210 0.643489583334457 0.95546874999998 0
1211 0.644140625000031 0.558984374999814 0
1212 0.644531249999101 0.105468749999816 0
1213 0.644791666666433 0.451562499999768 0
1214 0.645442708332835 0.344140624999722 0
1215 0.645703125000779 0.79960937499991 0
1216 0.647916666666907 0.64374999999984 0
1217 0.648437499999101 0.0703124999998775 0
1218 0.648437499999293 0.257812499999685 0
1219 0.648567708333309 0.536328124999794 0
1220 0.649218749999711 0.428906249999748 0
1221 0.649218750000924 0.86640624999994 0
1222 0.649869791666112 0.321484374999701 0
1223 0.650390624999142 0.193359374999663 0
1224 0.651432291667119 0.71054687499987 0
1225 0.652343749999101 0.0351562499999388 0
1226 0.652343750000185 0.621093749999819 0
1227 0.652734375001039 0.93320312499997 0
1228 0.652994791666586 0.513671874999773 0
1229 0.653645833332988 0.406249999999727 0
1230 0.654296874999142 0.158203124999724 0
1231 0.65429687499939 0.298828124999681 0
1232 0.654947916667332 0.7773437499999 0
1233 0.656249999999101 0 0
1234 0.656249999999238 0.234374999999659 0
1235 0.656250000001144 1 0
1236 0.656770833333462 0.598437499999799 0
1237 0.657421874999864 0.491015624999752 0
1238 0.658072916666265 0.383593749999706 0
1239 0.658203124999142 0.123046874999786 0
1240 0.65846354166751 0.84414062499993 0
1241 0.660677083333672 0.68828124999986 0
1242 0.661197916666739 0.575781249999778 0
1243 0.661848958333141 0.468359374999732 0
1244 0.661979166667622 0.91093749999996 0
1245 0.662109374999142 0.0878906249998469 0
1246 0.662109374999334 0.275390624999654 0
1247 0.662499999999543 0.360937499999686 0
1248 0.664062499999182 0.210937499999632 0
1249 0.664192708333885 0.75507812499989 0
1250 0.665494791667747 0.97773437499999 0
1251 0.665625000000017 0.553124999999758 0
1252 0.666015624999142 0.0527343749999081 0
1253 0.666276041666419 0.445703124999711 0
1254 0.66692708333282 0.338281249999665 0
1255 0.667708333334097 0.82187499999992 0
1256 0.667968749999182 0.175781249999694 0
1257 0.669921874999142 0.0175781249999694 0
1258 0.669921874999279 0.251953124999628 0
1259 0.669921875000225 0.66601562499985 0
1260 0.669921875000225 0.634765624999768 0
1261 0.670052083333294 0.530468749999737 0
1262 0.670703124999696 0.423046874999691 0
1263 0.671223958334208 0.88867187499995 0
1264 0.671354166666098 0.315624999999645 0
1265 0.671874999999182 0.140624999999755 0
1266 0.673437500000438 0.73281249999988 0
1267 0.674348958333503 0.612109374999748 0
1268 0.674479166666572 0.507812499999716 0
1269 0.674739583334324 0.95546874999998 0
1270 0.675130208332973 0.40039062499967 0
1271 0.675781249999182 0.105468749999816 0
1272 0.675781249999375 0.292968749999624 0
1273 0.67695312500065 0.79960937499991 0
1274 0.677734374999223 0.228515624999602 0
1275 0.67877604166678 0.589453124999727 0
1276 0.678906249999849 0.485156249999696 0
1277 0.679557291666251 0.37773437499965 0
1278 0.679687499999183 0.0703124999998775 0
1279 0.680468750000795 0.86640624999994 0
1280 0.681640624999223 0.193359374999663 0
1281 0.682682291666991 0.71054687499987 0
1282 0.683203125000058 0.566796874999706 0
1283 0.683333333333127 0.462499999999675 0
1284 0.683593749999183 0.0351562499999388 0
1285 0.68359374999932 0.269531249999598 0
1286 0.683984374999528 0.355078124999629 0
1287 0.683984375000906 0.93320312499997 0
1288 0.685546874999223 0.158203124999724 0
1289 0.686197916667203 0.7773437499999 0
1290 0.687499999999183 0 0
1291 0.687500000001037 1 0
1292 0.687630208333335 0.544140624999686 0
1293 0.687760416666404 0.439843749999654 0
1294 0.688411458332806 0.332421874999608 0
1295 0.689453124999223 0.123046874999786 0
1296 0.689713541667382 0.84414062499993 0
1297 0.691406249999264 0.246093749999571 0
1298 0.691927083333544 0.68828124999986 0
1299 0.691927083333544 0.625781249999696 0
1300 0.691927083333544 0.657031249999778 0
1301 0.692057291666613 0.521484374999665 0
1302 0.692187499999681 0.417187499999634 0
1303 0.692838541666083 0.309765624999588 0
1304 0.693229166667493 0.91093749999996 0
1305 0.693359374999223 0.0878906249998469 0
1306 0.695312499999264 0.210937499999632 0
1307 0.695442708333756 0.75507812499989 0
1308 0.696354166666821 0.603124999999676 0
1309 0.69648437499989 0.498828124999645 0
1310 0.696614583332959 0.394531249999613 0
1311 0.696744791667614 0.97773437499999 0
1312 0.697265624999224 0.0527343749999081 0
1313 0.697265624999361 0.287109374999567 0
1314 0.698958333333968 0.82187499999992 0
1315 0.699218749999264 0.175781249999694 0
1316 0.700781250000099 0.580468749999655 0
1317 0.700911458333167 0.476171874999624 0
1318 0.701041666666236 0.371874999999593 0
1319 0.701171874999224 0.0175781249999694 0
1320 0.70247395833408 0.88867187499995 0
1321 0.703124999999264 0.140624999999755 0
1322 0.704687500000309 0.73281249999988 0
1323 0.705078124999305 0.263671874999541 0
1324 0.705208333333376 0.557812499999635 0
1325 0.705338541666445 0.453515624999603 0
1326 0.705468749999514 0.349218749999572 0
1327 0.705989583334191 0.95546874999998 0
1328 0.707031249999264 0.105468749999816 0
1329 0.708203125000521 0.79960937499991 0
1330 0.708984374999305 0.228515624999602 0
1331 0.709635416666653 0.535156249999614 0
1332 0.709765624999722 0.430859374999583 0
1333 0.709895833332791 0.326562499999551 0
1334 0.710937499999264 0.0703124999998775 0
1335 0.711718750000666 0.86640624999994 0
1336 0.712890624999305 0.193359374999663 0
1337 0.713932291666862 0.648046874999706 0
1338 0.713932291666862 0.616796874999625 0
1339 0.713932291666862 0.679296874999788 0
1340 0.713932291666862 0.71054687499987 0
1341 0.714062499999931 0.512499999999593 0
1342 0.714192708333 0.408203124999562 0
1343 0.714322916666069 0.303906249999531 0
1344 0.714843749999264 0.0351562499999388 0
1345 0.715234375000778 0.93320312499997 0
1346 0.716796874999305 0.158203124999724 0
1347 0.717447916667074 0.7773437499999 0
1348 0.71835937500014 0.594140624999604 0
1349 0.718489583333208 0.489843749999573 0
1350 0.718619791666277 0.385546874999541 0
1351 0.718749999999264 0 0
1352 0.718749999999346 0.28124999999951 0
1353 0.718750000000901 1 0
1354 0.720703124999305 0.123046874999786 0
1355 0.720963541667253 0.84414062499993 0
1356 0.722656249999346 0.246093749999571 0
1357 0.722786458333417 0.571484374999583 0
1358 0.722916666666486 0.467187499999552 0
1359 0.723046874999555 0.362890624999521 0
1360 0.724479166667364 0.91093749999996 0
1361 0.724609374999305 0.0878906249998469 0
1362 0.726562499999346 0.210937499999632 0
1363 0.726692708333627 0.75507812499989 0
1364 0.727213541666694 0.548828124999563 0
1365 0.727343749999763 0.444531249999531 0
1366 0.727473958332832 0.3402343749995 0
1367 0.727994791667475 0.97773437499999 0
1368 0.728515624999305 0.0527343749999081 0
1369 0.73020833333384 0.82187499999992 0
1370 0.730468749999346 0.175781249999694 0
1371 0.731640624999972 0.526171874999542 0
1372 0.73177083333304 0.421874999999511 0
1373 0.731901041666109 0.31757812499948 0
1374 0.732421874999305 0.0175781249999694 0
1375 0.733723958333951 0.88867187499995 0
1376 0.734374999999346 0.140624999999755 0
1377 0.73593750000018 0.73281249999988 0
1378 0.73593750000018 0.607812499999553 0
1379 0.73593750000018 0.670312499999717 0
1380 0.73593750000018 0.701562499999798 0
1381 0.73593750000018 0.639062499999635 0
1382 0.736067708333249 0.503515624999522 0
1383 0.736197916666318 0.39921874999949 0
1384 0.736328124999387 0.263671874999541 0
1385 0.736328124999387 0.294921874999459 0
1386 0.737239583334062 0.95546874999998 0
1387 0.738281249999346 0.105468749999816 0
1388 0.739453125000393 0.79960937499991 0
1389 0.740234374999387 0.228515624999602 0
1390 0.740364583333458 0.585156249999532 0
1391 0.740494791666527 0.480859374999501 0
1392 0.740624999999595 0.37656249999947 0
1393 0.742187499999346 0.0703124999998775 0
1394 0.742968750000538 0.86640624999994 0
1395 0.744140624999387 0.193359374999663 0
1396 0.744791666666735 0.562499999999512 0
1397 0.744921874999804 0.45820312499948 0
1398 0.745052083332873 0.353906249999449 0
1399 0.746093749999346 0.0351562499999388 0
1400 0.746484375000649 0.93320312499997 0
1401 0.748046874999387 0.158203124999724 0
1402 0.748697916666946 0.7773437499999 0
1403 0.749218750000013 0.539843749999491 0
1404 0.749348958333081 0.43554687499946 0
1405 0.74947916666615 0.331249999999428 0
1406 0.749999999999346 0 0
1407 0.75000000000076 1 0
1408 0.751953124999387 0.123046874999786 0
1409 0.752213541667124 0.84414062499993 0
1410 0.75364583333329 0.517187499999471 0
1411 0.753776041666359 0.412890624999439 0
1412 0.753906249999428 0.246093749999571 0
1413 0.753906249999428 0.308593749999408 0
1414 0.753906249999428 0.27734374999949 0
1415 0.755729166667236 0.91093749999996 0
1416 0.755859374999387 0.0878906249998469 0
1417 0.757812499999428 0.210937499999632 0
1418 0.757942708333499 0.630078124999563 0
1419 0.757942708333499 0.598828124999481 0
1420 0.757942708333499 0.692578124999726 0
1421 0.757942708333499 0.661328124999645 0
1422 0.757942708333499 0.723828124999808 0
1423 0.757942708333499 0.75507812499989 0
1424 0.758072916666567 0.49453124999945 0
1425 0.758203124999636 0.390234374999418 0
1426 0.759244791667347 0.97773437499999 0
1427 0.759765624999387 0.0527343749999081 0
1428 0.761458333333711 0.82187499999992 0
1429 0.761718749999428 0.175781249999694 0
1430 0.762369791666776 0.576171874999461 0
1431 0.762499999999845 0.471874999999429 0
1432 0.762630208332914 0.367578124999398 0
1433 0.763671874999387 0.0175781249999694 0
1434 0.764973958333822 0.88867187499995 0
1435 0.765624999999428 0.140624999999755 0
1436 0.766796875000054 0.55351562499944 0
1437 0.766927083333122 0.449218749999409 0
1438 0.767057291666191 0.344921874999377 0
1439 0.768489583333933 0.95546874999998 0
1440 0.769531249999428 0.105468749999816 0
1441 0.770703125000264 0.79960937499991 0
1442 0.771223958333331 0.530859374999419 0
1443 0.7713541666664 0.426562499999388 0
1444 0.771484374999468 0.228515624999602 0
1445 0.771484374999468 0.25976562499952 0
1446 0.771484374999468 0.291015624999438 0
1447 0.771484374999468 0.322265624999357 0
1448 0.773437499999428 0.0703124999998775 0
1449 0.774218750000409 0.86640624999994 0
1450 0.775390624999469 0.193359374999663 0
1451 0.775651041666608 0.508203124999399 0
1452 0.775781249999677 0.403906249999367 0
1453 0.777343749999428 0.0351562499999388 0
1454 0.77773437500052 0.93320312499997 0
1455 0.779296874999469 0.158203124999724 0
1456 0.779947916666817 0.652343749999573 0
1457 0.779947916666817 0.58984374999941 0
1458 0.779947916666817 0.714843749999736 0
1459 0.779947916666817 0.7773437499999 0
1460 0.779947916666817 0.621093749999491 0
1461 0.779947916666817 0.683593749999655 0
1462 0.779947916666817 0.746093749999818 0
1463 0.780078124999886 0.485546874999378 0
1464 0.780208333332955 0.381249999999347 0
1465 0.781249999999428 0 0
1466 0.781250000000712 1 0
1467 0.783203124999469 0.123046874999786 0
1468 0.783463541666996 0.84414062499993 0
1469 0.784375000000094 0.567187499999389 0
1470 0.784505208333163 0.462890624999358 0
1471 0.784635416666232 0.358593749999326 0
1472 0.786979166667107 0.91093749999996 0
1473 0.787109374999469 0.0878906249998469 0
1474 0.788802083333372 0.544531249999368 0
1475 0.788932291666441 0.440234374999337 0
1476 0.789062499999509 0.210937499999632 0
1477 0.789062499999509 0.335937499999306 0
1478 0.789062499999509 0.273437499999469 0
1479 0.789062499999509 0.304687499999387 0
1480 0.789062499999509 0.242187499999551 0
1481 0.790494791667311 0.97773437499999 0
1482 0.791015624999469 0.0527343749999081 0
1483 0.792708333333582 0.82187499999992 0
1484 0.79296874999951 0.175781249999694 0
1485 0.793229166666649 0.521874999999348 0
1486 0.793359374999718 0.417578124999316 0
1487 0.794921874999469 0.0175781249999694 0
1488 0.796223958333694 0.88867187499995 0
1489 0.79687499999951 0.140624999999755 0
1490 0.797656249999927 0.499218749999327 0
1491 0.797786458332995 0.394921874999296 0
1492 0.799739583333873 0.95546874999998 0
1493 0.80078124999951 0.105468749999816 0
1494 0.801953125000135 0.61210937499942 0
1495 0.801953125000135 0.580859374999338 0
1496 0.801953125000135 0.643359374999501 0
1497 0.801953125000135 0.674609374999583 0
1498 0.801953125000135 0.705859374999665 0
1499 0.801953125000135 0.737109374999746 0
1500 0.801953125000135 0.768359374999828 0
1501 0.801953125000135 0.79960937499991 0
1502 0.802083333333204 0.476562499999306 0
1503 0.802213541666273 0.372265624999275 0
1504 0.80468749999951 0.0703124999998775 0
1505 0.80546875000028 0.86640624999994 0
1506 0.806380208333413 0.558203124999317 0
1507 0.806510416666481 0.453906249999286 0
1508 0.80664062499955 0.193359374999663 0
1509 0.80664062499955 0.224609374999581 0
1510 0.80664062499955 0.287109374999418 0
1511 0.80664062499955 0.2558593749995 0
1512 0.80664062499955 0.318359374999336 0
1513 0.80664062499955 0.349609374999254 0
1514 0.80859374999951 0.0351562499999388 0
1515 0.808984375000459 0.93320312499997 0
1516 0.81054687499955 0.158203124999724 0
1517 0.81080729166669 0.535546874999297 0
1518 0.810937499999759 0.431249999999265 0
1519 0.81249999999951 0 0
1520 0.812500000000689 1 0
1521 0.81445312499955 0.123046874999786 0
1522 0.814713541666867 0.84414062499993 0
1523 0.815234374999968 0.512890624999276 0
1524 0.815364583333036 0.408593749999245 0
1525 0.818229166667012 0.91093749999996 0
1526 0.81835937499955 0.0878906249998469 0
1527 0.819661458333245 0.490234374999255 0
1528 0.819791666666314 0.385937499999224 0
1529 0.82174479166725 0.97773437499999 0
1530 0.82226562499955 0.0527343749999081 0
1531 0.823958333333454 0.82187499999992 0
1532 0.823958333333454 0.571874999999266 0
1533 0.823958333333454 0.696874999999593 0
1534 0.823958333333454 0.759374999999757 0
1535 0.823958333333454 0.634374999999429 0
1536 0.823958333333454 0.790624999999838 0
1537 0.823958333333454 0.728124999999675 0
1538 0.823958333333454 0.665624999999511 0
1539 0.823958333333454 0.603124999999348 0
1540 0.824088541666522 0.467578124999235 0
1541 0.824218749999591 0.175781249999694 0
1542 0.824218749999591 0.23828124999953 0
1543 0.824218749999591 0.300781249999367 0
1544 0.824218749999591 0.363281249999203 0
1545 0.824218749999591 0.207031249999612 0
1546 0.824218749999591 0.269531249999449 0
1547 0.824218749999591 0.332031249999285 0
1548 0.82617187499955 0.0175781249999694 0
1549 0.827473958333598 0.88867187499995 0
1550 0.828124999999591 0.140624999999755 0
1551 0.828385416666731 0.549218749999245 0
1552 0.8285156249998 0.444921874999214 0
1553 0.830989583333811 0.95546874999998 0
1554 0.832031249999591 0.105468749999816 0
1555 0.832812500000008 0.526562499999225 0
1556 0.832942708333077 0.422265624999193 0
1557 0.835937499999591 0.0703124999998775 0
1558 0.836718750000185 0.86640624999994 0
1559 0.837239583333286 0.503906249999204 0
1560 0.837369791666355 0.399609374999173 0
1561 0.839843749999591 0.0351562499999388 0
1562 0.840234375000364 0.93320312499997 0
1563 0.841666666666563 0.481249999999184 0
1564 0.841796874999632 0.158203124999724 0
1565 0.841796874999632 0.189453124999643 0
1566 0.841796874999632 0.220703124999561 0
1567 0.841796874999632 0.251953124999479 0
1568 0.841796874999632 0.283203124999397 0
1569 0.841796874999632 0.314453124999316 0
1570 0.841796874999632 0.345703124999234 0
1571 0.841796874999632 0.376953124999152 0
1572 0.843749999999591 0 0
1573 0.84375000000061 1 0
1574 0.845703124999632 0.123046874999786 0
1575 0.845963541666772 0.594140624999276 0
1576 0.845963541666772 0.562890624999194 0
1577 0.845963541666772 0.719140624999603 0
1578 0.845963541666772 0.687890624999521 0
1579 0.845963541666772 0.781640624999766 0
1580 0.845963541666772 0.750390624999685 0
1581 0.845963541666772 0.812890624999848 0
1582 0.845963541666772 0.65664062499944 0
1583 0.845963541666772 0.625390624999358 0
1584 0.845963541666772 0.84414062499993 0
1585 0.846093749999841 0.458593749999163 0
1586 0.849479166666917 0.91093749999996 0
1587 0.849609374999632 0.0878906249998469 0
1588 0.850390625000049 0.540234374999174 0
1589 0.850520833333118 0.435937499999142 0
1590 0.852994791667164 0.97773437499999 0
1591 0.853515624999632 0.0527343749999081 0
1592 0.854817708333327 0.517578124999153 0
1593 0.854947916666396 0.413281249999122 0
1594 0.857421874999632 0.0175781249999694 0
1595 0.858723958333503 0.88867187499995 0
1596 0.859244791666604 0.494921874999132 0
1597 0.859374999999673 0.140624999999755 0
1598 0.859374999999673 0.390624999999101 0
1599 0.859374999999673 0.265624999999428 0
1600 0.859374999999673 0.328124999999264 0
1601 0.859374999999673 0.203124999999591 0
1602 0.859374999999673 0.359374999999183 0
1603 0.859374999999673 0.296874999999346 0
1604 0.859374999999673 0.23437499999951 0
1605 0.859374999999673 0.171874999999673 0
1606 0.862239583333716 0.95546874999998 0
1607 0.863281249999673 0.105468749999816 0
1608 0.863671874999882 0.472265624999112 0
1609 0.867187499999673 0.0703124999998775 0
1610 0.86796875000009 0.616406249999286 0
1611 0.86796875000009 0.553906249999123 0
1612 0.86796875000009 0.741406249999613 0
1613 0.86796875000009 0.67890624999945 0
1614 0.86796875000009 0.803906249999776 0
1615 0.86796875000009 0.86640624999994 0
1616 0.86796875000009 0.585156249999204 0
1617 0.86796875000009 0.710156249999531 0
1618 0.86796875000009 0.772656249999695 0
1619 0.86796875000009 0.647656249999368 0
1620 0.86796875000009 0.835156249999858 0
1621 0.868098958333159 0.449609374999091 0
1622 0.871093749999673 0.0351562499999388 0
1623 0.871484375000269 0.93320312499997 0
1624 0.872395833333368 0.531249999999102 0
1625 0.872526041666436 0.426953124999071 0
1626 0.874999999999673 0 0
1627 0.875000000000516 1 0
1628 0.876822916666645 0.508593749999081 0
1629 0.876953124999714 0.123046874999786 0
1630 0.876953124999714 0.154296874999713 0
1631 0.876953124999714 0.279296874999386 0
1632 0.876953124999714 0.248046874999468 0
1633 0.876953124999714 0.341796874999223 0
1634 0.876953124999714 0.310546874999304 0
1635 0.876953124999714 0.373046874999141 0
1636 0.876953124999714 0.216796874999549 0
1637 0.876953124999714 0.185546874999631 0
1638 0.876953124999714 0.40429687499905 0
1639 0.880729166666822 0.91093749999996 0
1640 0.880859374999714 0.0878906249998469 0
1641 0.881249999999922 0.485937499999061 0
1642 0.884244791667069 0.97773437499999 0
1643 0.884765624999714 0.0527343749999081 0
1644 0.8856770833332 0.46328124999904 0
1645 0.888671874999714 0.0175781249999694 0
1646 0.889973958333408 0.576171874999133 0
1647 0.889973958333408 0.544921874999051 0
1648 0.889973958333408 0.607421874999214 0
1649 0.889973958333408 0.638671874999296 0
1650 0.889973958333408 0.763671874999623 0
1651 0.889973958333408 0.732421874999541 0
1652 0.889973958333408 0.70117187499946 0
1653 0.889973958333408 0.669921874999378 0
1654 0.889973958333408 0.794921874999705 0
1655 0.889973958333408 0.826171874999787 0
1656 0.889973958333408 0.857421874999868 0
1657 0.889973958333408 0.88867187499995 0
1658 0.890104166666477 0.440624999999019 0
1659 0.893489583333621 0.95546874999998 0
1660 0.894401041666686 0.52226562499903 0
1661 0.894531249999755 0.105468749999816 0
1662 0.894531249999755 0.167968749999671 0
1663 0.894531249999755 0.292968749999344 0
1664 0.894531249999755 0.230468749999507 0
1665 0.894531249999755 0.35546874999918 0
1666 0.894531249999755 0.417968749998999 0
1667 0.894531249999755 0.136718749999744 0
1668 0.894531249999755 0.261718749999426 0
1669 0.894531249999755 0.324218749999262 0
1670 0.894531249999755 0.199218749999589 0
1671 0.894531249999755 0.38671874999909 0
1672 0.898437499999755 0.0703124999998775 0
1673 0.898828124999963 0.49960937499901 0
1674 0.902343749999755 0.0351562499999388 0
1675 0.902734375000174 0.93320312499997 0
1676 0.903255208333241 0.476953124998989 0
1677 0.906249999999755 0 0
1678 0.906250000000419 1 0
1679 0.907682291666518 0.454296874998968 0
1680 0.911979166666727 0.660937499999306 0
1681 0.911979166666727 0.535937499998979 0
1682 0.911979166666727 0.785937499999633 0
1683 0.911979166666727 0.91093749999996 0
1684 0.911979166666727 0.598437499999143 0
1685 0.911979166666727 0.723437499999469 0
1686 0.911979166666727 0.848437499999797 0
1687 0.911979166666727 0.629687499999224 0
1688 0.911979166666727 0.567187499999061 0
1689 0.911979166666727 0.754687499999551 0
1690 0.911979166666727 0.692187499999388 0
1691 0.911979166666727 0.879687499999878 0
1692 0.911979166666727 0.817187499999715 0
1693 0.912109374999795 0.0878906249998469 0
1694 0.912109374999795 0.119140624999774 0
1695 0.912109374999795 0.150390624999701 0
1696 0.912109374999795 0.181640624999629 0
1697 0.912109374999795 0.306640624999302 0
1698 0.912109374999795 0.275390624999383 0
1699 0.912109374999795 0.244140624999465 0
1700 0.912109374999795 0.212890624999547 0
1701 0.912109374999795 0.33789062499922 0
1702 0.912109374999795 0.369140624999129 0
1703 0.912109374999795 0.400390624999038 0
1704 0.912109374999795 0.431640624998948 0
1705 0.915494791666956 0.97773437499999 0
1706 0.916015624999796 0.0527343749999081 0
1707 0.916406250000004 0.513281249998959 0
1708 0.919921874999796 0.0175781249999694 0
1709 0.920833333333282 0.490624999998938 0
1710 0.924739583333492 0.95546874999998 0
1711 0.925260416666559 0.467968749998917 0
1712 0.929687499999836 0.0703124999998775 0
1713 0.929687499999836 0.195312499999587 0
1714 0.929687499999836 0.32031249999926 0
1715 0.929687499999836 0.445312499998896 0
1716 0.929687499999836 0.132812499999732 0
1717 0.929687499999836 0.257812499999423 0
1718 0.929687499999836 0.382812499999078 0
1719 0.929687499999836 0.164062499999659 0
1720 0.929687499999836 0.101562499999805 0
1721 0.929687499999836 0.289062499999342 0
1722 0.929687499999836 0.226562499999505 0
1723 0.929687499999836 0.414062499998987 0
1724 0.929687499999836 0.351562499999169 0
1725 0.933593749999837 0.0351562499999388 0
1726 0.933984375000045 0.558203124998989 0
1727 0.933984375000045 0.526953124998907 0
1728 0.933984375000045 0.620703124999153 0
1729 0.933984375000045 0.589453124999071 0
1730 0.933984375000045 0.651953124999234 0
1731 0.933984375000045 0.683203124999316 0
1732 0.933984375000045 0.74570312499948 0
1733 0.933984375000045 0.714453124999398 0
1734 0.933984375000045 0.776953124999561 0
1735 0.933984375000045 0.808203124999643 0
1736 0.933984375000045 0.870703124999807 0
1737 0.933984375000045 0.839453124999725 0
1738 0.933984375000045 0.901953124999888 0
1739 0.933984375000045 0.93320312499997 0
1740 0.937499999999837 0 0
1741 0.93750000000029 1 0
1742 0.938411458333323 0.504296874998887 0
1743 0.9428385416666 0.481640624998866 0
1744 0.946744791666827 0.97773437499999 0
1745 0.947265624999877 0.0527343749999081 0
1746 0.947265624999877 0.0839843749998529 0
1747 0.947265624999877 0.146484374999708 0
1748 0.947265624999877 0.11523437499978 0
1749 0.947265624999877 0.177734374999635 0
1750 0.947265624999877 0.208984374999545 0
1751 0.947265624999877 0.271484374999381 0
1752 0.947265624999877 0.240234374999463 0
1753 0.947265624999877 0.302734374999299 0
1754 0.947265624999877 0.333984374999209 0
1755 0.947265624999877 0.396484374999027 0
1756 0.947265624999877 0.365234374999118 0
1757 0.947265624999877 0.427734374998936 0
1758 0.947265624999877 0.458984374998845 0
1759 0.951171874999877 0.0175781249999694 0
1760 0.955989583333363 0.580468749998999 0
1761 0.955989583333363 0.517968749998836 0
1762 0.955989583333363 0.642968749999163 0
1763 0.955989583333363 0.705468749999326 0
1764 0.955989583333363 0.76796874999949 0
1765 0.955989583333363 0.830468749999653 0
1766 0.955989583333363 0.892968749999816 0
1767 0.955989583333363 0.95546874999998 0
1768 0.955989583333363 0.549218749998917 0
1769 0.955989583333363 0.611718749999081 0
1770 0.955989583333363 0.674218749999244 0
1771 0.955989583333363 0.736718749999408 0
1772 0.955989583333363 0.799218749999571 0
1773 0.955989583333363 0.861718749999735 0
1774 0.955989583333363 0.924218749999898 0
1775 0.960416666666641 0.495312499998815 0
1776 0.964843749999918 0.0351562499999388 0
1777 0.964843749999918 0.0976562499998282 0
1778 0.964843749999918 0.160156249999683 0
1779 0.964843749999918 0.222656249999503 0
1780 0.964843749999918 0.285156249999339 0
1781 0.964843749999918 0.347656249999158 0
1782 0.964843749999918 0.410156249998976 0
1783 0.964843749999918 0.472656249998794 0
1784 0.964843749999918 0.0664062499998835 0
1785 0.964843749999918 0.128906249999756 0
1786 0.964843749999918 0.191406249999593 0
1787 0.964843749999918 0.253906249999421 0
1788 0.964843749999918 0.316406249999248 0
1789 0.964843749999918 0.378906249999067 0
1790 0.964843749999918 0.441406249998885 0
1791 0.968749999999918 0 0
1792 0.968750000000161 1 0
1793 0.977994791666682 0.540234374998846 0
1794 0.977994791666682 0.508984374998764 0
1795 0.977994791666682 0.571484374998927 0
1796 0.977994791666682 0.602734374999009 0
1797 0.977994791666682 0.633984374999091 0
1798 0.977994791666682 0.665234374999173 0
1799 0.977994791666682 0.696484374999254 0
1800 0.977994791666682 0.727734374999336 0
1801 0.977994791666682 0.758984374999418 0
1802 0.977994791666682 0.7902343749995 0
1803 0.977994791666682 0.821484374999581 0
1804 0.977994791666682 0.852734374999663 0
1805 0.977994791666682 0.883984374999745 0
1806 0.977994791666682 0.915234374999827 0
1807 0.977994791666682 0.946484374999908 0
1808 0.977994791666682 0.97773437499999 0
1809 0.982421874999959 0.0175781249999694 0
1810 0.982421874999959 0.048828124999906 0
1811 0.982421874999959 0.0800781249998507 0
1812 0.982421874999959 0.111328124999804 0
1813 0.982421874999959 0.142578124999731 0
1814 0.982421874999959 0.173828124999641 0
1815 0.982421874999959 0.205078124999551 0
1816 0.982421874999959 0.23632812499946 0
1817 0.982421874999959 0.267578124999379 0
1818 0.982421874999959 0.298828124999288 0
1819 0.982421874999959 0.330078124999197 0
1820 0.982421874999959 0.361328124999106 0
1821 0.982421874999959 0.392578124999016 0
1822 0.982421874999959 0.423828124998925 0
1823 0.982421874999959 0.455078124998834 0
1824 0.982421874999959 0.486328124998743 0
1825 1 0 0
1826 1 1 0
1827 1 0.0312499999999419 0
1828 1 0.0624999999998732 0
1829 1 0.093749999999826 0
1830 1 0.124999999999779 0
1831 1 0.156249999999689 0
1832 1 0.187499999999599 0
1833 1 0.218749999999509 0
1834 1 0.249999999999418 0
1835 1 0.281249999999328 0
1836 1 0.312499999999237 0
1837 1 0.343749999999146 0
1838 1 0.374999999999055 0
1839 1 0.406249999998964 0
1840 1 0.437499999998874 0
1841 1 0.468749999998783 0
1842 1 0.499999999998692 0
1843 1 0.531249999998774 0
1844 1 0.562499999998856 0
1845 1 0.593749999998937 0
1846 1 0.624999999999019 0
1847 1 0.656249999999101 0
1848 1 0.687499999999183 0
1849 1 0.718749999999264 0
1850 1 0.749999999999346 0
1851 1 0.781249999999428 0
1852 1 0.81249999999951 0
1853 1 0.843749999999591 0
1854 1 0.874999999999673 0
1855 1 0.906249999999755 0
1856 1 0.937499999999837 0
1857 1 0.968749999999918 0
