0.0	0.0	0.0
0.0	1.0	0.0
0.0	0.888888888888426	0.0
0.0	0.777777777777932	0.0
0.0	0.666666666667592	0.0
0.0	0.555555555557251	0.0
0.0	0.444444444446294	0.0
0.0	0.333333333334721	0.0
0.0	0.222222222223147	0.0
0.0	0.111111111111574	0.0
0.0	0.962962962962834	0.0
0.0	0.925925925925623	0.0
0.0	0.851851851851537	0.0
0.0	0.814814814814733	0.0
0.0	0.740740740741211	0.0
0.0	0.703703703704401	0.0
0.0	0.629629629630832	0.0
0.0	0.592592592594124	0.0
0.0	0.518518518520363	0.0
0.0	0.48148148148339	0.0
0.0	0.407407407409103	0.0
0.0	0.370370370371912	0.0
0.0	0.29629629629753	0.0
0.0	0.259259259260338	0.0
0.0	0.185185185185956	0.0
0.0	0.148148148148765	0.0
0.0	0.0740740740743824	0.0
0.0	0.0370370370371912	0.0
0.027112992873021	0.0641500299102716	-0.0003124604527568425
0.027112992873021	0.0271129928730804	-0.0001558731024780072
0.027112992873021	0.101187066947463	-0.00043218330196429633
0.0271129928730495	0.898812933052568	-0.0004321548435526859
0.0271129928730495	0.97288700712695	-0.00015587426409363706
0.0271129928730495	0.935849970089769	-0.0003124591755205369
0.0308229201045691	0.68303135997058	-0.0009046107105943566
0.0308229201045691	0.75710543404414	-0.0008102474424228173
0.0308229201045691	0.72006839700739	-0.0008623796862376643
0.0313619275947544	0.166823606270359	-0.000676629596985053
0.0313619275947544	0.20386064330755	-0.000755241962724098
0.0313619275947544	0.129786569233168	-0.0005816334697423547
0.0318663324797884	0.573715103206386	-0.0010115995555112635
0.0318663324797884	0.647789177279946	-0.0009666773497919083
0.0318663324797884	0.610752140243204	-0.0009931055532252098
0.0320750149548457	0.462962962964787	-0.0010288427427330806
0.0320750149548457	0.500000000001842	-0.0010325131643855478
0.0320750149548457	0.537037037038758	-0.0010288428986769953
0.0320750149548869	0.351851851853502	-0.0009723875181933388
0.0320750149548869	0.425925925927884	-0.0010177582551168392
0.0320750149548869	0.388888888890693	-0.0009990683612114777
0.0320750149551127	0.314814814816125	-0.0009371406678737639
0.0320750149551127	0.277777777778934	-0.0008926363052415028
0.0320750149551127	0.240740740741743	-0.0008377747158851087
0.0336012202293138	0.793730993283569	-0.0008106129636572367
0.0336012202293138	0.867805067357232	-0.0006270163060954073
0.0336012202293138	0.830768030320371	-0.0007274617347279331
0.0370370370369653	0.0	0.0
0.0370370370371912	1.0	0.0
0.054225985746042	0.0542259857461609	-0.0004974738540302172
0.054225985746042	0.0912630227833521	-0.0007455066173067787
0.054225985746099	0.90873697721671	-0.0007455178064998271
0.0542259857460991	0.945774014253901	-0.0004974777519787688
0.0584749204677754	0.119862525069057	-0.0009636172829872393
0.0607142131023633	0.877729111521374	-0.0010086474104391808
0.0616458402091383	0.699396053273569	-0.0016856001348453094
0.0616458402091383	0.736433090310349	-0.0015934563499579379
0.0626892525843575	0.664153870582935	-0.0017829610512865956
0.0627238551895089	0.185499064391954	-0.0013483704663258293
0.0627238551895089	0.148462027354763	-0.0011781799134139594
0.0634369425498671	0.222379161826146	-0.0015042621320499369
0.0637326649595767	0.59187465085552	-0.0019111503466038727
0.0637326649595767	0.6289116878923	-0.0018668198916597168
0.0639413474346341	0.555196584687893	-0.0019456902607839289
0.0641500299096915	0.48148148148328	-0.0019658160521733017
0.0641500299096915	0.518518518520266	-0.0019658159758591453
0.0641500299097326	0.444444444446377	-0.0019512069225730425
0.0641500299097738	0.370370370372283	-0.0018767918272249566
0.0641500299097738	0.407407407409474	-0.0019217112498627765
0.0641500299099856	0.0271129928730804	-0.00031246100744646016
0.0641500299099996	0.333333333334906	-0.0018155190634506525
0.0641500299102254	0.29629629629753	-0.0017366448841861304
0.0641500299102254	0.259259259260338	-0.001638496246629876
0.0641500299102407	0.97288700712695	-0.0003124621564284807
0.064424140333883	0.773058649549778	-0.0015409575708848586
0.0672024404586277	0.809684208789207	-0.001453070617171441
0.0672024404586277	0.846721245826038	-0.0012755471638571467
0.0740740740739285	0.0	0.0
0.0740740740743824	1.0	0.0
0.0813389786190631	0.0813389786192413	-0.0009521334371098548
0.0813389786191486	0.918661021380851	-0.000952142802366056
0.0855879133407965	0.109938480904947	-0.0012428733075009045
0.0878272059754129	0.887653155685516	-0.0012885723229482933
0.0898368480625299	0.138537983190652	-0.0015191981424046734
0.0912630227830114	0.0542259857461609	-0.0007455044752734333
0.0912630227832903	0.945774014253901	-0.0007455097868884269
0.0924687603137074	0.715760746576557	-0.002345025377895756
0.0935121726889267	0.680518563885923	-0.0024842369747759686
0.0940857827842633	0.167137485476357	-0.0017826564680511099
0.0943154333316772	0.85664528999018	-0.0016162277666020742
0.0945555850641459	0.645276381195289	-0.002601982042497736
0.0947988701446216	0.204017582910549	-0.002022185097433316
0.0952470604384521	0.752386305815986	-0.0022525290306713683
0.0955119575049798	0.240897680344742	-0.002226493983508267
0.0955989974393651	0.610034198504655	-0.002699266814266406
0.0958076799144225	0.573356132337027	-0.002757988450007284
0.0960163623894798	0.5366780661694	-0.002795011038436327
0.0962250448645372	0.500000000001773	-0.0028107752454298008
0.0962250448645783	0.46296296296487	-0.0027999801999091956
0.0962250448646195	0.425925925927967	-0.0027673717187721098
0.0962250448646607	0.388888888891064	-0.0027123501599574805
0.0962250448648865	0.351851851853688	-0.0026339094212733233
0.0962250448651123	0.314814814816311	-0.0025304787450788962
0.0962250448653381	0.277777777778934	-0.0023999420406730513
0.0980253605631968	0.789011865055415	-0.0021182227967727154
0.100803660687941	0.825637424294844	-0.0019348791550123012
0.10118706694696	0.0271129928730804	-0.0004321893660341249
0.101187066947432	0.97288700712695	-0.00043218467810017893
0.109449162010758	0.0850359866214045	-0.0012325201174766597
0.109894371404505	0.914454175438921	-0.0012420290645813576
0.111111111110908	0.0	0.0
0.111111111111574	1.0	0.0
0.113698096732491	0.11363548890711	-0.0015834747543531677
0.11638259876077	0.883446309743585	-0.00164146838055997
0.11765965523237	0.72727982337068	-0.002804774082339666
0.117947031454225	0.142234991192815	-0.0019112926805050906
0.119373206174706	0.0579229937483241	-0.0009531508385169387
0.119818415568647	0.94156716831197	-0.0009627820774062267
0.120437955357115	0.763905382610109	-0.002656778985945049
0.122398366937768	0.697437056011588	-0.0030324809151505714
0.122870826117034	0.852438444048249	-0.002021101528127619
0.123216255481859	0.800530941849538	-0.002458068011980527
0.123441779312987	0.662194873320953	-0.0031885252981287368
0.124485191688206	0.626952690630319	-0.003317068669412431
0.127882694869244	0.591874650855468	-0.00347027667315302
0.128091377344301	0.555196584687841	-0.0035310593830040517
0.128300059819359	0.518518518520213	-0.003563654351999261
0.128300059819408	0.481481481483357	-0.0035636548786776886
0.12830005981945	0.444444444446454	-0.003535251551577682
0.128300059819491	0.407407407409552	-0.0034779253985009542
0.12881102844766	0.369411185928205	-0.0033986941148978433
0.128811028447886	0.332374148890829	-0.003278601623982842
0.128811028448112	0.295337111853452	-0.0031244782343682713
0.129297250338655	0.0308100008752436	-0.0005708048282722196
0.129742459732789	0.96868016118502	-0.000580787424372054
0.129939696867872	0.179743957726379	-0.002400280125433149
0.130652784228231	0.216624055160571	-0.002697578717556287
0.131365871588589	0.253504152594763	-0.002949935435101266
0.137559345402453	0.0887329946235677	-0.0014969895656836176
0.138330074955644	0.824286017466904	-0.002477681776814145
0.138449764189862	0.910247329496991	-0.001517397917751783
0.141808280124186	0.117332496909273	-0.0018998551302240377
0.142850550151032	0.738798900164803	-0.0031923331657696596
0.144937991546126	0.879239463801655	-0.0019707352128273473
0.145628850275777	0.775424459404232	-0.002986515188904118
0.147483389566401	0.0616200017504872	-0.0011554059325767972
0.14758926185643	0.70895613280571	-0.0034458513451007954
0.148148148147856	0.0	0.0
0.148148148148765	1.0	0.0
0.148373808354003	0.93736032237004	-0.0011763727324554064
0.152327973561828	0.679113365446618	-0.00367956800771198
0.153371385937047	0.643871182755983	-0.003844489781837184
0.153800945537834	0.154841463442837	-0.0024553973992700413
0.156768889118085	0.608793142981132	-0.00402164179833572
0.160166392299123	0.573715103206281	-0.004168845380866939
0.16037507477418	0.537037037038654	-0.004224588022359698
0.16037507477423	0.500000000001798	-0.004241949529958506
0.160375074774279	0.462962962964941	-0.00422458822125783
0.160375074774321	0.425925925928039	-0.004172227575477438
0.160397240384736	0.85108703722031	-0.0024592138487498027
0.160742669749561	0.799179535021599	-0.0030014301989083527
0.16088604340249	0.387929704446692	-0.0040908400147998255
0.16139701203066	0.349933482965346	-0.00396922517449646
0.161397012030886	0.312896445927969	-0.003800771862673648
0.163951855171363	0.271063486669281	-0.00359884839994756
0.165669528794147	0.0924300026257308	-0.0017474724618661516
0.165793610951482	0.1923504299764	-0.0029854825611894745
0.166334287375596	0.0308100008752436	-0.0006643845224659596
0.16650669831184	0.229230527410592	-0.003327283252947671
0.16677949676998	0.96868016118502	-0.0006756787548606479
0.167005156975218	0.906040483555061	-0.0017798498519897338
0.168041445069695	0.750317976958926	-0.0035106474563543688
0.172780156775093	0.720475209599833	-0.003792475577166207
0.175856489223346	0.822934610638965	-0.002944964189231546
0.177518868480491	0.69063244224074	-0.004049916287779301
0.177662194207795	0.129938969159295	-0.0023825746595570797
0.182257580185888	0.660789674881648	-0.0042829990933145184
0.182464405813828	0.877888056973716	-0.0023119896967445652
0.183155264543479	0.774073052576292	-0.0035229164994341686
0.184520426603336	0.0616200017504872	-0.0013235373875550831
0.185185185184785	0.0	0.0
0.185185185185956	1.0	0.0
0.185410845391195	0.93736032237004	-0.0013464165492941306
0.185655083366926	0.625711635106797	-0.0044889378608168155
0.189052586547964	0.590633595331945	-0.004659288574440407
0.189654859621443	0.167447935692858	-0.002979151352193902
0.192450089729002	0.555555555557094	-0.0047939958018666535
0.192450089729051	0.518518518520238	-0.004834725265183313
0.192450089729101	0.481481481483382	-0.004834725123402573
0.192450089729151	0.444444444446526	-0.004793990496519272
0.19296105835732	0.40644822296518	-0.004717846364958557
0.19347202698549	0.368452001483833	-0.004596053504125356
0.193982995613659	0.330455780002487	-0.0044260165343829655
0.195792403603093	0.742818263049469	-0.003959077223801235
0.196537838754136	0.288622820743799	-0.004207403542788295
0.197923654652438	0.849735630392371	-0.002835673109079204
0.198269084017263	0.797828128193659	-0.0034691831185002515
0.199092681894614	0.24678986148511	-0.003914173319493346
0.199826883836359	0.094816154526728	-0.0019985328238527455
0.200531115308491	0.712975495690376	-0.0042524949740030795
0.201647525035091	0.204956902226422	-0.0035367954839348056
0.203203145095449	0.905978257085053	-0.0020039686979857435
0.203371324412525	0.0308100008752436	-0.0007418201949088129
0.203816533807171	0.96868016118502	-0.0007542033003873526
0.205269827013889	0.683132728331283	-0.004517334964791603
0.210906223076877	0.766573338666835	-0.003935015587152626
0.211819549250007	0.132325121060292	-0.0026887208550310255
0.213382903491048	0.821583203811026	-0.0033462398730979876
0.217149319065791	0.647967253704207	-0.004885360798033959
0.218662393934059	0.877825830503708	-0.0025757744733202427
0.218677781645548	0.0640061536514844	-0.0015029105161290936
0.220546822246829	0.612889213929356	-0.0050904781231088615
0.221608833511425	0.937298095900033	-0.0014861720267872868
0.222222222221714	0.0	0.0
0.222222222223147	1.0	0.0
0.223543362136491	0.735318549140012	-0.004374214238088404
0.223812214663655	0.169834087593855	-0.003327539269716132
0.223944325427867	0.577811174154505	-0.0052543302391000225
0.224525104683868	0.537037037038722	-0.005342110724407279
0.224525104683918	0.500000000001866	-0.005365154934914269
0.224525104683967	0.462962962965009	-0.005342114838391367
0.224525104684028	0.425925925928126	-0.005272648378408157
0.225036073312197	0.387929704446779	-0.005159425203601425
0.225547041940367	0.349933482965433	-0.00499353660825322
0.225547041940418	0.312896445928542	-0.004771599118661032
0.226020042550662	0.790328414284202	-0.003847228879379037
0.228101885080895	0.271063486669853	-0.00448407521318907
0.228282073841889	0.705475781780919	-0.004675518711303261
0.230656728221372	0.229230527411165	-0.004111401744731615
0.233984238878571	0.0972023064277252	-0.002225194050571409
0.234121642772669	0.849673403922363	-0.003129034186921229
0.234378244782525	0.198639346139442	-0.003796506841443605
0.237528679454737	0.0331961527762408	-0.0008598442428139445
0.238657181610276	0.759073624757378	-0.004318144128970658
0.23940113321568	0.905916030615045	-0.0021918120012102
0.240014521927402	0.968617934715013	-0.000819539458773401
0.240161565893792	0.670310307153843	-0.005069869484076806
0.245976904292219	0.134711272961289	-0.002960716425291857
0.246858492460238	0.818943714648644	-0.0036745427654555816
0.25129432066989	0.727818835230555	-0.004756598918630147
0.252041057945694	0.635144832526766	-0.0054211294728228375
0.25283513668776	0.0663923055524816	-0.0016693173380188454
0.25486038205429	0.8777636040337	-0.0027967695500110525
0.255438561126732	0.600066792751915	-0.005619850234995206
0.256019340382733	0.559292655636132	-0.005749105383431928
0.25654293441109	0.163516531506875	-0.003492806590695877
0.256600119638734	0.518518518520349	-0.005815746350011556
0.256600119638784	0.481481481483493	-0.0058157459912189105
0.256600119638844	0.444444444446609	-0.005764693058327428
0.256600119638905	0.407407407409725	-0.005661806769957334
0.257111088267075	0.369411185928379	-0.00550708150250166
0.257111088267125	0.332374148891488	-0.005293352895927561
0.257111088267176	0.295337111854596	-0.005020495187632799
0.257806821631657	0.937235869430025	-0.0016028074668315304
0.259259259258643	0.0	0.0
0.259259259260338	1.0	0.0
0.259495631519852	0.787688925121821	-0.004191695690525316
0.259665931407653	0.253504152595908	-0.004661167896140506
0.263173812721792	0.692653360603478	-0.005182697608074604
0.263387447968807	0.222912971324185	-0.004355301079377177
0.26710896452996	0.192321790052462	-0.003990663296539733
0.26759723174186	0.847033914759982	-0.003400009165589956
0.268141593920783	0.0995884583287224	-0.0024295699320600176
0.272132770579466	0.756434135594997	-0.004671723581936677
0.274565716491666	0.0331961527762408	-0.0009175820342232134
0.275053304773694	0.657487885976402	-0.00556149996430538
0.275599121335911	0.905853804145038	-0.0023480424091418227
0.277051558964593	0.968617934715012	-0.0008734329605187147
0.278707624039654	0.128393716874309	-0.003035750773126477
0.280334081429429	0.816304225486263	-0.003963245612038183
0.281052233120838	0.725308074766037	-0.0050775634829533945
0.286932796825597	0.622322411349325	-0.005890738593365955
0.287513576081598	0.581548274233542	-0.006066968379747273
0.288094355337599	0.540774137117759	-0.006174339393741631
0.288335971023481	0.875124114871319	-0.0030168791828406086
0.2886751345936	0.500000000001976	-0.006214331860382826
0.288675134593661	0.462962962965093	-0.006186703857728394
0.288675134593722	0.425925925928209	-0.006103377197389715
0.288675134593783	0.388888888891325	-0.005963168299097868
0.288675134593833	0.351851851854434	-0.005764112770061494
0.288675134593884	0.314814814817542	-0.0055033227578060485
0.288675134593934	0.277777777780651	-0.005177067114546963
0.289273654158524	0.157198975419895	-0.003601016923396024
0.289872173724689	0.0663923055524816	-0.0017744891492627716
0.292396651155088	0.247186596508928	-0.004885421074428534
0.29293172517274	0.69014260013896	-0.005503832275680939
0.292971220489043	0.785049435959439	-0.004491883364562694
0.294843858668848	0.937235869430025	-0.001699671318364055
0.296118167716241	0.216595415237205	-0.004536519828135673
0.296296296295572	0.0	0.0
0.29629629629753	1.0	0.0
0.299839684277395	0.186004233965482	-0.004125922103752564
0.301072820711051	0.8443944255976	-0.0036390994725139913
0.301890683030415	0.753923375130479	-0.004947409205432163
0.304811217224642	0.654977125511884	-0.005877405261671873
0.307317214861886	0.103644751627034	-0.0026665330759799645
0.310810145571786	0.722797314301519	-0.005357734570732252
0.311602753528595	0.0331961527762408	-0.0009645174186470336
0.312736639994062	0.905835677317411	-0.0024782673077787904
0.31380967039862	0.813664736323882	-0.004214741164901507
0.314088596001784	0.968617934715013	-0.0009171708311409065
0.316668096795514	0.628557878323709	-0.006148907035000846
0.317883244980757	0.13245001017262	-0.003293696155480477
0.318509392067003	0.598046613617941	-0.006316488110126032
0.319090171323004	0.557272476502158	-0.0064589345225879394
0.319670950579005	0.516498339386375	-0.006529052523690781
0.320542475780833	0.370243044027294	-0.006176338327220568
0.320542475780883	0.333206006990402	-0.005931587746147907
0.320542475780933	0.296168969953511	-0.005619499504718579
0.320750149548488	0.481481481483588	-0.0065376760752485314
0.320750149548549	0.444444444446705	-0.006478555564219862
0.32075014954861	0.407407407409821	-0.0063594922354243315
0.32075014954877	0.259259259262182	-0.005238797533122957
0.322689637623688	0.687631839674442	-0.00578162078428481
0.322729132939991	0.782538675494921	-0.0047258638907744
0.324471666109924	0.228668077990459	-0.004888300885764046
0.325473489681632	0.875105988043692	-0.0031739709723473722
0.328193182671077	0.198076896718736	-0.004476517788106392
0.328449275099627	0.161255268718207	-0.0038740558247381917
0.329047794665792	0.070448598850793	-0.0019646066698428915
0.331648595481363	0.751412614665961	-0.005186895962641112
0.331981377326999	0.937217742602398	-0.0017782336088729594
0.333333333332501	0.0	0.0
0.333333333334721	1.0	0.0
0.33454651719456	0.661212592486267	-0.006084940364361934
0.338210339369201	0.844376298769973	-0.0038159874525452732
0.340568058022734	0.720286553837001	-0.005598804429751719
0.346403396765431	0.634793345298092	-0.0063538653932288325
0.346492835802989	0.107701044925345	-0.002879362181750246
0.347540427453005	0.809325356635092	-0.004459455463591912
0.34824469203692	0.604282080592325	-0.00653508950525463
0.349874158652213	0.905817550489784	-0.002581677964670775
0.350085987308409	0.573770815886557	-0.006672835023903613
0.35066676656441	0.532996678770774	-0.006775961702096023
0.350778374469698	0.0372524460745522	-0.0011191015793932104
0.351226114659935	0.968599807887386	-0.0009524347723041481
0.351745965533893	0.497979820867987	-0.006808751261139524
0.352409816967882	0.351597199163262	-0.006306988405872907
0.352409816967933	0.314560162126371	-0.0060146401086574415
0.352424937593605	0.693867306648826	-0.005938250119105018
0.35261749073566	0.388761562545789	-0.006532762868207216
0.352617490735769	0.277650451435042	-0.00565243602517181
0.352825164503376	0.4629629629652	-0.006785982793768194
0.352825164503437	0.425925925928316	-0.006692339908889196
0.352825164503606	0.240740740743714	-0.005213387589661948
0.356459889994376	0.778199295806132	-0.004974224158586844
0.356546681064759	0.210149559471991	-0.004804429635164891
0.35680277349331	0.173327931471461	-0.004209128031164642
0.35705886592186	0.136506303470932	-0.0035192619135566467
0.362611008339782	0.875087861216065	-0.00329734122837091
0.364281817164476	0.667448059460651	-0.006241685242787302
0.365379352535747	0.747073234977172	-0.0054348678117358586
0.368223415606895	0.0745048921491044	-0.0021409023689946413
0.369118895985149	0.937199615774771	-0.001839449256269403
0.37037037036943	0.0	0.0
0.370370370371912	1.0	0.0
0.371941096423586	0.840036919081184	-0.004023496314348589
0.375181661451488	0.71319381485542	-0.005876699532145135
0.376138696735348	0.641028812272476	-0.006508249986279489
0.377979992006837	0.610517547566708	-0.006702706888439974
0.379821287278326	0.58000628286094	-0.006851611183464295
0.381271184507389	0.804985976946303	-0.004670591896333829
0.381662582549815	0.549495018155173	-0.006955867418920903
0.382741781519298	0.514478160252386	-0.007015035666434715
0.383820980488781	0.479461302349599	-0.007016458265035701
0.384277158154932	0.332951354299231	-0.006358133452911897
0.384484831922709	0.370115717681758	-0.006628006472012528
0.384484831922768	0.296041643607902	-0.006019482628762607
0.384692505690487	0.407280081064285	-0.006827765840490325
0.384692505690605	0.259131932916574	-0.005603972433028033
0.384900179458264	0.444444444446812	-0.006959874007886198
0.384900179458441	0.222222222225245	-0.005106582062423007
0.385156271886992	0.185400594224716	-0.00452320678388965
0.385412364315542	0.148578966224186	-0.0038459056029139815
0.385668456744092	0.111757338223656	-0.0030673479543062063
0.387011677310364	0.905799423662156	-0.00266039253713131
0.387038541022359	0.686774567667245	-0.006199547192493495
0.387815411506627	0.0372524460745522	-0.0011503295542697476
0.388263151697126	0.968599807887385	-0.0009786923161426708
0.390190647048761	0.773859916117343	-0.005184060504338343
0.396341765394167	0.870748481527276	-0.0034754683499978014
0.39889542059323	0.66035532047907	-0.006483524811532679
0.399992955964501	0.739980495995591	-0.005677919383338911
0.405260452643824	0.0745048921491044	-0.0021939437023764424
0.405671853477971	0.835697539392395	-0.00420329138898207
0.40615593302234	0.937199615774771	-0.0018839664460275503
0.406261935362064	0.62830219345067	-0.006745406263134367
0.407407407406359	0.0	0.0
0.407407407409103	1.0	0.0
0.408103230633553	0.597790928744902	-0.006922801357126415
0.409795264880241	0.706101075873839	-0.006105450669543443
0.409944525905042	0.567279664039135	-0.007053658990550359
0.411352426534129	0.208355868816159	-0.004984020723309366
0.411608518962679	0.171534240815629	-0.004352862970402536
0.411864611391229	0.134712612815099	-0.0036239330774496393
0.414295418089236	0.531992882274796	-0.007157730589703291
0.415001941561774	0.800646597257514	-0.004847978893997076
0.415374617058719	0.496976024372009	-0.007186940687995784
0.415400700668171	0.313963503468761	-0.0063272682574858526
0.415608374436008	0.277053792777433	-0.005939154905206796
0.415816048203844	0.240144082086104	-0.00546997307300042
0.416453816028202	0.461959166469222	-0.007156631923066984
0.416472950480129	0.35142989974733	-0.00664795676392251
0.416680624247906	0.388594263129857	-0.006889041404955342
0.416888298015683	0.425758626512384	-0.007059387654258211
0.421652144451112	0.679681828685664	-0.0064085069394227805
0.424804250477514	0.766767177135762	-0.005397625524380491
0.424852448543556	0.0372524460745522	-0.0011722779361753
0.424949233892549	0.105904255601769	-0.002999116159877602
0.425149158856965	0.904331283226033	-0.0027528314971061872
0.425300188734317	0.968599807887386	-0.0009971202726157611
0.429018659219946	0.647628701657264	-0.006699209589052166
0.434479246940769	0.869280341091152	-0.0035756088681102465
0.434606559393254	0.73288775701401	-0.0058756737942118695
0.436385173988781	0.615575574628864	-0.006934382742854812
0.437804673609816	0.194489515407072	-0.004817352441297204
0.438060766038367	0.157667887406542	-0.004140088965277217
0.43822646926027	0.585064309923096	-0.00709263704021895
0.442268295279531	0.226277728677018	-0.005335440226586643
0.442577361444464	0.549777528158758	-0.007223342153216062
0.443809335024572	0.834229398956271	-0.004306545007875638
0.444293414568942	0.935731475338647	-0.00195437001846096
0.444408868308995	0.699008336892258	-0.006284367742557123
0.444444444443288	0.0	0.0
0.444444444446294	1.0	0.0
0.444541229792281	0.0686518095272164	-0.0020739002946420235
0.44652424318141	0.294975652638292	-0.006225531202474787
0.446731916949247	0.258065941946963	-0.005788418613394163
0.446928253628657	0.514490746394419	-0.007291383769364557
0.447596492993368	0.33244204891686	-0.006590509625847009
0.44800745259814	0.479473888491632	-0.0072890055884972755
0.448441934585621	0.443273348534794	-0.007220849986131055
0.448668742805325	0.369908445195428	-0.006877688058112561
0.448876416573102	0.407072808577956	-0.00708688570269516
0.450833329993248	0.792366784294748	-0.005059087939252474
0.451145388539686	0.128859530193212	-0.003554872295895104
0.451775383077829	0.666955209863858	-0.006604972551754484
0.459141897846663	0.634902082835458	-0.006867670963944382
0.460635638908988	0.758487364172996	-0.0055879210640284085
0.463286640403567	0.902863142789909	-0.002822750748782491
0.463437670280919	0.967131667451262	-0.0010531285178299083
0.464133225692013	0.0313993634526642	-0.0010084156384093461
0.464230011041005	0.100051172979881	-0.0028950134882299795
0.464256920685504	0.180623161997985	-0.004610078521978612
0.466508412615497	0.602848955807058	-0.007073879059633932
0.468720542355219	0.212411375267931	-0.0051592847004121025
0.470437947824728	0.724607944051245	-0.006042475123753863
0.470859304799691	0.567562174042719	-0.007231833901256558
0.472616728487371	0.867812200655028	-0.0036452613854590344
0.473184164024934	0.244199588537877	-0.00564045279078683
0.475210196983884	0.532275392278381	-0.0073257831365853765
0.477341543186823	0.151814804784654	-0.004063405101527086
0.477647785694649	0.275987801807822	-0.0060569591766342825
0.478720035506607	0.313454198086391	-0.0064654844706829905
0.47939438139599	0.688571155611934	-0.0064461423206875175
0.479561089168078	0.496988610514042	-0.00735646136901231
0.479640723456046	0.825949585993506	-0.004500347398181117
0.479792285318564	0.350920594364959	-0.006793304190836226
0.479995571155559	0.460788070557204	-0.0073187263120399965
0.48043005314304	0.424587530600366	-0.007215043797577802
0.480864535130521	0.388386990643528	-0.00704421479744284
0.481481481480217	0.0	0.0
0.48148148148339	1.0	0.0
0.482430896115544	0.934263334902523	-0.002009782965420929
0.483822006940737	0.0627987269053284	-0.0019287741994067481
0.486664718424722	0.784086971331983	-0.005228099054946856
0.486760896164825	0.656518028583534	-0.00673983115069154
0.490426165688143	0.123006447571323	-0.0034472096695472615
0.494127410933659	0.624464901555134	-0.006974656461524846
0.496467027340462	0.750207551210231	-0.005730421435043341
0.497353473595258	0.187267906019458	-0.004748126504893013
0.500474707317974	0.967131667451262	-0.0010567926574792707
0.501170262728976	0.0313993634526642	-0.0010117837247209714
0.501424121950169	0.901395002353785	-0.002869797144284297
0.50181584709962	0.589097215353958	-0.0071674517874969765
0.501817095264973	0.219056119289404	-0.005280461366459701
0.503510788189462	0.0941980903579926	-0.002760015092553765
0.505423460911724	0.714170762770921	-0.0061814772941968365
0.506166739283813	0.55381043358962	-0.007293653227600528
0.506280716934688	0.250844332559349	-0.005744245897072729
0.508448116918844	0.859532387692263	-0.0038317282674362662
0.509807538623	0.293637051411902	-0.006267470406411455
0.510438096096578	0.158459548806127	-0.004202493337342203
0.510517631468007	0.518523651825281	-0.007355783491569825
0.510879788434957	0.33110344769047	-0.0066365563942433125
0.511952038246914	0.368569843969038	-0.006926532535411475
0.513062834033871	0.480769666640468	-0.00735362625862769
0.513497316021352	0.44456912668363	-0.007285652671395254
0.513931798008833	0.408368586726792	-0.007151255315324159
0.514379894482986	0.67813397433161	-0.006551040543849621
0.51547211188752	0.81766977303074	-0.004655828155385685
0.518518518517249	0.0	0.0
0.518518518520363	1.0	0.0
0.519467933152529	0.934263334902523	-0.002009399333785973
0.520859043977769	0.0627987269053284	-0.0019278723564292166
0.521746409251821	0.64608084730321	-0.006814609672886673
0.522496106856196	0.775807158369218	-0.0053515854500089
0.523522718597897	0.129651191592796	-0.0035914653217816402
0.529434845417782	0.610713161102035	-0.007037449571002869
0.530450026505012	0.193912650040931	-0.004851481111224748
0.531452540427458	0.739770369929907	-0.0058511310364181114
0.534913648174728	0.225700863310876	-0.005362526902080532
0.537123281583742	0.575345474900859	-0.007190991602953656
0.537218723625215	0.882661167828733	-0.0033049709858483994
0.53751174435489	0.967131667451262	-0.0010529371613089825
0.53798645167092	0.912482707786555	-0.002580297333689451
0.538207299766076	0.0313993634526642	-0.0010079640705682813
0.538440469863039	0.268493582163429	-0.00594657648802479
0.539339182258457	0.0940491143152013	-0.002744460572211666
0.54040897399872	0.703733581490597	-0.006264584755090665
0.541474173767936	0.54005869313652	-0.007284207020194654
0.54196729155135	0.311286301015981	-0.0064164524697042785
0.543039541363307	0.348752697294549	-0.006743953049023653
0.543534649006332	0.1651042928276	-0.004310191311308543
0.5440193763338	0.502304707951707	-0.007318496125434693
0.544242718593891	0.840798553167211	-0.004194028653950095
0.545019301125226	0.388551440052303	-0.007005815414465386
0.546564578899663	0.464550722766895	-0.00728169576231496
0.546999060887144	0.428350182810056	-0.007184233148574401
0.549365407569982	0.667696793051287	-0.00659611823232805
0.551266713562567	0.798935938505688	-0.004947381137870983
0.555555555554383	0.0	0.0
0.555555555557251	1.0	0.0
0.55603026287328	0.945351040335293	-0.001686197508269158
0.556631054843221	0.764694887910406	-0.005470234791414135
0.556687438046764	0.0626497508625371	-0.0019092749640183726
0.557053843735943	0.632329106850111	-0.006848440784598483
0.559351112666892	0.129502215550005	-0.0035571331403961913
0.563546579414767	0.200557394062403	-0.0049171840385827965
0.564742279901904	0.596961420648935	-0.007029693881450374
0.565587488414483	0.728658099471095	-0.005926860978822701
0.567073401103078	0.243350112914956	-0.0055608213480418415
0.570600222791389	0.286142831767508	-0.006085483317910787
0.572430716067865	0.561593734447759	-0.0071425405811588695
0.573013325300262	0.863927333303681	-0.0036796183851176057
0.573781053345966	0.893748873261503	-0.0030089581277054707
0.574035693835071	0.0312503874098729	-0.0009928501553303972
0.574074074075641	0.978219372884032	-0.0007019769205476102
0.5741270444797	0.32893555062006	-0.006499613730635634
0.574543921985745	0.692621311031785	-0.00629750063703612
0.574548781391671	0.923570413219325	-0.0022657987996141313
0.574975918633729	0.523839749262946	-0.007212181835797266
0.575167576327451	0.09390013827241	-0.002708975074948527
0.576106804241619	0.368734293377814	-0.006796472734174875
0.577521121199592	0.486085764078133	-0.007211543722325586
0.578086564003537	0.408533036135567	-0.007009184795545733
0.579363043075326	0.164955316784808	-0.004249802470102664
0.580037320268938	0.822064718642159	-0.004489250429429281
0.580066323765456	0.44833177889332	-0.007141124713897518
0.584270904824312	0.658139313166833	-0.006571504572844481
0.585401661549592	0.787823668046876	-0.005053448871950921
0.590766002830246	0.753582617451593	-0.005534736991122121
0.591959340990273	0.622771626965657	-0.006787398079708761
0.592515832115758	0.0625007748197458	-0.0018771525209922305
0.592592592591518	0.0	0.0
0.592592592594032	0.956438745768064	-0.0013469497168668452
0.592592592594124	1.0	0.0
0.595179506735886	0.129353239507214	-0.0034955377028197195
0.597921173005408	0.192378867674464	-0.0046953963041921004
0.598612217509896	0.225307745344407	-0.005212052285056748
0.599647777156234	0.587403940764481	-0.0069333288176978355
0.599722436401508	0.717545829012283	-0.00594413975643137
0.602139039198207	0.268100464196959	-0.005768453962207962
0.605665860886518	0.310893183049512	-0.006212036939536715
0.608255022208622	0.350382599274191	-0.006531574312142829
0.608807926975309	0.84519349877863	-0.003983700920710555
0.609449419240075	0.683063831147331	-0.006250666531172452
0.609575655021013	0.875015038736451	-0.0033704189245970244
0.610234781970541	0.390181342031944	-0.006772530745148443
0.610343383066717	0.904836578694273	-0.0026882701596014267
0.610995970396446	0.0937511622296187	-0.0026530966875030998
0.611072730872205	0.0312503874098729	-0.0009746455186966366
0.611111111112422	0.934658118652095	-0.0019329513856862072
0.611111111112459	0.978219372884032	-0.0006892661858575538
0.612185966000814	0.550008254437222	-0.006990431046717873
0.612214541732459	0.429980084789697	-0.00693317182153746
0.613737636665968	0.156776790396869	-0.004007817924624883
0.614172268255963	0.810952448183347	-0.004587443559958441
0.614731168566677	0.51225426925241	-0.007031346084803663
0.617276371132541	0.474500284067597	-0.0070045316544913045
0.619176402078642	0.648581833282379	-0.006481900290625465
0.619536609536617	0.776711397588064	-0.005104346130693083
0.624900950817271	0.742470346992781	-0.005540065004987015
0.626864838244603	0.613214147081203	-0.006659172588447923
0.629552869152893	0.0625007748197458	-0.0018333959240775864
0.629554100326528	0.121174713119274	-0.003239162129324601
0.629629629628653	0.0	0.0
0.629629629630812	0.956438745768064	-0.0013162776500635282
0.629629629630832	1.0	0.0
0.63229576659605	0.184200341286525	-0.004439214669824491
0.632986811100538	0.217129218956468	-0.004956443437736836
0.633677855605025	0.250058096626411	-0.005403570562422071
0.634627933655838	0.707988349127829	-0.0058782120936149785
0.636211786822067	0.832109693504126	-0.004139962720193489
0.637204677293337	0.292850815478963	-0.005872069369181199
0.639403027089183	0.575818460753944	-0.006742331879262136
0.639793838615441	0.332340231703642	-0.0062145894063865646
0.641510035008544	0.864292814086166	-0.0035077829930111773
0.641576128102721	0.797868642908844	-0.004690805811958892
0.642277763054248	0.894114354043987	-0.0028691390645897517
0.642382999937545	0.371829647928321	-0.006473642455910097
0.643045491099952	0.923935894001809	-0.0021600710865199587
0.644354916494405	0.673506351262878	-0.006137797411995811
0.644362759699463	0.411628390686074	-0.006659650580266112
0.646670843513984	0.0949094409310746	-0.00260693184558783
0.646940469383375	0.763627592313561	-0.005157202346388653
0.64810976790934	0.0312503874098729	-0.0009486550892569536
0.64811223025661	0.14859826400893	-0.0037384186300904103
0.648148148149202	0.978219372884032	-0.0006711202099391386
0.649424589099544	0.456148589963973	-0.006756408095402021
0.651941215933762	0.538422774426686	-0.006747053548486562
0.654081899332972	0.639024353397926	-0.006323550201376807
0.654486418499626	0.500668789241873	-0.006760066856145346
0.661526439530886	0.734808107258293	-0.005426091272795588
0.661564009618342	0.945716521117778	-0.0015689639363825772
0.663615646668824	0.819025888229623	-0.00424823760991737
0.665227742270431	0.0636590535212017	-0.0018057299294675833
0.665228973444066	0.12233299182073	-0.003155192093144879
0.666620088177552	0.601628667070667	-0.006430235745542748
0.666666666665787	0.0	0.0
0.666666666667592	1.0	0.0
0.666670360186692	0.176021814898585	-0.004151111999449492
0.66736140469118	0.208950692568528	-0.004663095751412783
0.668052449195667	0.241879570238472	-0.005105799297130448
0.668743493700155	0.274808447908415	-0.005483925317819729
0.668913894855301	0.851209008811662	-0.003659914682647674
0.668979987949478	0.784784837634341	-0.0047439055597244175
0.671253422369453	0.700326109393341	-0.005714521121662172
0.671332655022259	0.314297864133094	-0.005844609383411459
0.673921816344363	0.353787280357772	-0.006122249112902914
0.674212143041778	0.883392129393701	-0.003005020620636628
0.674979871087482	0.913213669351523	-0.002346208823951073
0.676510977666467	0.393276696582451	-0.006322244123708233
0.679158277022131	0.564232980743408	-0.006456940378500117
0.680082528136732	0.967497148233746	-0.0009544440089888258
0.68098040520802	0.665844111528389	-0.005925957108192326
0.681572807066548	0.43779689586035	-0.006440060646322583
0.682345716631521	0.0960677196325305	-0.0025358372535166885
0.682768760106118	0.63341800482603	-0.006125972934852206
0.68356595809699	0.755965352579073	-0.005029510850513111
0.683784641026878	0.0324086661113288	-0.0009478834729426342
0.683787103374148	0.149756542710386	-0.003611244861658564
0.686634636466629	0.48231709513825	-0.006467602267655497
0.691019506515581	0.80594208295512	-0.004304102079519666
0.691696465866711	0.526837294416149	-0.006408708364010447
0.693498389605872	0.934994296467492	-0.0017811747285994854
0.695306948950698	0.596022318498771	-0.0061933770718886425
0.696317754702058	0.838125203537159	-0.0037603964767545625
0.698151928244501	0.727145867523805	-0.005241026101805897
0.700902615387969	0.0648173322226576	-0.001759431528615789
0.700903846561603	0.123491270522186	-0.003038967490878842
0.701616002888535	0.870308324119198	-0.003155327251922078
0.701801205648911	0.184425665826906	-0.004091617147392138
0.702492250153399	0.217354543496849	-0.004556541237717376
0.703183294657886	0.250283421166792	-0.004956238524624703
0.703703703702922	0.0	0.0
0.703703703704401	1.0	0.0
0.703803341099944	0.294358823877315	-0.005399939039411946
0.705605476663093	0.777122597899852	-0.004605925867555697
0.706392502422048	0.333848240101994	-0.005693810795362607
0.706914251075013	0.902491444701237	-0.002484750965858258
0.707845137795277	0.558626632171512	-0.006183192846264453
0.707878911083068	0.692663869658853	-0.0054753758377691945
0.708981663744152	0.373337656326672	-0.005911375207696908
0.709497947623996	0.411086604962708	-0.006073906830479155
0.709667265981166	0.660237762956494	-0.00570252704480607
0.711455620879264	0.627811656254134	-0.005879476415655469
0.714559777024077	0.455606804240607	-0.0061381832957090095
0.717119565173542	0.967497148233746	-0.00091069698076498
0.718020589749059	0.0972259983339864	-0.002437179543773747
0.718917948836367	0.158160393638706	-0.0035687162740471743
0.719621606424159	0.500127003518506	-0.006118879320553652
0.720191446810604	0.748303112844585	-0.004829371427480334
0.720578666594453	0.810651887474626	-0.004039515194652053
0.720821678064013	0.0324086661113288	-0.0009032916165806021
0.723993809723844	0.590415969926875	-0.005906107335492794
0.72587691478093	0.842835008056665	-0.0035096155901007692
0.727774018772654	0.538260912360453	-0.005992705850590278
0.730535426642652	0.934994296467492	-0.001687337559026096
0.731175162967407	0.875018128638704	-0.002921865403275054
0.734777416958116	0.719483627789317	-0.0049783006241320895
0.735164636741964	0.781832402419358	-0.004310196876760801
0.736034692023823	0.131895121450506	-0.003019864219366328
0.736565771856214	0.687057521086958	-0.00522837710524737
0.73693205111113	0.192829516755226	-0.003966274463323442
0.737623095615618	0.225758394425169	-0.004380242047880655
0.737939652425103	0.0648173322226576	-0.0016618281843908676
0.738243142057675	0.269833797135692	-0.004843722080863839
0.738354126754312	0.654631414384598	-0.005428382594821592
0.738863188499733	0.313909199846215	-0.005210192124492676
0.74014248165241	0.622205307682239	-0.005581448977592211
0.740740740740057	0.0	0.0
0.740740740741211	1.0	0.0
0.741452349821837	0.353398616070894	-0.005438949782125334
0.741968633701681	0.391147564706929	-0.005617878279257688
0.742484917581525	0.428896513342964	-0.005739697886058167
0.743922690701221	0.570050250115816	-0.005723890368093971
0.747089183698029	0.904872668297207	-0.0022739524716211073
0.747546746981606	0.473416712620863	-0.005753769021379448
0.749750606889476	0.75301291736409	-0.004500187366367517
0.750137826673325	0.815361691994131	-0.0037483160013606787
0.753686093237822	0.0946988467242144	-0.002235803166567102
0.754048794298586	0.166564244567026	-0.0034606648028230433
0.754156602210292	0.967497148233746	-0.0008566042332573337
0.755436074859802	0.84754481257617	-0.0032374103200586723
0.755699159330102	0.51155062146281	-0.0056523462675651375
0.757858715101147	0.0324086661113288	-0.0008482805056791083
0.760071362629787	0.60183958787118	-0.005408057481581309
0.763260778478647	0.701180123379125	-0.004812533634963419
0.763851571678598	0.549684530304757	-0.005495309124336567
0.764723796820837	0.786542206938863	-0.003982813700252384
0.765049133376745	0.668754016676765	-0.005012920163989842
0.766014610794911	0.729612351432792	-0.004547426534528349
0.766837488274843	0.636327909974406	-0.0051681628694254175
0.770710359265668	0.937375520063461	-0.0015108089185720452
0.771350095590423	0.877399352234673	-0.0026476769423172883
0.771700195512585	0.129367969840734	-0.0027574959976433156
0.77206289657335	0.201233367683546	-0.003767041148560759
0.772682943015407	0.245308770394069	-0.004239068013139726
0.773302989457464	0.289384173104592	-0.004616403234345636
0.773605155913866	0.0622901806128856	-0.0014939425525528115
0.773923035899521	0.333459575815115	-0.004908658041327492
0.774439319779366	0.37120852445115	-0.0050973632759666945
0.77495560365921	0.408957473087186	-0.005232748313649466
0.775471887539054	0.446706421723221	-0.0053174420978616185
0.777777777777192	0.0	0.0
0.777777777777932	1.0	0.0
0.779696986752197	0.820071496513637	-0.0034299633171990984
0.780000243607164	0.581473868060121	-0.005185017998506089
0.780987800726271	0.763141641007566	-0.004062217254209838
0.78362429988755	0.484840330565168	-0.005234580016884074
0.78676636925222	0.615962190163347	-0.004968943386281984
0.787264116321045	0.907253891893176	-0.002033373088030258
0.789351596726584	0.0921716951144424	-0.0020118904786592413
0.789714297787349	0.164037092957254	-0.003130734953227819
0.791744139999178	0.682876618968932	-0.004561829054719722
0.791776712236046	0.522974239407115	-0.005098608630211945
0.79352421858991	0.0298815145015568	-0.0007264479420293897
0.793532494897276	0.650450512266573	-0.004715191490410702
0.794331534833308	0.969878371829715	-0.0007304501033766921
0.794497972315442	0.7113088470226	-0.00433329840078458
0.795611007482818	0.84992603617214	-0.0028890514833578656
0.795960990657631	0.796670930582339	-0.003545382509082437
0.797251804631705	0.739741075076268	-0.004076197585759729
0.799929124584542	0.561108148249062	-0.0049137498422607345
0.806695250229598	0.595596470352288	-0.004717791220993651
0.807365699001348	0.126840818230962	-0.0024607547313328566
0.809270659402629	0.0597630290031136	-0.0013129701200681168
0.810488378773148	0.226527830068592	-0.003609492228216455
0.810660358042594	0.352017936261068	-0.004458448062415171
0.810885291888684	0.939756743659431	-0.001315894183906196
0.811108425215205	0.270603232779115	-0.003968914667274689
0.811176641922438	0.389766884897103	-0.004596852601849527
0.811525028213439	0.879780575830643	-0.002330773048588958
0.811692925802282	0.427515833533138	-0.004690029285895648
0.811728471657262	0.314678635489638	-0.004249868330855851
0.812224994563066	0.773270364651041	-0.003589430146007711
0.813461375874653	0.630084792455514	-0.004487192059454872
0.814244520966314	0.188700909700286	-0.0031831449676469974
0.814814814814326	0.0	0.0
0.814814814814733	1.0	0.0
0.816572896257484	0.464583366682508	-0.004661284560988379
0.817985052843701	0.821584354602329	-0.0030278566349626426
0.820227501519709	0.66457311455874	-0.004223745799666265
0.822981333835973	0.693005342612408	-0.004028363155703553
0.82472530860598	0.502717275524455	-0.004528848238457691
0.825017100215347	0.0896445435046704	-0.0017635344651966063
0.825735166152237	0.721437570666076	-0.0038089981396166057
0.827439048944061	0.909635115489146	-0.001759933811877815
0.8284889984685	0.749869798719744	-0.003564833412268727
0.830561255627045	0.0298815145015568	-0.0006525087671675927
0.83136857187011	0.969878371829715	-0.00065562106619307
0.831895922180313	0.151504634973994	-0.0025690302584389004
0.832877720954476	0.540851184366402	-0.004352034810578701
0.833899073574322	0.851438894260832	-0.002513513619421337
0.834249056749135	0.798183788671031	-0.0030756907193508556
0.834987269664661	0.578051968289715	-0.004253603249077895
0.841753395309716	0.612540290392941	-0.004039373901944894
0.846307696439763	0.0597630290031136	-0.001154718996198761
0.847397680185666	0.370576296707021	-0.003879614548547407
0.84791396406551	0.408325245343056	-0.003972967153356232
0.847922328925516	0.939756743659431	-0.001155129671142636
0.848465793800334	0.333236995935591	-0.0037198621358373427
0.848519520954772	0.647028612496167	-0.0037971911091282304
0.848913860972946	0.251822292453638	-0.0032662663618379297
0.849533907415004	0.295897695164161	-0.0035221900963544562
0.849547323394312	0.114308360247702	-0.001939463454201379
0.849813094304943	0.881293433919335	-0.0019933638033682462
0.849839151312086	0.682416776884948	-0.0036249806633613995
0.85051306065457	0.774783222739734	-0.003049259685813378
0.851851851851461	0.0	0.0
0.851851851851537	1.0	0.0
0.852592983628349	0.710849004938615	-0.003432424790948172
0.852670003166112	0.213995372085332	-0.0029294814518106456
0.852793934520712	0.445392778492425	-0.003939484333158194
0.855346815944613	0.739281232992283	-0.003219512959826331
0.855392540613369	0.0877152218666025	-0.001533659604020715
0.856273118935205	0.823097212691022	-0.0025586022286239354
0.856426145359278	0.176168451717026	-0.002549776322583155
0.857673904975914	0.482460311641795	-0.0038685279369773556
0.8578463730897	0.912643750786439	-0.0015112483308985687
0.86582631732441	0.520594220483742	-0.0036921516971343614
0.86759829266418	0.0298815145015568	-0.0005631388947822136
0.867935866034595	0.557795004407055	-0.003614995349317402
0.868405608906971	0.969878371829715	-0.0005651666902420334
0.87004541474478	0.594995788330369	-0.0035088343682745764
0.872187139665826	0.852951752349525	-0.0020759452199760817
0.872537122840639	0.799696646759724	-0.002528798881843568
0.874077546573277	0.138972176990734	-0.0019742202843469185
0.876683136837785	0.0578337073650457	-0.0009730250209898798
0.876811540389835	0.629484110433595	-0.0032826185171035884
0.877370878130682	0.764194657012273	-0.0026927401353530342
0.878131170747148	0.664872274822375	-0.0031468248108533704
0.878329653071155	0.942765378956724	-0.0009556519992589652
0.879450801104462	0.700260439211155	-0.0029839739639410897
0.879922763792333	0.112379038609634	-0.0016346145581827827
0.880220418450583	0.884302069216628	-0.0016673819383680455
0.882204633420726	0.728692667264823	-0.0028004632159963527
0.884135002328738	0.389134657152973	-0.003167040909518386
0.885203115943407	0.351795356381544	-0.003049772118807509
0.88576798101139	0.0857859002285346	-0.0012800165786037083
0.886271229558076	0.314456055610114	-0.002904324517345225
0.887339343172745	0.277116754838684	-0.002729030815761053
0.88825369723534	0.915652386083732	-0.0012431011592924659
0.888888888888426	1.0	0.0
0.888888888888596	0.0	0.0
0.88901497278394	0.426202190302343	-0.0031199810202793047
0.89109548536591	0.239289834470378	-0.00246999826085457
0.893894943239142	0.463269723451713	-0.003041131217064769
0.894561185026708	0.824610070779714	-0.002012579007394457
0.894851627559076	0.201462914102072	-0.00218343781425986
0.897973733062201	0.0279521928634889	-0.0004470351419067275
0.898607769752242	0.163635993733766	-0.0018672955542787398
0.898774913694344	0.500337256601082	-0.0029342599899434877
0.898812933052611	0.972887007127008	-0.0004321776945116202
0.899394940316752	0.789108081032264	-0.002162948035386634
0.900884462404529	0.537538040524395	-0.0028710092208104154
0.902594463811465	0.855960387646818	-0.0016634044391718485
0.902994011114714	0.574738824447709	-0.0027856676955688095
0.904228695606795	0.753606091284813	-0.0022572147158791108
0.904452986971298	0.137042855352666	-0.0015838696135658233
0.905103559824898	0.611939608371022	-0.0026790103028205858
0.906423190182212	0.647327772759802	-0.0025742600982472117
0.907058577235806	0.0559043857269778	-0.0007752607179591333
0.907742820539525	0.682715937148582	-0.002449453530641019
0.908736977216795	0.945774014254017	-0.0007455102126829157
0.909062450896838	0.718104101537363	-0.002303751221535531
0.910298204190355	0.110449716971566	-0.0012941247419367273
0.910627742596222	0.887310704513921	-0.0013092897942075384
0.916143421409412	0.0838565785904667	-0.0009982705488644345
0.918661021380979	0.918661021381025	-0.0009521418181136709
0.922756668219158	0.407571252916411	-0.0022677532321619953
0.922756668219158	0.370534215879482	-0.0022140016580199508
0.923824781833827	0.333194915108053	-0.0021140242700113856
0.924892895448496	0.258818577299694	-0.0018804370465218372
0.924892895448496	0.295855614336623	-0.001995096448999978
0.925925925925623	1.0	0.0
0.925925925925731	0.0	0.0
0.92763663867436	0.444638786065781	-0.0021737269850260945
0.928649037641662	0.220991656931388	-0.0016618199373785725
0.929707456684472	0.80899930644554	-0.00151377215338507
0.929707456684472	0.846036343482675	-0.0013290804076868648
0.932405179834828	0.183164736563082	-0.0014284597388988535
0.932405179834828	0.146127699526147	-0.0012434858576631162
0.932516609129563	0.481706319215151	-0.0020575873093179467
0.932516609129563	0.518743356252183	-0.002057490493972248
0.934541211974515	0.773497316698089	-0.0015611679459321488
0.934626157839747	0.555944140175496	-0.001984487993533424
0.935010770099336	0.0279521928634889	-0.00032424271965444967
0.935849970089812	0.972887007127008	-0.00031246153097091154
0.936735706549932	0.630181961135944	-0.0018526764368036537
0.936735706549932	0.593144924098809	-0.0018972226883832316
0.937740735469229	0.877386660349778	-0.0010324554997090721
0.938055336907246	0.665570125524724	-0.0017613508301779544
0.938250397053884	0.119534561145047	-0.0010076523444656562
0.939374967264559	0.700958289913504	-0.0016570608567461384
0.939374967264559	0.737995326950639	-0.001565607880234836
0.944095614272941	0.0929414227639472	-0.0007752666201315081
0.944095614272941	0.0559043857269778	-0.0005227754507682225
0.945774014253986	0.945774014254017	-0.0004974783695283519
0.945774014253986	0.908736977216882	-0.0007455219377518035
0.961378334109579	0.388970811642921	-0.0011909418317169584
0.961378334109579	0.42600784867985	-0.001213400589299612
0.961378334109579	0.351933774605992	-0.0011588841446990939
0.962446447724248	0.277557436797633	-0.0010350303158638847
0.962446447724248	0.240520399760704	-0.0009708178726155485
0.962446447724248	0.314594473834562	-0.001087142881562279
0.962962962962834	1.0	0.0
0.962962962962865	0.0	0.0
0.964853728342236	0.8304255791485	-0.0007593110033676585
0.964853728342236	0.793388542111366	-0.0008461022758586973
0.964853728342236	0.867462616185635	-0.000654504122450902
0.966202589917414	0.165656442355469	-0.0007224583446757672
0.966202589917414	0.202693479392398	-0.0008076117198911111
0.966202589917414	0.128619405318528	-0.0006196035910827672
0.966258304564781	0.500112418866183	-0.0010834563325601149
0.966258304564781	0.463075381829219	-0.001079620902425132
0.966258304564781	0.537149455903283	-0.0010795729564458845
0.968367853274966	0.611387276863731	-0.0009857806002481599
0.968367853274966	0.648424313900866	-0.0009594071130219144
0.968367853274966	0.574350239826596	-0.0010042711096438961
0.969687483632279	0.72084951532678	-0.0008478596123001014
0.969687483632279	0.683812478289646	-0.0008895885899898174
0.969687483632279	0.757886552363915	-0.0007963719943304858
0.97204780713647	0.0649892299004535	-0.0003242438668159159
0.972047807136471	0.102026266937428	-0.00044703963819857454
0.972047807136471	0.0279521928634889	-0.00016411292021797864
0.972887007126993	0.935849970089874	-0.00031245827906136684
0.972887007126993	0.972887007127008	-0.00015587464840602334
0.972887007126993	0.898812933052739	-0.00043214280023962445
1.0	0.0	0.0
1.0	1.0	0.0
1.0	0.111111111110908	0.0
1.0	0.222222222221714	0.0
1.0	0.333333333332501	0.0
1.0	0.444444444443288	0.0
1.0	0.555555555554383	0.0
1.0	0.666666666665787	0.0
1.0	0.777777777777192	0.0
1.0	0.888888888888596	0.0
1.0	0.0370370370369653	0.0
1.0	0.0740740740739285	0.0
1.0	0.148148148147856	0.0
1.0	0.185185185184785	0.0
1.0	0.259259259258643	0.0
1.0	0.296296296295572	0.0
1.0	0.37037037036943	0.0
1.0	0.407407407406359	0.0
1.0	0.481481481480217	0.0
1.0	0.518518518517249	0.0
1.0	0.592592592591518	0.0
1.0	0.629629629628653	0.0
1.0	0.703703703702922	0.0
1.0	0.740740740740057	0.0
1.0	0.814814814814326	0.0
1.0	0.851851851851461	0.0
1.0	0.925925925925731	0.0
1.0	0.962962962962865	0.0
