0.0	0.0	0.0
0.0	1.0	0.0
0.0	0.888888888888426	0.0
0.0	0.777777777777932	0.0
0.0	0.666666666667592	0.0
0.0	0.555555555557251	0.0
0.0	0.444444444446294	0.0
0.0	0.333333333334721	0.0
0.0	0.222222222223147	0.0
0.0	0.111111111111574	0.0
0.0	0.97222222222213	0.0
0.0	0.944444444444206	0.0
0.0	0.916666666666296	0.0
0.0	0.861111111110802	0.0
0.0	0.83333333333319	0.0
0.0	0.805555555555563	0.0
0.0	0.750000000000328	0.0
0.0	0.72222222222275	0.0
0.0	0.694444444445146	0.0
0.0	0.638888888890034	0.0
0.0	0.611111111112511	0.0
0.0	0.583333333334917	0.0
0.0	0.527777777779597	0.0
0.0	0.50000000000192	0.0
0.0	0.472222222224107	0.0
0.0	0.416666666668401	0.0
0.0	0.388888888890507	0.0
0.0	0.361111111112614	0.0
0.0	0.305555555556827	0.0
0.0	0.277777777778934	0.0
0.0	0.250000000001041	0.0
0.0	0.194444444445254	0.0
0.0	0.16666666666736	0.0
0.0	0.138888888889467	0.0
0.0	0.0833333333336802	0.0
0.0	0.0555555555557868	0.0
0.0	0.0277777777778935	0.0
0.0203347446547658	0.0203347446548103	-9.526151710072108e-5
0.0203347446547658	0.10366807798849	-0.0003356710704954944
0.0203347446547658	0.0758903002105971	-0.0002715880577918779
0.0203347446547658	0.0481125224327038	-0.00019399756121931332
0.0203347446547871	0.979665255345213	-9.526150726427823e-5
0.0203347446547871	0.951887477567329	-0.00019399747705129656
0.0203347446547871	0.896331922011532	-0.00033567008530296233
0.0203347446547871	0.924109699789412	-0.00027158774123979166
0.0231171900784269	0.678940186644833	-0.0006901244612349229
0.0231171900784269	0.762273519977588	-0.0006100573003844006
0.0231171900784269	0.734495742199991	-0.0006409971757911071
0.0231171900784269	0.7067179644224	-0.0006675633125205711
0.0235214456960658	0.20845103803645	-0.0005817464436408925
0.0235214456960658	0.12511770470277	-0.000434530952189582
0.0235214456960658	0.180673260258556	-0.0005394718956233834
0.0235214456960658	0.152895482480663	-0.0004907801544616835
0.0238997493598413	0.569175216294102	-0.0007692276635027302
0.0238997493598413	0.652508549626857	-0.0007312058224104123
0.0238997493598413	0.624730771849308	-0.0007472561115080684
0.0238997493598413	0.59695299407175	-0.0007598827068090977
0.0240562612161343	0.458333333335164	-0.0007802418447180678
0.0240562612161343	0.541666666668382	-0.0007802418295035284
0.0240562612161343	0.513888888890722	-0.0007833423298843222
0.0240562612161343	0.486111111112977	-0.0007833423314366443
0.0240562612161652	0.347222222223807	-0.000735637972634432
0.0240562612161652	0.430555555557487	-0.0007740064052189528
0.0240562612161652	0.402777777779593	-0.0007645689031668146
0.0240562612161652	0.3750000000017	-0.0007518271868623846
0.0240562612163345	0.319444444445774	-0.0007158100081901997
0.0240562612163345	0.236111111112094	-0.0006317365776373348
0.0240562612163345	0.291666666667881	-0.0006921012743090462
0.0240562612163345	0.263888888889987	-0.0006642061128640008
0.0252009151719854	0.78974268940716	-0.0006239991956713026
0.0252009151719854	0.873076022740031	-0.0004678109773418168
0.0252009151719854	0.845298244962409	-0.0005274726023508602
0.0252009151719854	0.81752046718479	-0.0005791390473400662
0.0277777777777253	0.0	0.0
0.0277777777778935	1.0	0.0
0.0406694893095315	0.0406694893096207	-0.0003107458108321308
0.0406694893095315	0.0962250448654074	-0.0006031746832558234
0.0406694893095315	0.0684472670875141	-0.0004706890414123869
0.0406694893095743	0.903774955134639	-0.0006031736129343427
0.0406694893095743	0.959330510690426	-0.00031074585151857887
0.0406694893095743	0.931552732912532	-0.00047068892576229156
0.0438561903508316	0.117674671579686	-0.0007400675780187393
0.0455356598267725	0.880519055863137	-0.000772992216032534
0.0462343801568537	0.691213706622075	-0.00131046639404158
0.0462343801568537	0.746769262177245	-0.0012054910564182322
0.0462343801568537	0.718991484399647	-0.0012621070642100704
0.0470169394382681	0.664782069604099	-0.0013705121243894934
0.0470428913921317	0.194679853849752	-0.0010719869717232438
0.0470428913921317	0.139124298293965	-0.0008784003823810858
0.0470428913921317	0.166902076071859	-0.000981994586594982
0.0475777069124003	0.222339926925396	-0.0011618292633499019
0.0477994987196826	0.582794877030953	-0.0014753599728919802
0.0477994987196826	0.638350432586123	-0.0014251220531670023
0.0477994987196826	0.610572654808565	-0.0014535721212192215
0.0479560105759756	0.555286327405233	-0.0014951320429721455
0.0481125224322686	0.472222222224033	-0.0015088221638647496
0.0481125224322686	0.527777777779512	-0.0015088221682131766
0.0481125224322686	0.500000000001812	-0.0015119067448439909
0.0481125224322995	0.444444444446356	-0.00149953557540375
0.0481125224323303	0.361111111112893	-0.001433124027802587
0.0481125224323303	0.416666666668679	-0.0014839476093490753
0.0481125224323303	0.388888888890786	-0.0014618911650764318
0.048112522432489	0.0203347446548103	-0.00019399758420107703
0.0481125224324997	0.33333333333486	-0.0013973198919990746
0.0481125224326691	0.305555555556827	-0.0013540549592409746
0.0481125224326691	0.250000000001041	-0.0012428622596784794
0.0481125224326691	0.277777777778934	-0.0013027943703869506
0.0481125224326806	0.979665255345213	-0.00019399759352433646
0.0483181052504122	0.774238431606816	-0.0011874221883217716
0.0504018303439707	0.801707601036388	-0.0011525208574483241
0.0504018303439707	0.857263156591635	-0.0009492003376236163
0.0504018303439707	0.829485378814013	-0.0010579755697275105
0.0555555555554422	0.0	0.0
0.0555555555557868	1.0	0.0
0.0610042339642973	0.061004233964431	-0.0006039702450847713
0.0610042339642973	0.0887820117423244	-0.0008068517269121316
0.0610042339643614	0.911217988257745	-0.0008068524749214423
0.0610042339643614	0.938995766035639	-0.0006039705281549681
0.0641909350055973	0.110231638456603	-0.0009843573764963384
0.0658704044815597	0.887962088986243	-0.0010174388139686723
0.0673776360468974	0.131681265170882	-0.0011582842508430665
0.0684472670872561	0.0406694893096207	-0.00047068908456122173
0.0684472670874677	0.959330510690426	-0.0004706891607818771
0.0693515702352806	0.703487226599316	-0.0018617653127212478
0.0693515702352806	0.731265004376901	-0.001784488404460073
0.070134129516695	0.67705558958134	-0.0019436512280753952
0.0705643370881975	0.180908669663055	-0.001471685531210741
0.0705643370881975	0.153130891885161	-0.0013288806905219972
0.0707365749987579	0.864706189714741	-0.0012286696017917668
0.0709166887981094	0.650623952563365	-0.0020167521704891607
0.0710991526084662	0.208568742738699	-0.001606048453944748
0.0714352953288391	0.758734173806473	-0.0017399944767665233
0.0716339681287349	0.236228815814343	-0.0017258983705621554
0.0716992480795238	0.596414537767804	-0.0021185970699524586
0.0716992480795238	0.624192315545389	-0.0020813247072099693
0.0718557599358168	0.568905988142083	-0.002150092226096277
0.0720122717921099	0.541397438516363	-0.0021724119660050086
0.0721687836484029	0.486111111112903	-0.0021856852808286834
0.0721687836484029	0.513888888890642	-0.002185685289527609
0.0721687836484338	0.458333333335226	-0.0021764806219542435
0.0721687836484646	0.430555555557549	-0.002157973698446802
0.0721687836484955	0.375000000001978	-0.002092168843608718
0.0721687836484955	0.402777777779872	-0.0021299693671748437
0.0721687836486649	0.347222222223946	-0.0020441587675924205
0.0721687836488342	0.319444444445913	-0.0019853917798081586
0.0721687836490036	0.291666666667881	-0.0019151723905268027
0.0721687836490036	0.263888888889987	-0.001832627030530179
0.0735190204223976	0.786203343236044	-0.0016755280177635596
0.0756027455159561	0.813672512665616	-0.0015882815818166458
0.0756027455159561	0.841450290443239	-0.0014398382169774505
0.0758903002102129	0.0203347446548103	-0.000271588124790114
0.075890300210574	0.979665255345213	-0.0002715881070419469
0.0813389786190631	0.0813389786192413	-0.0009517126584485907
0.0813389786191486	0.918661021380851	-0.0009517134657269265
0.0833333333331731	0.0	0.0
0.0833333333336802	1.0	0.0
0.0845256796603631	0.10278860533352	-0.0011715540966301785
0.0862051491363468	0.895405122109349	-0.0012052554005083855
0.0877123807016632	0.124238232047799	-0.0013827124932317219
0.0887820117420244	0.061004233964431	-0.0008068515910493559
0.0887820117422548	0.938995766035639	-0.0008068518447352129
0.0908990817429633	0.145687858762078	-0.0015862133358684504
0.091071319653545	0.872149222837848	-0.0014535000953274258
0.0924687603137074	0.715760746576557	-0.0023450345794295553
0.0932513195951218	0.689329109558582	-0.002451494488984311
0.0940338788765363	0.662897472540606	-0.0025457115642245226
0.0940857827842633	0.167137485476357	-0.0017826614530257214
0.0945524854072659	0.743229916006129	-0.0022792921434131347
0.094620598304532	0.194797558552002	-0.0019657827893586983
0.0948164381579507	0.63646583552263	-0.0026281831768655587
0.0951554138248007	0.222457631627646	-0.0021283997061108378
0.0955989974393651	0.610034198504655	-0.0026992682776065535
0.0956902293450694	0.25011770470329	-0.0022725840469867715
0.0957555092956581	0.582525648878934	-0.002745362753773936
0.0959120211519511	0.555017099253214	-0.0027791673903699277
0.0959374901707433	0.848893323566346	-0.0016967353400251992
0.0960685330082442	0.527508549627493	-0.002800930560689465
0.0962250448645372	0.500000000001773	-0.0028107768753004255
0.0962250448645681	0.472222222224096	-0.0028047034138592914
0.0962250448645989	0.444444444446419	-0.002786422490451624
0.0962250448646298	0.416666666668742	-0.0027557454174766413
0.0962250448646607	0.388888888891064	-0.00271235288455366
0.09622504486483	0.361111111113032	-0.002655782892320692
0.0962250448649856	0.0406694893096207	-0.0006031748880023497
0.0962250448649994	0.333333333334999	-0.0025854233332894797
0.0962250448651688	0.305555555556967	-0.002500479499474355
0.0962250448653381	0.277777777778934	-0.0023999525742266123
0.0962250448653611	0.959330510690426	-0.0006031747159967398
0.0966362105008245	0.770699085435701	-0.0021909858653257883
0.098719935594383	0.798168254865272	-0.002077295332612221
0.100803660687941	0.825637424294844	-0.0019348556469629048
0.102421616162834	0.0841117346208637	-0.001163940150841996
0.102755523208166	0.915505886924404	-0.0011709298910815783
0.103668077987947	0.0203347446548103	-0.00033567124123765074
0.103668077988467	0.979665255345213	-0.0003356711100289716
0.105608317204134	0.105561361335143	-0.001418659408977188
0.107621693725364	0.892249987652902	-0.0014611389205956944
0.108795018245434	0.127010988049422	-0.0016610042659566272
0.109864649285795	0.0637769899660534	-0.0009767322588165827
0.110198556331272	0.935840631579191	-0.0009837434705731434
0.111111111110908	0.0	0.0
0.111111111111574	1.0	0.0
0.111361931502704	0.72440005417215	-0.002696718776038748
0.111981719286734	0.148460614763701	-0.0018922068804913727
0.112487864242563	0.8689940883814	-0.0017413250398887064
0.113445656596263	0.751869223601721	-0.002600557669486795
0.114915965281753	0.70201797865283	-0.002864270360359963
0.115529381689821	0.779338393031293	-0.0024781608353995135
0.115698524563167	0.675586341634854	-0.0029812256950263404
0.116481083844582	0.649154704616879	-0.0030833284044704803
0.117263643125996	0.622723067598903	-0.003171147211614686
0.117307682408757	0.043442245311243	-0.0007323189893681349
0.117354034759761	0.845738189109898	-0.0020121690317017322
0.11761310678338	0.806807562460864	-0.0023263962042554863
0.117641589454378	0.956175376233978	-0.0007394549728336053
0.119811770511774	0.596414537767765	-0.0032842769280036484
0.119968282368067	0.568905988142044	-0.0033325098369359255
0.12012479422436	0.541397438516324	-0.0033656946616343227
0.120281306080653	0.513888888890603	-0.0033840702253953928
0.120281306080691	0.486111111112961	-0.003384070228027029
0.120281306080721	0.458333333335284	-0.0033690453889891944
0.120281306080752	0.430555555557607	-0.0033388459341024434
0.120281306080783	0.40277777777993	-0.0032931667919727323
0.12066453255191	0.37428061166892	-0.003238040836589295
0.12066453255208	0.346502833890887	-0.0031591481950879047
0.120664532552249	0.318725056112855	-0.0030627491689258156
0.120664532552418	0.290947278334822	-0.0029477732156713964
0.12097621834697	0.176592339663873	-0.0022488613682164703
0.121511033867239	0.204252412739518	-0.0024662243090616785
0.122045849387508	0.231912485815162	-0.0026587777622312835
0.122580664907776	0.259572558890806	-0.0028287893601673737
0.123504253706605	0.0868844906224861	-0.0013665930166099304
0.124172067797183	0.912350752467956	-0.0013814022252083037
0.124750715531718	0.0231075006564327	-0.00042653740436361865
0.125084622577485	0.976510120888765	-0.0004339099427285312
0.126690954747905	0.108334117336765	-0.0016526891611552486
0.128948471388718	0.824623869173889	-0.0023494535146598074
0.129038238314382	0.889094853196454	-0.0017044205734947939
0.129877655789205	0.129783744051044	-0.00192324412255363
0.130255102691701	0.733039361767742	-0.0030074102879952347
0.130947286829566	0.0665497459676758	-0.0011419713971846542
0.13161510092029	0.932685497122743	-0.0011569790416539798
0.13233882778526	0.760508531197313	-0.0028797764534562154
0.133809136470749	0.710657286248422	-0.003189226511305901
0.13390440883158	0.865838953924952	-0.002013336609463466
0.134422552878818	0.787977700626885	-0.002722304611155702
0.137363170249798	0.688275210729103	-0.0033612803718889666
0.138145729531212	0.661843573711127	-0.0034852540888316783
0.138390319952528	0.0462150013128654	-0.000861695677610825
0.138872154849441	0.157915468951217	-0.002315284625947326
0.138888888888624	0.0	0.0
0.138888888889467	1.0	0.0
0.138928288812627	0.635411936693151	-0.0035920066484410092
0.139058134043396	0.95302024177753	-0.0008770844130576838
0.141476416198405	0.609103406862013	-0.0037179275442563355
0.144024543584183	0.582794877030875	-0.003828680717057887
0.144181055440476	0.555286327405154	-0.003875973601421541
0.144337567296769	0.527777777779434	-0.00390560285522161
0.144337567296807	0.500000000001791	-0.003914479822273917
0.144337567296844	0.472222222224149	-0.0039056028437937994
0.144337567296875	0.444444444446472	-0.0038788861276572465
0.144337567296906	0.416666666668795	-0.003834068092023416
0.144586891250376	0.0896572466241085	-0.0015608530719895403
0.144720793768033	0.388169500557785	-0.003776516960729053
0.14510402023916	0.359672334446776	-0.0036983377222142423
0.145104020239329	0.331894556668743	-0.0035942117584245536
0.145104020239499	0.30411677889071	-0.0034688226189041136
0.145498845460537	0.844724633988943	-0.0023663532385001245
0.145588612386201	0.909195618011508	-0.0015841663453964644
0.145757917484156	0.80579400733991	-0.0027417992707738604
0.147020152594857	0.272742059446694	-0.00333250335008679
0.147773592291676	0.111106873338387	-0.0018749874785503181
0.147866653909677	0.186047193851389	-0.0026969748861493635
0.148401469429946	0.213707266927034	-0.0029426922662756016
0.148936284950214	0.241367340002678	-0.0031599935286000884
0.149148273880698	0.741678669363334	-0.0032782891301679985
0.150454782903399	0.885939718740006	-0.0019363209866101192
0.151231998974256	0.769147838792905	-0.0031183258830576456
0.152029924373338	0.0693225019692981	-0.001303018896739475
0.152528493309429	0.0231075006564327	-0.0004819114097122172
0.152702307659746	0.719296593844014	-0.0034755255104901117
0.152862400355378	0.976510120888765	-0.0004900940460550582
0.153031645509307	0.929530362666295	-0.0013268222272130445
0.156256341438795	0.696914518324695	-0.0036610083893451337
0.156768091351912	0.13923859823856	-0.0023082485300799614
0.157093282089495	0.823610314052935	-0.0027200737687770745
0.159810375217843	0.674532442805375	-0.003834653742338253
0.160592934499257	0.6481008057874	-0.003962391794738621
0.162049219532356	0.864825398803998	-0.0023101737214988954
0.162567363579595	0.78696414550593	-0.0031352701289353545
0.163141061885036	0.621792275956261	-0.004103250254699623
0.165669528794147	0.0924300026257308	-0.001747478103830727
0.165689189270814	0.595483746125123	-0.004226512362337318
0.165762590412148	0.167370323138733	-0.0027257089324032257
0.166168097730234	0.0462150013128654	-0.0009638929047574908
0.166666666666321	0.0	0.0
0.16666666666736	1.0	0.0
0.166835911821289	0.95302024177753	-0.0009805780524522645
0.167005156975218	0.906040483555061	-0.00177984118563204
0.168041445069695	0.750317976958926	-0.0035106256379607657
0.168237316656593	0.569175216293984	-0.004332053852631088
0.168393828512886	0.541666666668264	-0.0043754993180721595
0.168393828512923	0.513888888890622	-0.004395895780090288
0.16839382851296	0.48611111111298	-0.004395895774068598
0.168393828512997	0.458333333335337	-0.004375499294524688
0.168393828513028	0.430555555557661	-0.004334513916466032
0.168777054984155	0.402058389446651	-0.004277767084785691
0.169160281455283	0.373561223335641	-0.004197937111730534
0.16954350792641	0.345064057224631	-0.0040939952288788954
0.169543507926579	0.317286279446599	-0.003961963502536617
0.171459640281937	0.285911560002582	-0.0038129868782973532
0.171595478848743	0.727935901439606	-0.0037243071914973684
0.173375772637295	0.254536840558566	-0.00362536591261645
0.173643656161314	0.843711078867989	-0.0026825677709033137
0.173902728184933	0.804780452218955	-0.003113377112856728
0.174664027854383	0.120561727525904	-0.0022274075673480204
0.174757089472384	0.195502048038906	-0.003126550820221431
0.175149512627792	0.705553825920287	-0.003924234004743597
0.175291904992652	0.22316212111455	-0.003395184531920277
0.178599593604176	0.884926163619052	-0.0021795716033253232
0.17870354640684	0.683171750400967	-0.004110472010645173
0.179376809675033	0.768134283671951	-0.0035259169593905193
0.179807702151039	0.0693225019692981	-0.0014441965386098872
0.180306271087126	0.0231075006564327	-0.0005298411244559054
0.180640178133271	0.976510120888765	-0.0005387290734547887
0.180809423287201	0.929530362666295	-0.0014695147136596601
0.182257580185888	0.660789674881648	-0.004282997364529343
0.183658526914619	0.148693452426076	-0.0026856369661345803
0.184805707571667	0.634481145050509	-0.004440789332042782
0.185238092790271	0.82259675893198	-0.003051117833523058
0.187353834957445	0.608172615219371	-0.004578543879848612
0.188854663969744	0.744693191526833	-0.003850112388367672
0.189901962343223	0.581864085388233	-0.00469631402067715
0.190194030233133	0.863811843683043	-0.0025751928759930845
0.190712174280371	0.785950590384976	-0.0035045191612898432
0.191287545075806	0.0942196165514787	-0.0019381346029763967
0.192408697748792	0.722311116007514	-0.0040708766781496885
0.192450089729002	0.555555555557094	-0.004793992569489804
0.192450089729039	0.527777777779452	-0.00482836630589908
0.192450089729076	0.50000000000181	-0.004839789377959538
0.192450089729113	0.472222222224168	-0.004828366298722552
0.192450089729151	0.444444444446526	-0.004793992750545685
0.192653025974855	0.176825177326249	-0.003122235161417817
0.192833316200278	0.415947278335516	-0.00474106544020715
0.193216542671405	0.387450112224506	-0.0046627804306920055
0.193599769142532	0.358952946113497	-0.004558177467547471
0.193945875507931	0.0462150013128654	-0.0010526597284106559
0.193982995613659	0.330455780002487	-0.004426022688152861
0.194153648065392	0.905993813702555	-0.00195154663948142
0.194444444444018	0.0	0.0
0.194444444445254	1.0	0.0
0.194613689599183	0.95302024177753	-0.0010704820285173619
0.195899127969017	0.299081060558471	-0.0042686906826190545
0.19596273152784	0.699929040488194	-0.004276075017187492
0.197815260324375	0.267706341114454	-0.004070620873754669
0.199516765306889	0.677546964968875	-0.004465848962031018
0.199731392679733	0.236331621670438	-0.003828108955013642
0.200190028575082	0.762509498239858	-0.0038444816032297594
0.200282044136042	0.122351341451651	-0.0024507643497738377
0.201647525035091	0.204956902226422	-0.003536808359295543
0.20178846686209	0.842697523747034	-0.0029647239657986787
0.20204753888571	0.803766897098001	-0.003445054493706526
0.205425718432698	0.071112115895046	-0.0015929690768909089
0.205748084694349	0.884879493766546	-0.0023748021391934953
0.207957914377374	0.92948369281379	-0.001592091681903723
0.208084048864823	0.0231075006564327	-0.000571452866104827
0.208417955911165	0.976510120888765	-0.0005809542147212759
0.208426384345816	0.651172858998567	-0.004741030631230867
0.209276543196278	0.150483066351824	-0.0029360133464096587
0.209667882869792	0.73906840609474	-0.0041707650147134725
0.210974511731594	0.624864329167429	-0.004899191323431193
0.21152539318042	0.780325804952883	-0.003803085493817078
0.213221916648841	0.716686330575421	-0.004397011814455859
0.213382903491048	0.821583203811026	-0.003346239534712463
0.213522639117372	0.59855579933629	-0.005034862693112671
0.21607076650315	0.572247269505152	-0.005148139982580856
0.216506350945151	0.541666666668315	-0.005212044412350757
0.216506350945188	0.513888888890673	-0.005237235811791301
0.216506350945226	0.486111111113031	-0.005237235803804058
0.216506350945263	0.458333333335388	-0.005212044370310786
0.216506350945309	0.430555555557726	-0.005161437328310448
0.216775950427889	0.694304255056101	-0.004606031829878955
0.216889577416436	0.402058389446716	-0.005088473509995112
0.216905561357465	0.0960092304772266	-0.0021147290456230688
0.217272803887563	0.373561223335706	-0.004987232693709778
0.217342521323306	0.863765173830537	-0.0027894971467676537
0.21765603035869	0.345064057224697	-0.004856578971920035
0.217656030358728	0.317286279447028	-0.004694432550546894
0.218271042256514	0.178614791251997	-0.003394347593345208
0.21956389178959	0.0480046152386133	-0.0011638400389194148
0.219572162714086	0.285911560003012	-0.004499310486000767
0.22100324747513	0.756884712807765	-0.0041460970466195
0.221302139155565	0.905947143850049	-0.002102073555889461
0.221488295069444	0.254536840558995	-0.004259056230130871
0.221762180689356	0.952973571925025	-0.0011480286394519367
0.222222222221714	0.0	0.0
0.222222222223147	1.0	0.0
0.222860757785758	0.798142111665908	-0.003724697329734679
0.223404427424802	0.223162121114979	-0.003969711075320012
0.225685569466816	0.667930149085794	-0.004895115518184073
0.225900060417701	0.124140955377399	-0.0026557198091124385
0.226195564845667	0.200218735161187	-0.0037379832438178585
0.228936957952264	0.842650853894529	-0.003194054351033989
0.230481101769841	0.733443620662647	-0.004472863507015258
0.231043734714357	0.0729017298207939	-0.0017327350948365288
0.232338612080469	0.77470101952079	-0.004086590601472215
0.232896575784522	0.88483282391404	-0.0025460303378421287
0.233702065146482	0.0248971145821806	-0.0006496642553725161
0.234035135548889	0.711061545143328	-0.0047030518740153555
0.234595188505743	0.641556043115487	-0.005161529422723962
0.234894559477937	0.152272680277572	-0.0031643243614907055
0.235106405467547	0.929437022961284	-0.00169930676083693
0.235566447001338	0.976463451036259	-0.0006180026244486787
0.237143315891521	0.615247513284348	-0.005317601697102469
0.238489595217941	0.81960358693924	-0.003596275541001725
0.239691443277299	0.58893898345321	-0.005448966104722694
0.2401270277193	0.558358380616373	-0.005535393761501156
0.240562612161301	0.527777777779535	-0.005588290322476179
0.240562612161338	0.500000000001893	-0.005601947487236242
0.240562612161375	0.472222222224251	-0.005588290315781854
0.240562612161421	0.444444444446588	-0.005547201900742078
0.240562612161467	0.416666666668926	-0.005478329020489233
0.240945838632594	0.388169500557916	-0.005383361212560969
0.241329065103721	0.359672334446906	-0.005257292093937625
0.241329065103759	0.331894556669238	-0.005098517519861233
0.241329065103797	0.304116778891569	-0.004907886841622676
0.241816466375179	0.751259927375672	-0.004430902576719225
0.242523577639124	0.0977988444029745	-0.0022782973049175178
0.24281908206709	0.173876624186762	-0.003541577576516324
0.242944754587816	0.684687439173021	-0.005008405745191459
0.243245197459155	0.272742059447553	-0.004673603888107589
0.24449101241348	0.863718503978032	-0.0029774192900472746
0.245161329814512	0.241367340003536	-0.004390007356011484
0.245181908071249	0.0497942291643612	-0.0012707417352393472
0.247952467235378	0.218423954049744	-0.004162063995554124
0.247967449512651	0.796162494794122	-0.003984698840452846
0.248450630245738	0.905900473997543	-0.002233650768566352
0.248910671779529	0.952926902072519	-0.0012157739285535056
0.249999999999411	0.0	0.0
0.250000000001041	1.0	0.0
0.250743604656243	0.195480568095952	-0.003901320602072329
0.25129432066989	0.727818835230555	-0.004756598203142287
0.25151807669936	0.125930569303147	-0.0028435640473860753
0.251854373626743	0.658313333202713	-0.005289356678912745
0.254043649679157	0.840671237022743	-0.0034108426890678825
0.256661750996016	0.0746913437465418	-0.0018639601742820907
0.257445303807362	0.772721402649004	-0.004353448849222875
0.259442599288513	0.147534513212337	-0.0032591285346078003
0.260045066874695	0.884786154061535	-0.0026955502123333537
0.260203939708816	0.701444729260247	-0.005080520303024513
0.26076399266567	0.631939227232406	-0.005544722035860037
0.261479842924178	0.0248971145821806	-0.0006836970223110596
0.26225489655772	0.929390353108778	-0.0017927514044069402
0.263312120051448	0.605630697401268	-0.0056964295942374
0.263344224779232	0.976463451036259	-0.0006498656498042172
0.263596286944834	0.817623970067454	-0.0038236571908736926
0.263747704493449	0.57505009456443	-0.005807883081703502
0.26418328893545	0.544469491727593	-0.005883029792053313
0.26461887337745	0.513888888890756	-0.005922445742027549
0.264618873377488	0.486111111113114	-0.005922445766514473
0.264618873377533	0.458333333335451	-0.005893126073581203
0.264618873377579	0.430555555557788	-0.005834243176412381
0.264618873377625	0.402777777780126	-0.005745308394568455
0.265002099848752	0.374280611669116	-0.005626623820271848
0.26500209984879	0.346502833891447	-0.005474113056186013
0.265002099848828	0.318725056113778	-0.00528846957696606
0.265002099848866	0.29094727833611	-0.005068126921058229
0.266918232204223	0.259572558892094	-0.004793668146934408
0.266923158102072	0.749280310503886	-0.004701747413052024
0.267367121877666	0.169138457121527	-0.003654512525190575
0.268141593920783	0.0995884583287224	-0.0024295937610516348
0.269113558747743	0.67507062328994	-0.0053781449210207844
0.269597704140373	0.861738887106246	-0.0031636118533620197
0.269709369625089	0.236629172938301	-0.004571875743512284
0.272500507045954	0.213685786984509	-0.004317896409179625
0.272959685848945	0.0497942291643612	-0.001334375938415537
0.273074141239544	0.794182877922336	-0.004220017520108448
0.273612755008101	0.725935764882166	-0.005001210282760052
0.275291644466819	0.190742401030717	-0.004029743663070246
0.275599121335911	0.905853804145038	-0.002348058448471112
0.276066116509936	0.121192402237912	-0.002888064107428578
0.276688449557423	0.952926902072519	-0.0012747780275507306
0.277777777777108	0.0	0.0
0.277777777778934	1.0	0.0
0.27802317778667	0.648696517319633	-0.005648546107477615
0.27915034140605	0.838691620150957	-0.00360833402531209
0.282522374047028	0.699561658911859	-0.00532582254583996
0.282551995534255	0.770741785777218	-0.0045938499464655445
0.283990639099089	0.142796346147102	-0.0033234332484811113
0.284439528773713	0.0746913437465418	-0.0019527853719922684
0.285151758601588	0.882806537189749	-0.0028540429494686528
0.286932796825597	0.622322411349325	-0.005890741892127059
0.287368381267598	0.591741808512488	-0.006029433319121347
0.287803965709598	0.561161205675651	-0.006129117979642154
0.288239550151599	0.530580602838814	-0.006190605592626298
0.2886751345936	0.500000000001976	-0.006214333953333519
0.288675134593646	0.472222222224314	-0.0061987918660798965
0.288675134593691	0.444444444446651	-0.006152042296390008
0.288675134593737	0.416666666668988	-0.006073710253136712
0.288675134593783	0.388888888891325	-0.0059631675381238815
0.288675134593821	0.361111111113657	-0.005819526040061218
0.288675134593859	0.333333333335988	-0.00564163171859014
0.288675134593896	0.305555555558319	-0.005428050111162629
0.288675134593934	0.277777777780651	-0.005177056318226818
0.288702978671727	0.815644353195668	-0.004029516382161768
0.289241592440283	0.747397240155498	-0.004920327581337671
0.289257620701875	0.0248971145821806	-0.0007129576460637228
0.290032674335614	0.929390353108778	-0.0018743069790623098
0.291122002557125	0.976463451036259	-0.0006772441733227889
0.291431993085954	0.673187552941552	-0.005621757325597511
0.291466272014799	0.254834391826859	-0.004963528224830453
0.291915161688242	0.164400290056292	-0.003735998847573093
0.294257409435665	0.231891005873066	-0.004718385908846613
0.294704395867266	0.85975927023446	-0.0033337914196152232
0.295931189346312	0.724052694533778	-0.0052226183062552825
0.29704854685653	0.208947619919274	-0.004439833560118891
0.29752330962661	0.102630678302456	-0.0026095452336454806
0.298180832966437	0.79220326105055	-0.004431800963072775
0.299839684277395	0.186004233965482	-0.00412594439773754
0.300341612124881	0.646813446971244	-0.005888289932532593
0.300737463626642	0.0497942291643612	-0.0013889045426356468
0.303452260329524	0.905840209024317	-0.0024483152656062396
0.304257033132943	0.836712003279171	-0.003787377837169689
0.304466227335316	0.952926902072519	-0.001325264725674172
0.304840808385239	0.69767858856347	-0.005546808670920514
0.304870429872466	0.76885871542883	-0.004787828213557222
0.305447832215763	0.124234622211646	-0.0030808712687782425
0.305555555554804	0.0	0.0
0.305555555556827	1.0	0.0
0.309234271803034	0.626999011580113	-0.0060894558396807266
0.310615243256651	0.604115563050787	-0.00621639021476962
0.311050827698652	0.57353496021395	-0.006336734479919547
0.311486412140653	0.542954357377113	-0.006416652534333282
0.311560026778494	0.745514169807109	-0.00511767654287285
0.311921996582654	0.512373754540276	-0.006456755436196461
0.31257564048407	0.374904505243302	-0.006130896298041468
0.312575640484108	0.347126727465633	-0.005962097200900596
0.312575640484146	0.319348949687964	-0.0057567106727061555
0.312575640484184	0.291571171910296	-0.005513149724722335
0.312731395809766	0.486111111113185	-0.006463892849315715
0.312731395809812	0.458333333335523	-0.006431170287602428
0.312731395809857	0.43055555555786	-0.006365471560030508
0.312731395809903	0.402777777780197	-0.006266287400043144
0.312731395810061	0.2638888888918	-0.005231760207693171
0.313004897595202	0.882792942069028	-0.0029704530656418284
0.313372354804916	0.145838566120836	-0.0035265258791969414
0.313750427424165	0.671304482593163	-0.005840117174780257
0.31380967039862	0.813664736323882	-0.004214753740092992
0.31382124447954	0.0777335637202754	-0.0021048305916173187
0.315522533230926	0.240945502938007	-0.004985404719779566
0.317035398479572	0.0248971145821806	-0.0007378553723073255
0.317885813329227	0.929376757988058	-0.001944239441565911
0.318249623684523	0.722169624185389	-0.0054216008376354215
0.318313670651791	0.218002116984215	-0.004705711622517517
0.318899780335018	0.976463451036259	-0.000700519672749645
0.320499267304649	0.790320190702161	-0.004602817152748513
0.321104808072657	0.195058731030423	-0.004390880234846031
0.321296877394069	0.167442510030026	-0.003946889087742257
0.322557534860879	0.859745675113739	-0.0034632658711767784
0.322643087102319	0.651490047202032	-0.006058401498232233
0.326905025332438	0.10567289827619	-0.0027759839879283885
0.32715924272345	0.695795518215082	-0.005744244702646951
0.327188864210677	0.766975645080441	-0.004962561122831355
0.330119179332469	0.0528364491380947	-0.0015178190363352077
0.331305399323138	0.905826613903597	-0.00253315967349969
0.331535746780472	0.631675611810901	-0.006257855634606018
0.332110172126556	0.83669840815845	-0.003926965655683545
0.332319366328929	0.952913306951799	-0.0013683730112723218
0.332916718234089	0.608792163281575	-0.006392706911118009
0.333333333332501	0.0	0.0
0.333333333334721	1.0	0.0
0.333878461116706	0.743631099458721	-0.00529444215510806
0.334297689687706	0.585908714752249	-0.0065036205289779265
0.334733274129707	0.555328111915412	-0.006603146765374192
0.334829547921591	0.127276842185379	-0.003256569060281601
0.335168858571708	0.524747509078575	-0.006660944953098946
0.33597825779882	0.498484865651484	-0.006681310111455398
0.336051902401603	0.675981082823951	-0.005981412210391604
0.336476146374357	0.360920121595278	-0.006251809676780473
0.336476146374395	0.333142343817609	-0.00605693818231047
0.336476146374433	0.305364566039941	-0.005823274444946528
0.33663190170019	0.388793394132173	-0.006411071668293859
0.33663190170031	0.277682283021444	-0.005551149220474438
0.336787657025932	0.472222222224394	-0.006671186555098065
0.336787657025978	0.444444444446731	-0.006619895651240969
0.336787657026023	0.416666666669068	-0.006533982524310417
0.336787657026188	0.250000000002948	-0.005236639591228452
0.339107738189409	0.81041020155729	-0.004401422969558292
0.339578794447053	0.227056614049156	-0.004957517712094161
0.340568058022734	0.720286553837001	-0.005598812683994025
0.340858036588815	0.882779346948308	-0.0030684466842707363
0.342369931867918	0.204113228095364	-0.004643504488856837
0.342562001189331	0.176497007094966	-0.004202461065768052
0.342754070510744	0.148880786094569	-0.0037091844036524608
0.343202960185367	0.0807757836940089	-0.002247897975204271
0.344944562079756	0.65616664743282	-0.006199184254111755
0.34573895232284	0.929363162867338	-0.0020028756147828417
0.345797335095437	0.78706565593557	-0.004792210483741938
0.346417114185399	0.0279393345559141	-0.0008485352763073891
0.346752919328631	0.976449855915539	-0.0007204405630706349
0.349460717700887	0.70047211844587	-0.005856733995765577
0.350410673854492	0.859732079993019	-0.0035715906056380657
0.352486932001466	0.763721110313849	-0.0051529053008398966
0.35383722175791	0.636352212041688	-0.006397097507940904
0.355218193211527	0.613468763512362	-0.0065397116332575715
0.356286741038265	0.108715118249923	-0.0029287065879420567
0.356599164665144	0.590585314983037	-0.006657421005243985
0.357408239917344	0.833443873391858	-0.004091745928709189
0.357980136118761	0.567701866453711	-0.006750617283486592
0.358353377379041	0.680657683054738	-0.006094523403966628
0.358415720560761	0.537121263616874	-0.006827191785897728
0.35915853831675	0.905813018782877	-0.002603591682745814
0.359176528907494	0.740376564692129	-0.005484052613254665
0.359225119787874	0.510858620189783	-0.0068618423467558505
0.359500895038297	0.0558786691118283	-0.0016420038290206648
0.360034519014986	0.484595976762693	-0.006864954068119534
0.360172505322542	0.952899711831078	-0.0014041427080911837
0.360376652264645	0.346935737947254	-0.00632710695497252
0.360376652264683	0.319157960169586	-0.006105522247461208
0.360532407590478	0.37480901048415	-0.006511022239622215
0.36053240759056	0.291475677151089	-0.005844961809805087
0.360688162916311	0.402682283021045	-0.006656780351771199
0.360688162916437	0.263793394132593	-0.005541860781789195
0.360843918242098	0.458333333335603	-0.006836406440002348
0.360843918242144	0.43055555555794	-0.00676541559294263
0.360843918242314	0.236111111114097	-0.0051940815369188
0.361111111110198	0.0	0.0
0.361111111112614	1.0	0.0
0.36363505566318	0.213167725160305	-0.00488249853348614
0.363827124984592	0.185551504159907	-0.004446503129163509
0.364019194306005	0.15793528315951	-0.003958430451859899
0.364211263627418	0.130319062159113	-0.0034151559720560112
0.364405805980197	0.807155666790698	-0.0045692076539938205
0.366528260594299	0.714966999600815	-0.005811817656519462
0.367246037057194	0.660843247663607	-0.00631181612008446
0.368711175582428	0.882765751827588	-0.0031491235408531424
0.371095402886226	0.783811121168977	-0.0049605705425622105
0.372584675891194	0.0838180036677424	-0.002381377963538282
0.373592091316453	0.929349567746617	-0.0020509060760756917
0.374194891963096	0.0279393345559141	-0.000867446574331337
0.374530697106525	0.976449855915539	-0.0007363486560344477
0.375420920272453	0.695152564209684	-0.00606084687289152
0.37570874164528	0.856477545226427	-0.0037177343389125316
0.376138696735348	0.641028812272476	-0.006508256457561052
0.377519668188964	0.61814536374315	-0.006658400787276096
0.377784999792254	0.760466575547257	-0.005320254876408039
0.378900639642581	0.595261915213824	-0.00678277749826962
0.380281611096198	0.572378466684499	-0.006881825581776821
0.381662582549815	0.549495018155173	-0.006955865357020658
0.382471981776927	0.523232374728082	-0.007005651815485805
0.382706307708133	0.830189338625267	-0.004240197014848591
0.38328138100404	0.496969731300992	-0.007022954107531684
0.384090780231152	0.470707087873902	-0.007007765950143636
0.384277158154932	0.332951354299231	-0.0063581312587063805
0.384313579950606	0.675338128818553	-0.006288482426449494
0.384432913480765	0.360824626836126	-0.006567214102703347
0.384432913480809	0.305269071280734	-0.006111160760778589
0.384588668806598	0.388697899373021	-0.00673646080266705
0.384588668806687	0.277586788262238	-0.005821611306285101
0.384744424132431	0.416571171909916	-0.0068670457182114205
0.384744424132564	0.249904505243742	-0.005487501616745522
0.384900179458264	0.444444444446812	-0.006959874920632443
0.384900179458441	0.222222222225245	-0.005106586448976974
0.385092248779854	0.194606001224848	-0.004677578653593688
0.385136731479059	0.735057010455944	-0.005676799245408754
0.385284318101267	0.166989780224451	-0.004196725620362908
0.385476387422679	0.139373559224054	-0.0036610505102463078
0.385668456744092	0.111757338223656	-0.00306735533227357
0.387011677310364	0.905799423662156	-0.0026604061497629496
0.387278672815993	0.0558786691118283	-0.0016758088997623037
0.387950283100436	0.952899711831078	-0.001432538491421984
0.388888888887894	0.0	0.0
0.388888888890507	1.0	0.0
0.389703873770986	0.803901132024106	-0.004718107823665808
0.392488463165864	0.709647445364629	-0.005997242287064233
0.393206239628759	0.655523693427421	-0.006494466466379265
0.394009243373216	0.879511217060996	-0.0032800386608636298
0.396393470677014	0.780556586402386	-0.005107966707307022
0.398731125705385	0.631483848156121	-0.0066905838153049554
0.400112097159002	0.608600399626795	-0.006831369714896444
0.400362453668891	0.0838180036677424	-0.002426094393574503
0.401006809436069	0.853223010459835	-0.0038499984752850807
0.401369869094346	0.929349567746617	-0.0020884266792573773
0.401381122844018	0.689833009973498	-0.006236000195392034
0.401493068612619	0.58571695109747	-0.006945960166256135
0.401972669740792	0.0279393345559141	-0.0008823512592133531
0.402308474884418	0.976449855915539	-0.0007488788368059883
0.402874040066236	0.562833502568144	-0.007034765875244354
0.403745202363819	0.755147021311072	-0.005494972843716244
0.404739364765207	0.21182245716843	-0.00501893207713308
0.40493143408662	0.184206236168033	-0.004563216609976026
0.405123503408032	0.156590015167636	-0.004054025099596486
0.405315572729445	0.128973794167239	-0.003488352056480242
0.406137209204381	0.53636841624489	-0.00711364076422106
0.406946608431493	0.5101057728178	-0.007146838065170555
0.407619815039861	0.318710466176378	-0.006341784301952897
0.407756007658605	0.48384312939071	-0.007146806784777272
0.407775570365739	0.291028183157882	-0.006067270685570594
0.407931325691616	0.263345900139386	-0.005748419756476148
0.408004375498921	0.826934803858675	-0.004372098506865094
0.408087081017493	0.23566361712089	-0.0053831364205052445
0.408424002398829	0.346810263385305	-0.006581009670801624
0.408565406885718	0.457580485963619	-0.007113455161368734
0.408579757724662	0.3746835359222	-0.006774179240601424
0.408735513050495	0.402556808459095	-0.0069272708183224984
0.408891268376328	0.430430080995991	-0.007041328330490875
0.410273782522171	0.670018574582367	-0.006452243235573352
0.411096934050624	0.729737456219758	-0.005843681760589225
0.415001941561774	0.800646597257514	-0.004847990022333369
0.41505645059369	0.0558786691118283	-0.0017018194028496434
0.415129039605435	0.107367526257241	-0.0030197383739413142
0.415614788470315	0.904698318335064	-0.002731820154858815
0.415728060878329	0.952899711831078	-0.001454353524378347
0.415798668598797	0.645978729311067	-0.006664475572361446
0.416666666665591	0.0	0.0
0.416666666668401	1.0	0.0
0.41844866573743	0.704327891128444	-0.006154876680208114
0.421323554675422	0.621938884039767	-0.006845998663364515
0.422353673248579	0.7752370321662	-0.005267018741264233
0.422612354533167	0.878410111733903	-0.003356717388076806
0.422704526129039	0.599055435510441	-0.006976479157003613
0.424085497582656	0.576171986981115	-0.007080445060999795
0.424578550071972	0.201422692111615	-0.0049059832896654705
0.424770619393385	0.173806471111218	-0.004424209513618742
0.424962688714798	0.146190250110821	-0.0038874459756969237
0.427341325415583	0.684513455737312	-0.006382028859596888
0.427348666720801	0.549706900657862	-0.0071742181229978936
0.427926266324259	0.225263852064075	-0.005288662692246717
0.42960992059602	0.852121905132742	-0.00392993518942782
0.429705404935384	0.749827467074886	-0.005645443954240651
0.429750447518489	0.0279393345559141	-0.0008934165424099562
0.429823036530234	0.0794281917013264	-0.0023480300782639557
0.429972980254297	0.928248462419525	-0.0021463849391454327
0.430086252662312	0.976449855915539	-0.0007581720994531887
0.430611835858947	0.523241814334608	-0.007233119346705084
0.430962471924791	0.304469578053526	-0.00628502580293684
0.431118227250668	0.27678729503503	-0.005983064947153322
0.431273982576545	0.249105012016534	-0.005635140215069584
0.431421235086059	0.496979170907517	-0.00724893234332745
0.431766659283759	0.332569375262453	-0.00654946262898049
0.432230634313171	0.470716527480427	-0.007230912965766079
0.432556495803782	0.443566122512798	-0.007174822951672133
0.432570846642727	0.360669172471379	-0.006770547479358844
0.43272660196856	0.388542445008274	-0.006946386680976825
0.432866211492209	0.660473610466013	-0.0066108973873819366
0.432882357294393	0.41641571754517	-0.0070820411451792955
0.434776155590788	0.124583982200823	-0.003440936458232446
0.436607486658873	0.825833698531582	-0.0044533471305825655
0.437057136622189	0.724417901983572	-0.005984263430232245
0.438391097568834	0.636433765194712	-0.006808037463163403
0.44187548288538	0.79443673753544	-0.005010132531557172
0.44391598364546	0.612393919923413	-0.006973946903346363
0.444217899630266	0.903597213007971	-0.0027906050261110415
0.44433117203828	0.951798606503985	-0.0015020520848064046
0.444408868308995	0.699008336892258	-0.006284369925263272
0.444417735378738	0.1910229270548	-0.004769205582211918
0.444444444443288	0.0	0.0
0.444444444446294	1.0	0.0
0.444517033455033	0.0514888571454123	-0.0015965997376201292
0.444589622466777	0.102977714290825	-0.002951210636865503
0.444609804700151	0.163406706054403	-0.004262136926325142
0.445296955099077	0.589510471394087	-0.007093311071871378
0.447765451631024	0.21486408700726	-0.005169989264195205
0.448560124237222	0.563045385070833	-0.007202350829557863
0.449227214572185	0.769027172444126	-0.005418078544335857
0.44993375438562	0.674968491620958	-0.006530305993086293
0.451113167883311	0.238705246959719	-0.005533267326776755
0.451215465693119	0.87730900640681	-0.003417339120001592
0.451823293375367	0.536580298747579	-0.007275866437339219
0.45430512880972	0.290228689930674	-0.006189491924492249
0.45442327157614	0.141800438144405	-0.00383732754994377
0.454460884135597	0.262546406912178	-0.005860426763382769
0.455086462513512	0.510115212424325	-0.007314094920643158
0.455109316168688	0.318328487139601	-0.006478977214094622
0.455458640462246	0.650928646349658	-0.00674345914775822
0.455895861740625	0.483852568997235	-0.007311972713306681
0.455913503527656	0.346428284348527	-0.006723739573235929
0.456221723231235	0.456702164029606	-0.007272616390969988
0.456547584721846	0.429551759061977	-0.007196369794404724
0.45657894625899	0.743617607352812	-0.005784217866271863
0.456717690886624	0.374528081557453	-0.006925363986799692
0.456873446212457	0.402401354094349	-0.0070827211179329925
0.458213031755971	0.851020799805649	-0.003990575026500816
0.458576091414249	0.927147357092432	-0.0021949370029176215
0.458689363822263	0.975348750588446	-0.0007988874636411133
0.459211030379831	0.0235495225894982	-0.0007645297451549764
0.459283619391576	0.0750383797349105	-0.0022536278707420074
0.460983526538872	0.626888801078358	-0.006924470560211375
0.463481027982478	0.819623838809508	-0.004604785613786791
0.463930677945795	0.718208042261498	-0.006109651787492705
0.46423673845213	0.120194170234407	-0.003371511147321151
0.464256920685504	0.180623161997985	-0.004610081452540877
0.466508412615497	0.602848955807058	-0.007073880161326232
0.46760463693779	0.204464321950445	-0.005028494458492666
0.468749024208985	0.788226877813366	-0.005149049789759715
0.469771581753642	0.576383869483804	-0.007198376322048079
0.470648003124241	0.691180450932015	-0.006410921054825933
0.470952353190077	0.228305481902904	-0.005408146505638379
0.472222222220985	0.0	0.0
0.472222222224107	1.0	0.0
0.472821010790217	0.902496107680878	-0.0028366733787439902
0.472934283198231	0.950697501176893	-0.0015435261295287646
0.473034750891788	0.54991878316055	-0.007286735467028727
0.473977616316375	0.0470990451789963	-0.001479669095405166
0.47405020532812	0.0985879023244086	-0.0028639707182851614
0.474070387561493	0.159016894087987	-0.00420653275566804
0.474300069442363	0.252146641855363	-0.005750511923398037
0.47610075589579	0.762817312722052	-0.0055434417488323135
0.476172889200867	0.667140605660715	-0.006642041276460497
0.476297920029933	0.523453696837296	-0.007339361254123382
0.477647785694649	0.275987801807822	-0.006056951334287322
0.478451973053617	0.304087599016748	-0.006371074804768894
0.479256160412585	0.332187396225675	-0.0066392129938096945
0.479561089168078	0.496988610514042	-0.007356462121791663
0.47981857685307	0.876207901079717	-0.003461869898473342
0.479886950658689	0.469838205546414	-0.007334300805631688
0.480060347771553	0.360287193434601	-0.006863102074635523
0.4802128121493	0.442687800578785	-0.007275170968256722
0.48053867363991	0.415537395611156	-0.007178683351861449
0.480864535130521	0.388386990643528	-0.007044211079355727
0.481697775277493	0.643100760389415	-0.006839916967243054
0.483452487582595	0.737407747630738	-0.00589503597256928
0.483883854437483	0.137410626177989	-0.0037640921345616883
0.485086573079577	0.844810940083575	-0.004135457753035568
0.486467141600076	0.975348750588446	-0.0008020234877929985
0.486988808157528	0.0235495225894982	-0.0007674687238318169
0.4871792025742	0.926046251765339	-0.0022338514171259044
0.487222661354119	0.619060915118115	-0.00700525456845473
0.488744202252918	0.0706485677684945	-0.0021449760240745135
0.48907933536782	0.18560672001409	-0.0047167525905498905
0.490169812761042	0.710380156301255	-0.006222989176738396
0.490354569306084	0.813413979087434	-0.00473468914447175
0.492427051620106	0.209447879966549	-0.005126050771749919
0.492988988478589	0.592535150467233	-0.007150546502078006
0.493697321313472	0.115804358267991	-0.0032821261504210244
0.49562256553259	0.782017018091292	-0.005263366847410997
0.495774767872392	0.233289039919008	-0.005496333454165531
0.496252157616734	0.56607006414398	-0.0072573120249387136
0.496887137939489	0.683352564971772	-0.006505871333801832
0.498892802243809	0.164000452104092	-0.00431327657909113
0.499122484124679	0.257130199871468	-0.005829099412565491
0.499515326754879	0.539604977820726	-0.007327870765065514
0.499999999998681	0.0	0.0
0.50000000000192	1.0	0.0
0.50071206097601	0.950697501176893	-0.0015465239721487458
0.501424121950169	0.901395002353785	-0.002869801993614168
0.50175539409411	0.0470990451789963	-0.0014823074314416107
0.501767600390912	0.289224739010882	-0.006220446842228084
0.502412024016114	0.659312719700472	-0.006720747274599438
0.50257178774988	0.317324536219808	-0.006512435189020238
0.502778495893025	0.513139891497472	-0.00736262550936095
0.502974297219396	0.756607452999978	-0.005641834890965383
0.503375975108848	0.345424333428735	-0.006759129620530079
0.503510788189462	0.0941980903579926	-0.002760021685496438
0.504180162467816	0.373524130637661	-0.006962159437168555
0.504687397817422	0.484824402608862	-0.007360828145422474
0.505013259308033	0.457673997641233	-0.007321666127542686
0.505339120798644	0.430523592673605	-0.00724533851973517
0.505664982289255	0.403373187705976	-0.007131357522773848
0.506692118176675	0.869998041357643	-0.0036045428484575534
0.50793691009274	0.635272874429172	-0.006902111833233956
0.508706269119799	0.142394184194093	-0.003872603579784502
0.509691622397842	0.729579861670495	-0.005997038188273799
0.511960114403182	0.838601080361501	-0.004260378896479315
0.513703237217211	0.60874710977829	-0.007064484421180824
0.513901750050135	0.190590278030194	-0.004804308897488092
0.514244919377821	0.975348750588446	-0.000801982794046158
0.514766585935302	0.0235495225894982	-0.0007673728818930398
0.514956980351939	0.926046251765339	-0.002233489640958206
0.516408947576289	0.702552270341012	-0.006305242762527082
0.516521980030692	0.0706485677684945	-0.0021441231669415963
0.517228110629689	0.80720411936536	-0.004841434195109989
0.517249466302422	0.214431437982654	-0.005202577036315464
0.518519735995788	0.120787916284095	-0.0033942020714755276
0.519469564341681	0.582221345127409	-0.007188094296785917
0.520597182554708	0.238272597935113	-0.005561711556190338
0.522496106856196	0.775807158369218	-0.005351589034772936
0.522732733479826	0.555756258804155	-0.007276491555672688
0.523126272754735	0.675524679011529	-0.006568032369583103
0.523242298820941	0.270367137074527	-0.005987785184018186
0.523715216926125	0.168984010120196	-0.004402325093407297
0.525887415087175	0.302461676213941	-0.006349938656658353
0.525995902617971	0.529291172480901	-0.0073288330256410066
0.526691602446143	0.330561473422868	-0.006618787689462045
0.527495789805111	0.358661270631794	-0.006843183375855744
0.527777777776532	0.0	0.0
0.527777777779597	1.0	0.0
0.527904804542369	0.500975683592291	-0.00734763360267931
0.528270073206454	0.887344626459996	-0.003201454052046524
0.52848983875371	0.950697501176893	-0.0015432018617639823
0.528651158831361	0.651484833740229	-0.006765367319818231
0.528845869240732	0.909710781428363	-0.002655277257892911
0.52898060962655	0.388510327700109	-0.0070337014295315525
0.529213432034643	0.748779567039735	-0.005734483329634531
0.529533171871923	0.0470990451789963	-0.0014789049844797242
0.529813706466767	0.472660194703681	-0.0073262753781162425
0.530139567957378	0.445509789736053	-0.007270315212277483
0.530382083741208	0.0940863583258992	-0.0027502018262609553
0.530465429447989	0.418359384768424	-0.00717715302261796
0.533528683802114	0.147377742210198	-0.003964876485871626
0.533538069432961	0.855947665463854	-0.003895555717856477
0.534417485955832	0.624959069089348	-0.006944703528924116
0.535930757213089	0.721751975710252	-0.006068340421408007
0.538724164732451	0.195573836046299	-0.004871554096021236
0.538806065659467	0.824550704467713	-0.004511596996763311
0.540183813080302	0.598433304438466	-0.007084491196017279
0.542022697155481	0.975348750588446	-0.0007987649043377386
0.542071880984737	0.219414995998758	-0.005256938449895496
0.542378727642503	0.934362030839916	-0.001998978564956984
0.542544363713153	0.0235495225894982	-0.0007642411557553068
0.542648082391536	0.694724384380769	-0.006354988030737094
0.543393275582438	0.070536835736401	-0.002131702057896561
0.544074061885974	0.793153743471571	-0.005053738363038576
0.544716997250971	0.251509535138172	-0.005717376459864441
0.545391031547534	0.120676184252002	-0.0033748671406083485
0.545950140204773	0.571907539787584	-0.007185708317214867
0.547362113517204	0.283604074277586	-0.006111783053894308
0.548097317846465	0.767472955525109	-0.005445455054034585
0.54853763160844	0.173967568136301	-0.004472375039093435
0.549213309342918	0.54544245346433	-0.007255323685149655
0.549365407569982	0.667696793051287	-0.006596120530458942
0.550007229783438	0.315698613417001	-0.006443576040237218
0.550811417142406	0.343798410625927	-0.006688528872713725
0.551122211267316	0.51712696457572	-0.0072944227495490834
0.552296236963844	0.373647467694242	-0.0068996310611966144
0.553031113191714	0.488811475687111	-0.007293592277985208
0.553781056785283	0.403496524762557	-0.0070632153419605305
0.554814643024911	0.740445364195626	-0.005804538219518187
0.554940015116111	0.460495986798501	-0.007252965879494762
0.555116024462739	0.873294250566207	-0.0035004903276699287
0.555131734694453	0.641171028400405	-0.0067921309008066024
0.555265876606722	0.433345581830872	-0.00718066185059473
0.555555555554383	0.0	0.0
0.555555555557251	1.0	0.0
0.555691820497017	0.895660405534574	-0.0029836927121260257
0.555911586044273	0.95901328025147	-0.001291173279704746
0.556267616531295	0.91802656050294	-0.002425756957770021
0.556404467423669	0.0469873131469028	-0.001466593453325682
0.557253379292954	0.0939746262938057	-0.0027292190776377046
0.560384020689246	0.841897289570065	-0.004151069890588654
0.56039997935386	0.147266010178105	-0.003932867133055394
0.560898061818924	0.614645263749523	-0.0069477645381376425
0.561531968203358	0.713417772866143	-0.006114554330994207
0.563546579414767	0.200557394062403	-0.00491718718369016
0.565652016915753	0.810500328573924	-0.004724682137761265
0.566191695681	0.232651933201818	-0.005411403176824068
0.566664388943394	0.588119499098641	-0.007064221992188759
0.568249293381805	0.68639018153666	-0.006377439858249302
0.568836811947234	0.264746472341232	-0.00583744195598436
0.569415659264899	0.0234377905574047	-0.000754820060574322
0.569444444446044	0.983664529663024	-0.0005317508757513858
0.569675272876243	0.784819540627462	-0.005140250850335749
0.569800474933066	0.942677809914494	-0.001753198594089686
0.570264571134184	0.0704251037043075	-0.002110801397393223
0.571481928213467	0.296841011480646	-0.006199062389292262
0.57226232709928	0.120564452219908	-0.0033412996330350405
0.572430716067865	0.561593734447759	-0.00714254881216708
0.573698528836734	0.759138752680999	-0.005509556728745436
0.5741270444797	0.32893555062006	-0.006499606701177306
0.574339617992263	0.53327824555915	-0.007201380153005253
0.575408927160187	0.173855836104207	-0.004424748031776283
0.57554453051073	0.660528683137946	-0.00658360654325886
0.575611864301139	0.358784607688375	-0.0067302866667264954
0.57624851991666	0.50496275667054	-0.007220572928830656
0.577096684122578	0.38863366475669	-0.006913093361298168
0.578157421841058	0.47664726778193	-0.0072004655735101696
0.578581503944017	0.418482721825005	-0.007049621794772735
0.580066323765456	0.44833177889332	-0.0071411230158030334
0.58041585401518	0.732111161351517	-0.005842930717894437
0.581310857635201	0.634002918487065	-0.00675924159768859
0.581961975719024	0.859243874672418	-0.003762653495457294
0.582537771753302	0.881610029640785	-0.003276745028877533
0.58311356778758	0.903976184609151	-0.0027511332440400354
0.583275762975415	0.0468755811148094	-0.0014485731805395814
0.583333333332234	0.0	0.0
0.583333333334837	0.967329059326048	-0.001031716939116443
0.583333333334917	1.0	0.0
0.583689363821858	0.926342339577518	-0.0021840431593580303
0.5841246748447	0.0938628942617122	-0.0026969359450072887
0.587077184759671	0.607477153836183	-0.0068948935427787465
0.587133179193627	0.705083570022034	-0.006127440163986998
0.587229971945531	0.827846913676277	-0.0043670536186543206
0.587271274905606	0.147154278146011	-0.003883601214703194
0.589327524607748	0.194423499271449	-0.004754166128550664
0.589845807986114	0.219120157523906	-0.005147703606960038
0.591253227906021	0.802166125729814	-0.004805825064690783
0.592490924252347	0.251214696663321	-0.005592511102348351
0.592843511884142	0.580951389185301	-0.006991852295036918
0.594428416322552	0.67922207162332	-0.006352264347320116
0.59513604051858	0.283309235802735	-0.00597173194785287
0.595276483866512	0.776485337783352	-0.005196658751153826
0.59713586668593	0.070313371672214	-0.002081284246834261
0.59719343704275	0.0234377905574047	-0.0007456279066742906
0.597222222223629	0.950993588989071	-0.0014990571953928614
0.597222222223691	0.983664529663024	-0.0005253378211456964
0.597781156784814	0.315403774942149	-0.006289003186574037
0.599133622651026	0.120452720187815	-0.003293243530029774
0.599299739827003	0.75080454983689	-0.005541816593722214
0.599723027776392	0.345020837110658	-0.006531865636736593
0.601189872353168	0.167721941313253	-0.004249500748361349
0.601207847597831	0.374869894178973	-0.006730787717267781
0.601723653451477	0.653360573224606	-0.006535045421085949
0.602247153517577	0.552904624439857	-0.007036866467769546
0.60269266741927	0.404718951247288	-0.006883474399320214
0.604156055441974	0.524589135551247	-0.007079372345566601
0.604177487240709	0.434568008315603	-0.00699137981033325
0.606017065005449	0.723776958507408	-0.005847712616337403
0.606064957366372	0.496273646662637	-0.007083252957248488
0.607489980575948	0.626834808573724	-0.006689293238379437
0.60797385929077	0.467958157774027	-0.0070488210435029975
0.608807926975309	0.84519349877863	-0.003983697888787202
0.609383723009587	0.867559653746996	-0.003530024925239454
0.609959519043865	0.889925808715363	-0.0030382052617184472
0.610535315078144	0.912291963683729	-0.0025064669066554627
0.610995970396446	0.0937511622296187	-0.0026531028382361906
0.611053540753266	0.0468755811148094	-0.0014270911315096592
0.611111111110085	0.0	0.0
0.611111111112422	0.934658118652095	-0.0019329616779115758
0.611111111112449	0.967329059326048	-0.0010166953473537909
0.611111111112511	1.0	0.0
0.6128311829358	0.819512710832167	-0.004444878383012373
0.613052220098588	0.141020383355057	-0.0036984927592880563
0.613256307700419	0.600309043922842	-0.006804189949870922
0.613312302134374	0.697915460108694	-0.006090900571975298
0.615108469800729	0.188289604480494	-0.004571435073721925
0.615626753179095	0.212986262732952	-0.004966455491269595
0.616145036557461	0.237682920985409	-0.00532126006728751
0.61685443889629	0.793831922885705	-0.004856380846338764
0.618790152823694	0.269777460124823	-0.005716174099748032
0.620607539263299	0.67205396170998	-0.00629069831980908
0.620877694856781	0.768151134939243	-0.0052206666814155886
0.621435269089928	0.301871999264238	-0.0060483616901995906
0.622659949333853	0.572262279177398	-0.006864423566030673
0.623377140081505	0.331489061432747	-0.006305062409872847
0.624900950817271	0.742470346992781	-0.005540067023032502
0.624913644463781	0.070313371672214	-0.0020444624240773305
0.624914567844007	0.11431882539686	-0.0031007919372017237
0.624971214820601	0.0234377905574047	-0.0007332162806235086
0.625000000001214	0.950993588989071	-0.0014732146196573723
0.62500000000125	0.983664529663024	-0.0005166789213877302
0.625319011073084	0.361106123601256	-0.006514101207632055
0.626803830894522	0.390955180669571	-0.006681516129101761
0.626970817546149	0.161588046522298	-0.004057411829772977
0.627902776392225	0.646192463311266	-0.006448908750989658
0.628288650715961	0.420804237737886	-0.006804523988247042
0.629360821860377	0.835380644822752	-0.004105224916431639
0.632063590967288	0.544215514431954	-0.006880353384031497
0.632085022766022	0.45419438719631	-0.006876893558042616
0.632196187946197	0.716608848594067	-0.00580122390800763
0.633334508000235	0.859517985259282	-0.0036296343160966767
0.633384077820868	0.80969985687629	-0.0045366554441332
0.633669103516695	0.619666698660384	-0.006580887803576895
0.633910304034513	0.881884140227648	-0.003161447821674503
0.633972492891686	0.515900025543344	-0.006906720007106512
0.634486100068791	0.904250295196014	-0.002654488577173227
0.635061896103069	0.926616450164381	-0.002106875404428043
0.635881394816083	0.487584536654735	-0.006895782273175162
0.637407333781358	0.784019068929828	-0.00491938408430989
0.637752125234599	0.0946198712557107	-0.0026207080782220805
0.638831318531117	0.0468755811148094	-0.0013990692375201448
0.638833165291569	0.134886488564102	-0.003499646400813046
0.638888888887936	0.0	0.0
0.638888888890007	0.967329059326048	-0.0009971001141697822
0.638888888890034	1.0	0.0
0.639491425075122	0.690747350195353	-0.006017514446518206
0.640889414993711	0.18215570968954	-0.004370084017888741
0.641407698372076	0.206852367941997	-0.004764199213967679
0.641430589741849	0.758338280983366	-0.005255922485624358
0.641925981750442	0.231549026194455	-0.005118309223661294
0.642444265128808	0.256245684446912	-0.005434381312425056
0.64307274515013	0.59161993391494	-0.006655409234495467
0.645089381395041	0.288340223586326	-0.005779385782600336
0.646786662204047	0.66488585179664	-0.006190976634233103
0.647031252386619	0.317957285754835	-0.0060480688384745565
0.648950784991862	0.942951920501357	-0.001661137590601837
0.648973123378197	0.347574347923344	-0.006269090972176288
0.649913716745445	0.825567790866875	-0.004200370737956402
0.650914994369775	0.377191410091853	-0.006444689663891793
0.651669799301935	0.071182080698306	-0.002021485504593631
0.651670722682161	0.115187534422952	-0.00304802386427975
0.652370067352482	0.736723667191915	-0.005460993165983736
0.652399814191214	0.407040467160168	-0.006581215832843231
0.652476386783565	0.563573169169496	-0.006684993146708389
0.652748992598452	0.0234377905574047	-0.0007174455439902072
0.652751762739131	0.155454151731344	-0.0038496956993431825
0.652777777778799	0.983664529663024	-0.0005056762258987704
0.653887402885303	0.849705131303404	-0.003748912673589786
0.653936972705936	0.799887002920413	-0.0046010384108128455
0.654081899332972	0.639024353397926	-0.00632354766370479
0.656196186241275	0.440430616618593	-0.0066668760558250975
0.657861089025161	0.873842471739933	-0.003259208017314398
0.657960228666426	0.774206214973951	-0.004954132252732652
0.658436885059439	0.8962086267083	-0.0027786341472259483
0.659012681093717	0.918574781676666	-0.0022586492387079342
0.659665304481408	0.710862168793201	-0.005694428933333546
0.659992558291336	0.473820766077017	-0.0067000233488879275
0.661880028416999	0.535526404424052	-0.006671519459662856
0.662839673880654	0.959287390838333	-0.0012011190330053713
0.663485540966407	0.610977588652481	-0.006411272610372393
0.663788930341397	0.507210915535442	-0.006682195975639406
0.664508280072752	0.0954885802818026	-0.0025746404078077364
0.66558747336927	0.0477442901409013	-0.0013889637287144052
0.665589320129722	0.135755197590194	-0.00342418856359743
0.666666666665787	0.0	0.0
0.666666666667592	1.0	0.0
0.666670360186692	0.176021814898585	-0.0041511310404903174
0.666960541610333	0.685000670394487	-0.005883554132249667
0.667188643565058	0.200718473151043	-0.004541779511070278
0.667706926943423	0.2254151314035	-0.004892780274334886
0.668225210321789	0.250111789655958	-0.00520619742137038
0.668743493700155	0.274808447908415	-0.005483913043929562
0.66889970627706	0.7525916011825	-0.005168972648313437
0.670466611630513	0.815754936910998	-0.004267287720690568
0.670685364691733	0.304425510076924	-0.005762445970356662
0.672627235683311	0.334042572245433	-0.0059934297361338654
0.672889182599842	0.582930823907037	-0.00645325815377187
0.67290156998251	0.934910252013643	-0.001827147317535726
0.674255778739258	0.659139171995773	-0.006030566464457347
0.674440297770371	0.839892277347527	-0.0038403382136413407
0.674489867591004	0.790074148964536	-0.0046362855797174455
0.674569106674889	0.363659634413942	-0.00617932552727603
0.675597044912832	0.634819591969004	-0.0061798491620192976
0.676510977666467	0.393276696582451	-0.006322239809917426
0.676728562769447	0.975622861175309	-0.0007279740295512262
0.678413983910229	0.864029617784056	-0.003377224348227391
0.678425954140088	0.0720507897243979	-0.001987421747346055
0.678426877520314	0.116056243449044	-0.0029785650796164127
0.679505147436605	0.0243064995834966	-0.0007237888863928612
0.679507917577284	0.156322860757436	-0.0037493602000198763
0.679839183887693	0.730976987391049	-0.005342825410821719
0.680307349716528	0.426666846040876	-0.006419238355949597
0.682292824233276	0.554884059161593	-0.0064517034590274094
0.682387670050087	0.888166958220585	-0.002876219198534078
0.682963466084365	0.910533113188952	-0.002385570603000169
0.684103721766589	0.4600569954993	-0.006464813151849025
0.685000686546266	0.60677282722356	-0.006245441753769109
0.685429345201637	0.768459535173085	-0.004860732555266548
0.686790458871302	0.951245722350619	-0.0013835226102856693
0.687134421016619	0.705115488992335	-0.005546618246775032
0.68790009381665	0.493447144957725	-0.006460842334036376
0.691019506515581	0.80594208295512	-0.004304107747142443
0.691264434910906	0.0963572893078945	-0.0025138727397310463
0.691696465866711	0.526837294416149	-0.006408706108655381
0.692343628207423	0.0486129991669932	-0.00137058888529618
0.692345474967876	0.136623906616286	-0.003328978338709292
0.693018494283356	0.182324703094826	-0.004112350471722801
0.693536777661722	0.207021361347283	-0.00447658548919782
0.694055061040088	0.23171801959974	-0.0048028175852411325
0.694404328179701	0.578726062478116	-0.006266223080637922
0.694429658145544	0.679253990593621	-0.0057069255715358515
0.694444444443639	0.0	0.0
0.694444444445146	1.0	0.0
0.694573344418453	0.256414677852198	-0.00509312128849229
0.694993192655439	0.83007942339165	-0.0039019137757185527
0.695038379249996	0.28947122988509	-0.005430621904706918
0.695770924319117	0.654934410566852	-0.00587229037001279
0.696368822812271	0.746844921381634	-0.005042451075787153
0.696852354973157	0.926868583525928	-0.0019684354490003
0.696980250241574	0.319088292053599	-0.005670997841671018
0.697112190492691	0.630614830540082	-0.006008988915043015
0.698922121233152	0.348705354222108	-0.005866676888002651
0.698966878795297	0.854216763828179	-0.0034657558626729063
0.700863992224731	0.378322416390617	-0.006019999213178552
0.701251205134614	0.406634127867643	-0.006143951188859579
0.701958984126215	0.784327469163669	-0.004537967940451749
0.702940564935155	0.878354104264708	-0.0029939886735635872
0.703807969813136	0.550679297732671	-0.006244562518626394
0.704506340547014	0.975622861175309	-0.000704510569982837
0.705047577184674	0.440024277326068	-0.006210152710457921
0.705182108978241	0.0729194987504898	-0.0019413067174307312
0.705183032358467	0.116924952475136	-0.002891177929826685
0.705856051673948	0.162625748953676	-0.0037196768262336847
0.706515832126126	0.602568065794638	-0.0060517730871315414
0.706914251075013	0.902491444701237	-0.0024847551354787788
0.707282925214457	0.0243064995834966	-0.0006999882317717494
0.707308300422905	0.725230307590183	-0.005182894327701975
0.708843949234736	0.473414426784492	-0.006227754254273095
0.712640321284797	0.506804576242917	-0.006198548774136576
0.712898461736848	0.762712855372219	-0.00472721707017031
0.713188876574735	0.809474436344749	-0.004108132088254996
0.714568236648875	0.951245722350619	-0.001333881473341273
0.71460353755183	0.699368809191469	-0.005355203228540815
0.71591947375956	0.574521301049194	-0.00605085779543155
0.715944803725403	0.6750492291647	-0.005534997004525643
0.717162562714593	0.833611776781279	-0.0037131348295086544
0.717286069898977	0.65072964913793	-0.00568614579392831
0.718020589749059	0.0972259983339864	-0.0024371849578538715
0.71862733607255	0.62641006911116	-0.00580990226772384
0.71869360906454	0.142926794812526	-0.0033110123687767994
0.718754630546169	0.535405007874377	-0.0061042407314721705
0.719366628380021	0.188627591291066	-0.0040376352855728695
0.719884911758387	0.213324249543523	-0.004373698762225536
0.720121405985274	0.0486129991669932	-0.0013194350752068677
0.720403195136752	0.238020907795981	-0.004673651149135851
0.720868229968295	0.271077459828873	-0.0050243243961384555
0.721136248854451	0.857749117217808	-0.0032856203403186486
0.721333264799838	0.304134011861765	-0.005318693834121273
0.72222222222149	0.0	0.0
0.72222222222275	1.0	0.0
0.723275135791416	0.333751074030274	-0.005521472863737438
0.723837939347482	0.741098241580768	-0.004873439598192731
0.724128354185369	0.787859822553299	-0.0043250072634454986
0.724630132750743	0.926868583525928	-0.0018901023682122192
0.725109934994309	0.881886457654337	-0.0028239206026022096
0.725217006782994	0.363368136198783	-0.005682648111975026
0.725604219692877	0.391679847675809	-0.005816878054107966
0.72599143260276	0.419991559152836	-0.00591769449477119
0.728030977705985	0.598363304365716	-0.005829243614724634
0.729787804652821	0.45338170861126	-0.005954365158927416
0.730866134492593	0.559247011190899	-0.005915313337645711
0.731531166455132	0.123227840671376	-0.002887762569834871
0.732204185770613	0.168928637149916	-0.003654249264452874
0.732284118324605	0.975622861175309	-0.0006768512155100229
0.732959886756092	0.0729194987504898	-0.0018593924093832277
0.733584176702882	0.486771858069685	-0.005945524392449453
0.734777416958116	0.719483627789317	-0.004978300614619714
0.735060702992308	0.0243064995834966	-0.0006719706377348428
0.735067831796002	0.766245208761848	-0.00449621964497526
0.735358246633889	0.813006789734378	-0.003897253159025677
0.736118683131689	0.695164047762547	-0.005170676611369461
0.737045450542275	0.904277362398215	-0.0023293264540774445
0.737459949305263	0.670844467735778	-0.005334415680750768
0.738801215478836	0.646524887709008	-0.005470928887627506
0.739331932773747	0.837144130170908	-0.0035115577698837004
0.739698485964254	0.515372289701145	-0.005866184998286726
0.74014248165241	0.622205307682239	-0.005581452438118517
0.742346014426472	0.951245722350619	-0.0012756601105588417
0.742977638439018	0.583089014507422	-0.00569865059026297
0.743305618913605	0.861281470607437	-0.003094976646503936
0.744769717365631	0.0953306346266574	-0.0022881980009243634
0.745041743161204	0.149229683008766	-0.003257583178570113
0.745714762476685	0.194930479487306	-0.003923713846637996
0.745812795225626	0.543972721332605	-0.005754343640604019
0.746007309406636	0.744630594970397	-0.004623543707101913
0.746233045855051	0.219627137739763	-0.004229970866530154
0.746297724244523	0.791392175942928	-0.004095057287940636
0.746698080686594	0.252683689772656	-0.004589437430487461
0.747163115518137	0.285740241805548	-0.004893274837719977
0.74762815034968	0.31879679383844	-0.005145514227264749
0.747899183763125	0.0486129991669932	-0.0012595786473783546
0.749570021341258	0.348413856006949	-0.005311661370277742
0.749957234251141	0.376725567483976	-0.005453551242377131
0.749999999999341	0.0	0.0
0.750000000000328	1.0	0.0
0.750344447161024	0.405037278961002	-0.005563448891941353
0.750731660070907	0.433348990438028	-0.005642479367852682
0.754528032120968	0.466739139896453	-0.005651202916644717
0.754761332218004	0.928654501222905	-0.0017521393259531306
0.755089142385443	0.606931017823944	-0.005456117036704546
0.755241134461571	0.883672375351314	-0.0026344507088559704
0.756139938098514	0.705755999481673	-0.004861836168787503
0.757237201855156	0.769777562151477	-0.004246175402163229
0.757481204272088	0.681436419454903	-0.005025743454175208
0.757527616693043	0.816539143124007	-0.0036712917138353495
0.757924299172051	0.567814724649128	-0.005541349579936963
0.758205312335712	0.727080170521924	-0.004658935789250839
0.758280294071704	0.121332476964047	-0.002705775803918032
0.758552319867277	0.175231525346156	-0.003549570005399701
0.758822470445661	0.657116839428134	-0.005163109890424022
0.759709014372664	0.0710241350431608	-0.001727777370794902
0.760061896102202	0.975622861175309	-0.0006446150759655843
0.760163736619235	0.632797259401364	-0.0052752527316138375
0.76064234138234	0.495339571527913	-0.005584357281550929
0.761501302832901	0.840676483560537	-0.003297113857142826
0.762838480770158	0.0243064995834966	-0.0006393474431015255
0.766756650643712	0.523940003159373	-0.005486063423723004
0.767176650009537	0.906063280095192	-0.0021575257982102687
0.768467094303677	0.794924529332557	-0.00384777788324545
0.769435204784232	0.752227137703004	-0.0042993062611253645
0.770035803118476	0.59165672796565	-0.005302669776544765
0.771518844982203	0.0934352709193284	-0.002126749443106918
0.771790870777776	0.147334319301437	-0.003039635872905423
0.77206289657335	0.201233367683546	-0.003767047919687837
0.772477213893734	0.953031640047596	-0.0011616493613270668
0.772527931404893	0.234289919716438	-0.00413033312125434
0.772870959905084	0.552540434790833	-0.005357915100896599
0.772992966236436	0.267346471749331	-0.004438862322331203
0.773436818380867	0.863067388304414	-0.0028669147057009876
0.773458001067979	0.300403023782223	-0.004697076448551918
0.773923035899521	0.333459575815115	-0.004908675190984906
0.774310248809405	0.361771287292142	-0.005055300382245071
0.774648311379697	0.0467176354596642	-0.0011504426721763797
0.774697461719288	0.390082998769168	-0.00517151808283733
0.775084674629171	0.418394710246194	-0.005258575236609347
0.775110397352268	0.61752296954307	-0.005135744372796818
0.775471887539054	0.446706421723221	-0.0053174410246554825
0.777502459238912	0.692028371174028	-0.00469797274559522
0.777777777777192	0.0	0.0
0.777777777777932	1.0	0.0
0.778843725412486	0.667708791147259	-0.004834453579919639
0.77956783347611	0.713352542214279	-0.004515990828427773
0.779696986752197	0.820071496513637	-0.0034299602113168287
0.780184991586059	0.643389211120489	-0.004946567562397818
0.780665097232752	0.777374104884083	-0.003920149708946839
0.781586196800426	0.475306853354681	-0.0052604404981736515
0.781633207713308	0.73467671325453	-0.004316830387705467
0.784892531685267	0.930440418919882	-0.001602371622027201
0.784982463851509	0.576382438107356	-0.005121666948348405
0.785029421688276	0.119437113256718	-0.002506511161322824
0.785301447483849	0.173336161638827	-0.0032932134363292667
0.785372333928833	0.885458293048291	-0.0024234351539893606
0.786458141989236	0.0691287713358318	-0.001587505999242677
0.787700506061798	0.503907284986141	-0.005172943861162573
0.78958760838673	0.0224111358761676	-0.0005581054957368943
0.790057058085301	0.602248679684776	-0.004967158250258781
0.790193095569464	0.977408778872286	-0.0005615794687291573
0.791632502300163	0.842462401257514	-0.003026096612783259
0.791894989681273	0.802521072065163	-0.0035233262818699226
0.792863100161828	0.75982368043561	-0.0039545828599868525
0.79381481532317	0.532507716617601	-0.005056817843615419
0.795131652319092	0.628114921262195	-0.004791691037742615
0.797307849476799	0.907849197792169	-0.0019682467409527435
0.798267972598775	0.0915399072119994	-0.0019521708826311353
0.798539998394348	0.145438955594108	-0.002799551859764619
0.798864980379311	0.678300742866384	-0.004485588457678981
0.799929124584542	0.561108148249062	-0.004913751620299689
0.800206246552884	0.653981162839615	-0.0045958915512279205
0.800882008223198	0.220204214472331	-0.0036659353362760855
0.800930354616508	0.699624913906635	-0.0043231942450322565
0.801347043054741	0.253260766505223	-0.003964151278643611
0.801397438996269	0.0448222717523352	-0.0010370460068508042
0.801476027506826	0.34737834614958	-0.004582848205344835
0.801812077886284	0.286317318538115	-0.004214575936943757
0.801863240416709	0.375690057626606	-0.004700280305743153
0.802250453326592	0.404001769103632	-0.004790747956869725
0.802277112717827	0.319373870571008	-0.004421133974793035
0.802608413360996	0.954817557744573	-0.001041187629957549
0.802637666236475	0.432313480580659	-0.004855312294695238
0.802995728853706	0.720949084946886	-0.004145514440044477
0.803568017848129	0.864853306001391	-0.0026117928367646475
0.803699114868073	0.191834024196101	-0.003333790958560626
0.804092992610349	0.78497064761669	-0.003576185742175601
0.805003718818334	0.586974389826481	-0.0047700973327298914
0.805061103090904	0.742273255987137	-0.00395211366935468
0.805555555555043	0.0	0.0
0.805555555555563	1.0	0.0
0.806297644077877	0.460114130442686	-0.004837932648257926
0.808413036320825	0.821206140080156	-0.00313432220047792
0.810078313052125	0.612840631403901	-0.004606699958000323
0.811778549304848	0.117541749549389	-0.0022887766895038743
0.812411953339248	0.488714562074146	-0.004752088726767661
0.813207269605808	0.0672334076285028	-0.0014381866817530418
0.815023731152528	0.932226336616859	-0.001440013903021245
0.815152907285917	0.638706872981321	-0.004424350388629459
0.815503533396095	0.887244210745269	-0.0021890552933717454
0.816290995539425	0.767420223168217	-0.0035896149055753
0.816937665778572	0.163936818151382	-0.0028701610933248153
0.817365386164582	0.0224111358761676	-0.0005182192378312572
0.817970873347095	0.977408778872286	-0.0005212490890894896
0.818526262600621	0.517314993705607	-0.004639355981424922
0.820227501519709	0.66457311455874	-0.004223739971656381
0.820348551868791	0.843597044824033	-0.002744281628236996
0.820611039249901	0.803655715631683	-0.003190575362056907
0.822292875756907	0.685897285598991	-0.00407942566162356
0.824358249994105	0.707221456639242	-0.0039217161022954555
0.824640571861992	0.545915425337067	-0.004501663931637842
0.825017100215347	0.0896445435046704	-0.0017635093059666519
0.826222733394631	0.573816013279552	-0.004426558779586801
0.826423624231303	0.728545627679493	-0.0037503103647250832
0.827439048944061	0.909635115489146	-0.0017599151528322474
0.8284889984685	0.749869798719744	-0.0035648111372116186
0.82902901911413	0.361297116484044	-0.004185452110317397
0.82917521677412	0.0448222717523352	-0.0009529046648032825
0.829416232024013	0.38960882796107	-0.004275747543538021
0.829701119873047	0.239175061261115	-0.003461731942131933
0.829803444933896	0.417920539438097	-0.004342652626853385
0.829830104325131	0.333292640905472	-0.004051763079596381
0.83016615470459	0.272231613294008	-0.0036983703366990305
0.830176216689071	0.136039612106663	-0.002393949394800259
0.830386191138622	0.954817557744573	-0.0009558634364225769
0.830631189536133	0.3052881653269	-0.0038944097731228935
0.831297327628423	0.599682254856971	-0.004271752208610856
0.832284067416757	0.865987949567911	-0.0023484382072999355
0.832518226517921	0.210804870984886	-0.003181085995668152
0.832809042178977	0.786105291183209	-0.0032050155950681327
0.833333333332894	0.0	0.0
0.83333333333319	1.0	0.0
0.833463422775297	0.445721189300124	-0.004324016865253382
0.835335333162796	0.182434680708656	-0.0028725312323273078
0.836371921862215	0.625548496434391	-0.004099950768247672
0.837123400616699	0.473521839162152	-0.004282293762613454
0.837129085889453	0.822340783646675	-0.0028021269449651533
0.840985047383659	0.0672334076285028	-0.001305770258838872
0.841446516096007	0.651414738011811	-0.00391203824689616
0.842436238863991	0.677955861303396	-0.0037787556283406165
0.842801508930152	0.932226336616859	-0.0013053649577936298
0.843237709878071	0.502122270793612	-0.004169823004460988
0.843414767599571	0.108142406061944	-0.0019086772493375815
0.844219582964723	0.888378854311788	-0.0019493149200207958
0.844501613101189	0.699280032343647	-0.0036353594085082857
0.845007045108052	0.768554866734736	-0.0031789674947192005
0.845143163942432	0.0224111358761676	-0.00047227805243015177
0.845748651124713	0.977408778872286	-0.00047479707665064937
0.846566987338387	0.720604203383898	-0.0034800666687363493
0.847798680513863	0.0881975522761195	-0.0015931861575249997
0.848573884073295	0.154537474663937	-0.0024256846203511914
0.848632361575585	0.741928374424148	-0.0033126013221394727
0.849064601437419	0.844731688390553	-0.0024280793444501
0.849327088818528	0.804790359198202	-0.002817126188025965
0.849352019139443	0.530722702425072	-0.004034373878671555
0.85024454205329	0.911891591962116	-0.0015751212211472436
0.850934180672082	0.558623290367557	-0.003972238102547045
0.85251634220472	0.586523878310042	-0.0038918181712375094
0.856582010721433	0.375215886818509	-0.003714198175629259
0.856952994551971	0.0448222717523352	-0.0008560514566914906
0.856969223631317	0.403527598295535	-0.0037797830990615785
0.857383095932435	0.347211411239936	-0.00360607175806785
0.857590936438512	0.612390119887461	-0.003728415429973
0.858163968916243	0.954817557744573	-0.0008576441038804723
0.858184181143437	0.319206935661364	-0.003478283812095762
0.858520231522896	0.2581459080499	-0.0031504446884749533
0.858985266354439	0.291202460082792	-0.0033299277072413075
0.860629201472718	0.431328248157562	-0.0037563048791585106
0.861000116985384	0.86712259313443	-0.0020533154992868666
0.861111111110745	0.0	0.0
0.861111111110802	1.0	0.0
0.86133733816777	0.22977571777367	-0.002916857900680345
0.861525091747604	0.787239934749729	-0.002789137209388384
0.861812434983794	0.126640268619218	-0.0019746406672864997
0.862665530672304	0.638256361464881	-0.0035509949534195057
0.863655253440289	0.664797484756466	-0.0034387767279464676
0.863766627682175	0.0657864163999519	-0.0011609253327137248
0.864154444812644	0.201405527497441	-0.0026617768636932283
0.86428917931412	0.45912889801959	-0.0037119912510817587
0.864644976208274	0.691338608048051	-0.0033095699367657145
0.865150408215137	0.760613442439141	-0.002920634369419152
0.865607002039382	0.934482813089829	-0.001146551397970784
0.865845135458081	0.823475427213195	-0.0024296919274425363
0.866196347898087	0.106695414833393	-0.0016977220208989644
0.866710350445472	0.712662779088302	-0.003169630322886669
0.866971551457519	0.173035337221211	-0.002383757050591841
0.867025076073952	0.890635330784758	-0.001722573786635807
0.867949157155522	0.486929547881617	-0.003648416739834468
0.868775724682669	0.733986950128553	-0.0030194620117809483
0.870580260812379	0.0867505610475685	-0.0014100299244340798
0.872920941720284	0.0224111358761676	-0.00041921519770109016
0.87305003516252	0.914148068435086	-0.001379771158958215
0.873526428902335	0.977408778872286	-0.00042114147907988675
0.874063466416894	0.515529979513077	-0.0035118634849428255
0.875645627949532	0.543430567455562	-0.003459712184206773
0.877227789482171	0.571331155398047	-0.0033921330674145786
0.877780651006047	0.845866331957072	-0.002073563948677998
0.878043138387156	0.805925002764721	-0.0023989804990973648
0.878809951014809	0.599231743340532	-0.0033093685375685323
0.879734574850488	0.0433752805237843	-0.0007434899789280493
0.880210102368018	0.145138131176492	-0.001960780290502215
0.880969462025473	0.957074034217543	-0.0007316006347401548
0.881668454854689	0.779298510454134	-0.0025255194992949287
0.883805610094614	0.8693790696074	-0.0017804933413840566
0.883884545248601	0.625097984917952	-0.0031401034002335945
0.884135002328738	0.389134657152973	-0.003167056703230676
0.884594015282311	0.125193277390667	-0.0017184989922245447
0.884874268016586	0.651639108209537	-0.0030467862636930155
0.884936087539739	0.361130181574401	-0.003081666474050745
0.885293771322221	0.752672018143546	-0.0026192535377928964
0.885737172750741	0.333125705995829	-0.0029806427664459045
0.885863990784571	0.678180231501122	-0.0029394115920036265
0.886538257961743	0.305121230417256	-0.0028633766201438563
0.886548207980691	0.064339425171401	-0.0010063524294249646
0.886853713552556	0.704721354792707	-0.002817473783692277
0.887339343172745	0.277116754838684	-0.0027290456735862226
0.887794980170139	0.416935307015	-0.0031348800631580357
0.888412495148612	0.936739289562799	-0.0009807196757268886
0.888888888888426	1.0	0.0
0.888888888888596	0.0	0.0
0.888919087789754	0.726045525832958	-0.00268371666274811
0.888977928196603	0.105248423604843	-0.0014691728121706436
0.889830569183182	0.892891807257728	-0.001480191263368431
0.890156449817619	0.248746564562455	-0.0025372618284530803
0.891454958011541	0.444735956877028	-0.0030842663213367337
0.892973556462493	0.220376374286225	-0.0023302232902145253
0.893361841110896	0.0853035698190176	-0.0012123708859876905
0.894561185026708	0.824610070779714	-0.002012552714388517
0.895114935852943	0.472536606739055	-0.0030168905782463153
0.8957025220188	0.0209641446476167	-0.0003468292343965906
0.895790663107367	0.192006184009996	-0.002107253438610777
0.89585552827175	0.916404544908055	-0.00117259214521992
0.896331922011565	0.979665255345256	-0.00033567093010527794
0.898186501494241	0.797983578469126	-0.0021309639538036177
0.898607769752242	0.163635993733766	-0.0018672931033469117
0.898774913694344	0.500337256601082	-0.0029342666699654586
0.900357075226983	0.528237844543567	-0.0028889287101194435
0.900586144115276	0.848122808430042	-0.001751229523937766
0.901811817961773	0.771357086158538	-0.002216501294199996
0.901939236759622	0.556138432486052	-0.0028310350981988297
0.902516155149004	0.0419282892952334	-0.0006253353710146089
0.902991682666534	0.143691139947941	-0.0016553336240425378
0.90352139829226	0.584039020428537	-0.0027609734835235436
0.903774955134703	0.959330510690513	-0.0006031744959102692
0.905103559824898	0.611939608371022	-0.0026790133050902352
0.905437134429306	0.74473059384795	-0.0022730007026599075
0.906093282592883	0.638480731662607	-0.0026022968733473476
0.906611103203844	0.87163554608037	-0.0014868527521996531
0.907083005360868	0.665021854954192	-0.0025143983837859684
0.907375595580827	0.123746286162116	-0.0014397705701843398
0.908072728128853	0.691562978245778	-0.0024150290861202233
0.909062450896838	0.718104101537363	-0.0023037654818202067
0.909329788279208	0.06289243394285	-0.0008405206316666172
0.911217988257841	0.938995766035769	-0.0008068519176971553
0.911759508495119	0.103801432376292	-0.0012206786434821458
0.912636062292412	0.895148283730697	-0.001220186409262806
0.913101251746553	0.402962103975552	-0.002506951242958794
0.913101251746553	0.375184326197855	-0.00246176899989957
0.913902336957555	0.347179850619283	-0.002384762046288463
0.914703422168557	0.319175375040711	-0.0022958881801045826
0.915504507379558	0.263393121684442	-0.0020983073969442546
0.915504507379558	0.291170899462138	-0.0021946756033650754
0.916143421409412	0.0838565785904667	-0.0009979016050544892
0.916666666666296	1.0	0.0
0.916666666666447	0.0	0.0
0.916761229587955	0.430762753837579	-0.002447194155146874
0.918321614024433	0.235022931408212	-0.00192744008833133
0.918661021380979	0.918661021381025	-0.00095171392858244
0.920421207429357	0.458563403699606	-0.0023730943620998354
0.920920888770031	0.812901997529083	-0.0016539267803906375
0.920920888770031	0.840679775306934	-0.0014996168141570118
0.921138720669307	0.206652741131983	-0.0017464269320494384
0.923480299796651	0.0209641446476167	-0.00028105162786066866
0.923955827314181	0.178282550855753	-0.0015550178234259588
0.923955827314181	0.150504773078052	-0.0013996892079924965
0.924081185270758	0.486364053561634	-0.0022862319438758005
0.924081185270758	0.514141831339407	-0.0022861442187014874
0.924109699789444	0.979665255345256	-0.0002715880581391264
0.924546205237564	0.786275505218496	-0.0017130747267959485
0.925663346803397	0.542042419281892	-0.002234268347462842
0.926945847858599	0.864192512957262	-0.0012654650217043993
0.927245508336035	0.569943007224377	-0.0021731115029795874
0.928171521705096	0.759649012907908	-0.0017450386725825137
0.928339740228474	0.130559919292227	-0.0012128314740910697
0.928827669868674	0.625621372944713	-0.0020655679919058152
0.928827669868674	0.597843595166862	-0.0021030796574330163
0.929817392636659	0.652162496236298	-0.0019953743556535455
0.930293932926855	0.0419282892952334	-0.0004899773365287164
0.930807115404644	0.678703619527884	-0.0019169094013196165
0.931552732912596	0.959330510690513	-0.0004706891593601669
0.931796838172629	0.705244742819469	-0.001829996973861579
0.931796838172629	0.73302252059732	-0.0017532050938330829
0.932723653142766	0.110615065506402	-0.001026270215338164
0.932970806947167	0.88770525060759	-0.001034032235579373
0.937107566057059	0.0906702117205771	-0.0008405210175148673
0.937107566057059	0.06289243394285	-0.0006342523246402911
0.938995766035735	0.938995766035769	-0.0006039706562844908
0.938995766035735	0.911217988257918	-0.0008068528805588309
0.942067501164369	0.416789550798131	-0.0017602359611484895
0.942067501164369	0.361233995242737	-0.0016992645891805507
0.942067501164369	0.389011773020434	-0.001733777474500966
0.942868586375371	0.333229519664165	-0.001635134100137207
0.943669671586372	0.249669488530199	-0.0014331763269731833
0.943669671586372	0.305225044085593	-0.001563268634610679
0.943669671586372	0.277447266307896	-0.0015032831368173756
0.944444444444206	1.0	0.0
0.944444444444298	0.0	0.0
0.94572747900577	0.444590200660158	-0.001675852732271539
0.946486778231247	0.22129929825397	-0.0012893188200197405
0.947280592513354	0.828971702056304	-0.001103241633177201
0.947280592513354	0.801193924278453	-0.0012017779354662052
0.947280592513354	0.856749479834155	-0.0009899030490283737
0.949303884876121	0.19292910797774	-0.001141242844629701
0.949303884876121	0.137373552422337	-0.0009311372268843659
0.949303884876121	0.165151330200043	-0.0010435591499965925
0.949387456847172	0.50016862829992	-0.0015844878227215078
0.949387456847172	0.472390850522185	-0.0015812842664492794
0.949387456847172	0.527946406077733	-0.001581205578665344
0.950905908980887	0.774567431967865	-0.001203876927864797
0.950969618379811	0.555846994020218	-0.0015258833604651584
0.951258077574502	0.0209641446476167	-0.00020144600075683384
0.951887477567361	0.979665255345256	-0.00019399758575316362
0.952551779912449	0.639303137518405	-0.0014143424276245738
0.952551779912449	0.583747581962703	-0.0014646696569284503
0.952551779912449	0.611525359740554	-0.0014428177643541421
0.953305551601922	0.880262217484483	-0.0007915213783752279
0.953541502680434	0.66584426080999	-0.0013540059877354318
0.953687797790413	0.117428698636512	-0.0007756402359586164
0.954531225448419	0.692385384101575	-0.001288541619319526
0.954531225448419	0.747940939657277	-0.001184595334986692
0.954531225448419	0.720163161879426	-0.00124064461896024
0.958071710704706	0.0974838448506875	-0.0006253355127465274
0.958071710704706	0.0419282892952334	-0.0003268957663074128
0.958071710704706	0.069706067072958	-0.0004899773920809556
0.95933051069049	0.959330510690513	-0.0003107458596180779
0.95933051069049	0.903774955134811	-0.0006031730831899756
0.95933051069049	0.931552732912662	-0.00047068886843753285
0.971033750582184	0.375061442065316	-0.0008984385817436905
0.971033750582184	0.430616997620709	-0.0009251104500707073
0.971033750582184	0.347283664287619	-0.0008789678521701154
0.971033750582184	0.402839219843013	-0.00091376221855814
0.971834835793186	0.235945855375957	-0.0007338859519908914
0.971834835793186	0.319279188709047	-0.0008323451953487305
0.971834835793186	0.29150141093135	-0.0008045754822382389
0.971834835793186	0.263723633153653	-0.0007719065190564998
0.97222222222213	1.0	0.0
0.972222222222149	0.0	0.0
0.973640296256677	0.817263628805673	-0.0006047983773959549
0.973640296256677	0.789485851027822	-0.0006516469222343606
0.973640296256677	0.872819184361375	-0.0004885474770450221
0.973640296256677	0.845041406583524	-0.0005508433314808337
0.97465194243806	0.207575665099727	-0.0006233846638019683
0.97465194243806	0.124242331766623	-0.00046409299729729205
0.97465194243806	0.152020109544334	-0.0005249551217970036
0.97465194243806	0.179797887322031	-0.000577640747741455
0.974693728423586	0.458417647482736	-0.0008192618878783702
0.974693728423586	0.541750980816058	-0.0008192321095155525
0.974693728423586	0.486195425260433	-0.0008225129732668303
0.974693728423586	0.513973203038207	-0.000822503099221903
0.976275889956225	0.652984902092096	-0.00072573013009194
0.976275889956225	0.569651568758543	-0.0007636451120651659
0.976275889956225	0.597429346536394	-0.0007543136604995542
0.976275889956225	0.625207124314245	-0.0007417225715903124
0.97726561272421	0.679526025383681	-0.0006786886700206927
0.97726561272421	0.762859358717234	-0.0005996807263249788
0.97726561272421	0.707303803161532	-0.0006564199217753332
0.97726561272421	0.735081580939383	-0.0006302054830975558
0.979035855352353	0.104297477980798	-0.00034682913404778247
0.979035855352353	0.0209641446476167	-0.00010039129771208022
0.979035855352353	0.0487419224253399	-0.00020144600531767198
0.979035855352353	0.0765197002030638	-0.00028105164018602603
0.979665255345245	0.979665255345256	-9.526149989706066e-5
0.979665255345245	0.896331922011703	-0.0003356695179523222
0.979665255345245	0.924109699789554	-0.00027158757749882106
0.979665255345245	0.951887477567405	-0.0001939974341125633
1.0	0.0	0.0
1.0	1.0	0.0
1.0	0.111111111110908	0.0
1.0	0.222222222221714	0.0
1.0	0.333333333332501	0.0
1.0	0.444444444443288	0.0
1.0	0.555555555554383	0.0
1.0	0.666666666665787	0.0
1.0	0.777777777777192	0.0
1.0	0.888888888888596	0.0
1.0	0.0277777777777253	0.0
1.0	0.0555555555554422	0.0
1.0	0.0833333333331731	0.0
1.0	0.138888888888624	0.0
1.0	0.166666666666321	0.0
1.0	0.194444444444018	0.0
1.0	0.249999999999411	0.0
1.0	0.277777777777108	0.0
1.0	0.305555555554804	0.0
1.0	0.361111111110198	0.0
1.0	0.388888888887894	0.0
1.0	0.416666666665591	0.0
1.0	0.472222222220985	0.0
1.0	0.499999999998681	0.0
1.0	0.527777777776532	0.0
1.0	0.583333333332234	0.0
1.0	0.611111111110085	0.0
1.0	0.638888888887936	0.0
1.0	0.694444444443639	0.0
1.0	0.72222222222149	0.0
1.0	0.749999999999341	0.0
1.0	0.805555555555043	0.0
1.0	0.833333333332894	0.0
1.0	0.861111111110745	0.0
1.0	0.916666666666447	0.0
1.0	0.944444444444298	0.0
1.0	0.972222222222149	0.0
