1 1 1 1 86 122 135 92 98 111 126 130 120 107 91 89 102 113 117 104
2 1 1 1 84 92 135 121 88 90 107 120 129 125 110 97 101 103 116 112
3 1 1 1 86 92 47 55 89 91 80 68 52 53 65 74 76 78 67 66
4 1 1 1 3 4 55 47 8 9 24 38 53 52 32 18 22 23 37 36
5 1 1 1 61 84 121 109 71 79 97 110 118 114 96 83 85 93 105 99
6 1 1 1 60 108 122 86 82 95 115 119 111 98 81 72 87 100 106 94
7 1 1 1 5 1 60 41 12 13 26 43 57 45 28 14 16 25 40 30
8 1 1 1 155 163 206 203 159 161 179 194 213 214 189 174 175 177 192 190
9 1 1 1 154 202 204 164 173 188 207 208 195 180 162 160 176 191 193 178
10 1 1 1 2 3 47 51 6 7 18 32 48 49 35 21 20 19 33 34
11 1 1 1 109 121 163 155 114 118 133 148 161 159 139 124 127 131 144 142
12 1 1 1 205 169 164 204 200 185 168 166 180 195 209 210 199 184 182 197
13 1 1 1 2 51 84 61 21 35 62 73 79 71 44 27 39 50 69 56
14 1 1 1 205 206 163 170 211 212 194 179 165 167 186 201 198 196 181 183
15 1 1 1 4 5 41 55 10 11 14 28 42 46 38 24 17 15 29 31
16 1 1 1 108 154 164 122 123 138 160 162 149 134 119 115 128 143 147 132
17 1 1 1 92 84 51 47 90 88 73 62 49 48 68 80 77 75 63 64
18 1 1 1 60 86 55 41 72 81 74 65 46 42 45 57 59 70 58 54
19 1 1 1 135 170 163 121 146 157 167 165 148 133 125 129 140 152 150 136
20 1 1 1 135 122 164 169 130 126 134 149 166 168 156 145 141 137 151 153
21 1 1 1 205 170 135 169 201 186 157 146 145 156 185 200 187 172 158 171
