1 1 1 1 98 123 133 88 108 125 112 93 110
2 1 1 1 332 337 380 375 334 358 377 354 356
3 1 1 1 348 325 382 386 341 349 384 369 363
4 1 1 1 238 248 289 291 244 268 290 263 264
5 1 1 1 416 382 375 415 403 381 396 424 402
6 1 1 1 259 295 325 288 277 308 304 275 296
7 1 1 1 224 211 166 179 217 188 171 202 195
8 1 1 1 414 380 376 413 401 378 397 422 399
9 1 1 1 333 337 289 286 335 315 287 311 312
10 1 1 1 251 258 301 298 254 280 300 272 278
11 1 1 1 83 57 82 100 66 64 87 92 79
12 1 1 1 375 382 325 332 381 349 327 354 352
13 1 1 1 348 386 417 370 369 407 391 367 390
14 1 1 1 417 418 387 370 426 408 373 391 394
15 1 1 1 256 279 273 236 270 276 253 249 257
16 1 1 1 236 273 258 224 253 267 242 232 250
17 1 1 1 236 224 179 204 232 202 189 220 209
18 1 1 1 95 50 54 88 73 53 70 91 71
19 1 1 1 382 416 417 386 403 425 407 384 405
20 1 1 1 48 46 5 6 47 25 14 27 26
21 1 1 1 239 282 286 245 260 285 265 243 262
22 1 1 1 122 104 60 83 115 81 69 101 90
23 1 1 1 245 207 199 239 226 203 218 243 223
24 1 1 1 54 50 8 9 53 29 17 33 32
25 1 1 1 389 387 418 419 388 408 427 410 409
26 1 1 1 52 97 89 48 75 94 68 49 72
27 1 1 1 50 52 7 8 51 31 16 29 30
28 1 1 1 288 256 221 259 274 237 241 275 255
29 1 1 1 325 295 291 332 308 293 313 327 310
30 1 1 1 153 199 207 169 177 203 186 161 183
31 1 1 1 205 221 173 180 216 198 176 191 194
32 1 1 1 146 187 205 180 168 196 191 164 181
33 1 1 1 238 205 187 214 222 196 201 227 213
34 1 1 1 89 97 146 136 94 121 140 114 118
35 1 1 1 380 414 415 375 401 423 396 377 398
36 1 1 1 221 205 238 259 216 222 252 241 234
37 1 1 1 173 136 146 180 156 140 164 176 159
38 1 1 1 133 123 153 169 125 139 161 150 143
39 1 1 1 6 7 52 48 15 31 49 27 28
40 1 1 1 259 238 291 295 252 263 293 277 271
41 1 1 1 48 89 85 46 68 86 65 47 67
42 1 1 1 46 43 4 5 45 23 13 25 24
43 1 1 1 136 129 85 89 134 106 86 114 111
44 1 1 1 50 95 97 52 73 96 75 51 74
45 1 1 1 146 137 174 187 141 157 182 168 163
46 1 1 1 97 95 137 146 96 117 141 121 119
47 1 1 1 104 122 166 154 115 144 160 131 138
48 1 1 1 211 200 154 166 206 178 160 188 184
49 1 1 1 413 376 372 411 397 374 393 421 395
50 1 1 1 332 291 289 337 313 290 315 334 314
51 1 1 1 236 204 221 256 220 215 237 249 231
52 1 1 1 283 298 339 330 292 319 338 307 317
53 1 1 1 153 123 98 103 139 108 99 130 120
54 1 1 1 224 258 251 211 242 254 233 217 235
55 1 1 1 95 88 133 137 91 112 135 117 113
56 1 1 1 174 169 207 210 172 186 208 193 190
57 1 1 1 122 132 179 166 124 155 171 144 149
58 1 1 1 325 348 318 288 341 336 302 304 321
59 1 1 1 59 56 10 1 58 35 19 38 37
60 1 1 1 3 40 60 2 20 42 39 11 22
61 1 1 1 371 383 420 412 379 404 429 392 400
62 1 1 1 200 211 251 240 206 233 247 219 225
63 1 1 1 256 288 318 279 274 302 299 270 281
64 1 1 1 126 129 165 158 127 147 162 142 145
65 1 1 1 248 245 286 289 246 265 287 268 266
66 1 1 1 342 344 387 389 343 368 388 365 366
67 1 1 1 4 43 82 57 23 62 64 36 44
68 1 1 1 83 100 132 122 92 116 124 101 107
69 1 1 1 238 214 210 248 227 212 230 244 229
70 1 1 1 329 372 376 333 350 374 355 331 353
71 1 1 1 221 204 165 173 215 185 170 198 192
72 1 1 1 187 174 210 214 182 193 212 201 197
73 1 1 1 282 329 333 286 306 331 311 285 309
74 1 1 1 179 132 126 158 155 128 142 167 148
75 1 1 1 169 174 137 133 172 157 135 150 152
76 1 1 1 305 301 258 273 303 280 267 294 284
77 1 1 1 245 248 210 207 246 230 208 226 228
78 1 1 1 339 298 301 342 319 300 322 340 320
79 1 1 1 330 339 383 371 338 360 379 351 359
80 1 1 1 4 57 40 3 36 41 20 12 21
81 1 1 1 103 98 56 59 99 77 58 80 78
82 1 1 1 136 173 165 129 156 170 147 134 151
83 1 1 1 370 346 318 348 361 328 336 367 347
84 1 1 1 179 158 165 204 167 162 185 189 175
85 1 1 1 419 420 383 389 428 404 385 410 406
86 1 1 1 9 10 56 54 18 35 55 33 34
87 1 1 1 273 279 318 305 276 299 316 294 297
88 1 1 1 298 283 240 251 292 261 247 272 269
89 1 1 1 301 305 344 342 303 324 343 322 323
90 1 1 1 46 85 82 43 65 84 62 45 63
91 1 1 1 342 389 383 339 365 385 360 340 362
92 1 1 1 60 40 57 83 42 41 66 69 61
93 1 1 1 88 54 56 98 70 55 77 93 76
94 1 1 1 337 333 376 380 335 355 378 358 357
95 1 1 1 344 305 318 346 324 316 328 345 326
96 1 1 1 370 387 344 346 373 368 345 361 364
97 1 1 1 129 126 82 85 127 102 84 106 105
98 1 1 1 132 100 82 126 116 87 102 128 109
