1 1 1 1 40 58 63 45 49 60 54 44 51
2 1 1 1 39 45 63 57 43 54 59 48 50
3 1 1 1 40 45 22 28 44 36 26 33 35
4 1 1 1 3 4 28 22 7 17 26 12 16
5 1 1 1 31 39 57 53 37 48 55 42 46
6 1 1 1 30 52 58 40 41 56 49 38 47
7 1 1 1 5 1 30 20 9 18 25 10 15
8 1 1 1 73 76 97 94 74 87 101 84 85
9 1 1 1 72 93 95 77 83 98 88 75 86
10 1 1 1 2 3 22 24 6 12 23 14 13
11 1 1 1 53 57 76 73 55 66 74 62 64
12 1 1 1 96 80 77 95 91 79 88 99 90
13 1 1 1 2 24 39 31 14 32 37 19 27
14 1 1 1 96 97 76 81 100 87 78 92 89
15 1 1 1 4 5 20 28 8 10 21 17 11
16 1 1 1 52 72 77 58 61 75 67 56 65
17 1 1 1 45 39 24 22 43 32 23 36 34
18 1 1 1 30 40 28 20 38 33 21 25 29
19 1 1 1 63 81 76 57 71 78 66 59 68
20 1 1 1 63 58 77 80 60 67 79 70 69
21 1 1 1 96 81 63 80 92 71 70 91 82
