1 1 1 1 29 34 38 25
2 1 1 1 89 91 102 100
3 1 1 1 96 86 103 105
4 1 1 1 64 68 79 80
5 1 1 1 113 103 100 112
6 1 1 1 72 81 86 78
7 1 1 1 62 59 46 50
8 1 1 1 111 102 101 110
9 1 1 1 90 91 79 77
10 1 1 1 69 71 83 82
11 1 1 1 23 19 22 30
12 1 1 1 100 103 86 89
13 1 1 1 96 105 114 97
14 1 1 1 114 115 106 97
15 1 1 1 70 74 73 63
16 1 1 1 63 73 71 62
17 1 1 1 63 62 50 55
18 1 1 1 27 15 17 25
19 1 1 1 103 113 114 105
20 1 1 1 14 13 5 6
21 1 1 1 65 75 77 67
22 1 1 1 33 32 21 23
23 1 1 1 67 57 53 65
24 1 1 1 17 15 8 9
25 1 1 1 107 106 115 116
26 1 1 1 16 28 26 14
27 1 1 1 15 16 7 8
28 1 1 1 78 70 61 72
29 1 1 1 86 81 80 89
30 1 1 1 42 53 57 47
31 1 1 1 56 61 48 51
32 1 1 1 41 52 56 51
33 1 1 1 64 56 52 60
34 1 1 1 26 28 41 39
35 1 1 1 102 111 112 100
36 1 1 1 61 56 64 72
37 1 1 1 48 39 41 51
38 1 1 1 38 34 42 47
39 1 1 1 6 7 16 14
40 1 1 1 72 64 80 81
41 1 1 1 14 26 24 13
42 1 1 1 13 12 4 5
43 1 1 1 39 36 24 26
44 1 1 1 15 27 28 16
45 1 1 1 41 40 49 52
46 1 1 1 28 27 40 41
47 1 1 1 32 33 46 43
48 1 1 1 59 54 43 46
49 1 1 1 110 101 99 108
50 1 1 1 89 80 79 91
51 1 1 1 63 55 61 70
52 1 1 1 76 82 92 88
53 1 1 1 42 34 29 31
54 1 1 1 62 71 69 59
55 1 1 1 27 25 38 40
56 1 1 1 49 47 57 58
57 1 1 1 33 37 50 46
58 1 1 1 86 96 85 78
59 1 1 1 20 18 10 1
60 1 1 1 3 11 21 2
61 1 1 1 98 104 117 109
62 1 1 1 54 59 69 66
63 1 1 1 70 78 85 74
64 1 1 1 35 36 45 44
65 1 1 1 68 67 77 79
66 1 1 1 93 94 106 107
67 1 1 1 4 12 22 19
68 1 1 1 23 30 37 33
69 1 1 1 64 60 58 68
70 1 1 1 87 99 101 90
71 1 1 1 61 55 45 48
72 1 1 1 52 49 58 60
73 1 1 1 75 87 90 77
74 1 1 1 50 37 35 44
75 1 1 1 47 49 40 38
76 1 1 1 84 83 71 73
77 1 1 1 67 68 58 57
78 1 1 1 92 82 83 93
79 1 1 1 88 92 104 98
80 1 1 1 4 19 11 3
81 1 1 1 31 29 18 20
82 1 1 1 39 48 45 36
83 1 1 1 97 95 85 96
84 1 1 1 50 44 45 55
85 1 1 1 116 117 104 107
86 1 1 1 9 10 18 17
87 1 1 1 73 74 85 84
88 1 1 1 82 76 66 69
89 1 1 1 83 84 94 93
90 1 1 1 13 24 22 12
91 1 1 1 93 107 104 92
92 1 1 1 21 11 19 23
93 1 1 1 25 17 18 29
94 1 1 1 91 90 101 102
95 1 1 1 94 84 85 95
96 1 1 1 97 106 94 95
97 1 1 1 36 35 22 24
98 1 1 1 37 30 22 35
