1 1 1 1 204 267 285 191 222 245 271 279 255 219 194 199 221 248 251 220
2 1 1 1 729 737 834 826 733 735 771 803 831 829 796 764 767 769 801 799
3 1 1 1 776 716 838 845 751 741 753 790 840 843 819 792 785 773 806 814
4 1 1 1 523 541 634 638 529 534 570 602 635 636 595 556 559 565 599 597
5 1 1 1 915 838 826 914 899 869 835 833 857 887 926 927 896 866 864 894
6 1 1 1 575 641 716 632 591 616 662 689 686 660 613 588 617 646 667 644
7 1 1 1 491 461 361 385 477 470 429 395 370 378 420 455 448 437 402 413
8 1 1 1 913 834 828 912 895 865 832 830 859 889 922 923 893 863 861 891
9 1 1 1 731 737 634 630 734 736 705 672 633 631 665 698 700 703 671 668
10 1 1 1 548 573 658 648 551 563 603 628 654 651 612 577 583 590 621 618
11 1 1 1 179 115 176 211 155 131 128 151 183 202 205 189 175 149 172 182
12 1 1 1 826 838 716 729 833 835 790 753 719 722 764 796 794 793 757 760
13 1 1 1 776 845 916 820 792 819 876 905 881 851 809 787 818 850 874 841
14 1 1 1 916 917 846 820 930 931 906 877 836 821 851 881 882 897 867 852
15 1 1 1 560 614 592 519 578 594 608 604 571 546 531 547 568 584 576 550
16 1 1 1 519 592 573 491 546 571 585 579 545 518 497 509 533 555 549 522
17 1 1 1 519 491 385 443 509 497 455 420 404 424 469 493 479 468 436 453
18 1 1 1 197 104 110 191 167 137 108 109 133 160 193 196 164 135 134 162
19 1 1 1 838 915 916 845 869 899 928 929 905 876 843 840 871 901 903 873
20 1 1 1 100 96 5 6 98 97 65 36 17 18 39 69 68 66 37 38
21 1 1 1 524 622 630 536 553 586 624 627 598 566 530 528 558 589 593 561
22 1 1 1 265 225 119 179 252 239 186 153 143 157 208 236 217 206 174 187
23 1 1 1 536 451 431 524 506 478 446 440 466 495 528 530 502 476 472 500
24 1 1 1 110 104 8 9 109 108 73 43 23 24 49 79 78 77 47 48
25 1 1 1 849 846 917 918 848 847 877 906 932 933 909 880 879 878 907 908
26 1 1 1 107 203 192 100 140 170 198 195 161 130 101 102 136 166 163 132
27 1 1 1 104 107 7 8 105 106 76 46 21 22 43 73 74 75 45 44
28 1 1 1 632 560 484 575 610 581 537 511 515 544 588 613 582 557 538 562
29 1 1 1 716 641 638 729 689 662 640 639 675 701 722 719 692 664 669 695
30 1 1 1 331 431 451 364 366 399 440 446 423 393 354 345 375 407 416 386
31 1 1 1 449 484 381 389 459 473 450 417 382 384 406 426 434 442 414 410
32 1 1 1 318 408 449 389 350 380 422 433 426 406 363 342 369 394 412 390
33 1 1 1 523 449 408 464 501 474 433 422 427 447 485 504 481 458 445 465
34 1 1 1 192 203 318 291 195 198 240 283 310 299 259 229 232 235 270 266
35 1 1 1 834 913 914 826 865 895 924 925 887 857 829 831 862 892 890 860
36 1 1 1 484 449 523 575 473 459 474 501 543 552 544 515 499 490 517 527
37 1 1 1 381 291 318 389 352 323 299 310 342 363 384 382 357 326 335 359
38 1 1 1 285 267 331 364 279 271 290 313 345 354 337 311 304 294 322 327
39 1 1 1 6 7 107 100 19 20 46 76 102 101 69 39 40 41 71 70
40 1 1 1 575 523 638 641 552 543 556 595 639 640 616 591 580 572 605 611
41 1 1 1 100 192 184 96 130 161 190 188 156 126 97 98 129 159 158 127
42 1 1 1 96 92 4 5 94 93 61 32 15 16 36 65 63 62 33 34
43 1 1 1 291 281 184 192 289 286 247 216 188 190 229 259 256 253 218 223
44 1 1 1 104 197 203 107 137 167 200 201 170 140 106 105 138 168 169 139
45 1 1 1 318 293 383 408 312 303 325 355 392 398 380 350 341 333 362 373
46 1 1 1 203 197 293 318 201 200 231 264 303 312 283 240 238 233 268 274
47 1 1 1 225 265 361 332 239 252 298 330 353 343 296 262 272 287 320 307
48 1 1 1 461 432 332 361 452 444 400 367 343 353 395 429 419 411 376 388
49 1 1 1 912 828 823 910 889 859 825 824 854 884 920 921 886 856 855 885
50 1 1 1 729 638 634 737 701 675 636 635 672 705 735 733 702 674 673 704
51 1 1 1 519 443 484 560 493 469 456 471 511 537 547 531 508 483 494 521
52 1 1 1 623 648 743 724 629 643 680 710 739 730 691 656 663 676 708 697
53 1 1 1 331 267 204 224 313 290 245 222 209 214 261 295 284 263 237 249
54 1 1 1 491 573 548 461 518 545 563 551 520 492 470 477 505 535 526 498
55 1 1 1 197 191 285 293 196 193 219 255 288 292 264 231 230 227 257 260
56 1 1 1 383 364 451 460 377 372 393 423 454 457 435 409 403 397 425 430
57 1 1 1 265 282 385 361 269 273 316 351 378 370 330 298 302 309 346 336
58 1 1 1 716 776 688 632 741 751 746 717 678 652 660 686 711 725 706 681
59 1 1 1 118 114 10 1 117 116 83 52 27 28 56 87 86 85 54 55
60 1 1 1 3 82 119 2 29 58 90 103 88 57 11 12 31 60 72 42
61 1 1 1 822 839 919 911 827 837 870 900 936 937 883 853 858 868 898 888
62 1 1 1 432 461 548 525 444 452 492 520 542 532 496 467 475 482 514 503
63 1 1 1 560 632 688 614 581 610 652 678 666 645 594 578 606 625 649 619
64 1 1 1 275 281 360 340 276 278 306 334 356 348 319 297 300 305 328 324
65 1 1 1 541 536 630 634 540 539 566 598 631 633 602 570 569 567 600 601
66 1 1 1 747 750 846 849 748 749 786 817 847 848 813 779 781 784 816 815
67 1 1 1 4 92 176 115 32 61 122 148 151 128 84 53 67 91 123 99
68 1 1 1 179 211 282 265 189 205 234 258 273 269 236 208 215 228 250 242
69 1 1 1 523 464 460 541 504 485 463 462 489 516 534 529 507 487 488 512
70 1 1 1 723 823 828 731 758 788 824 825 798 766 728 726 761 791 795 762
71 1 1 1 484 443 360 381 471 456 418 391 368 374 417 450 439 428 396 405
72 1 1 1 408 383 460 464 398 392 409 435 462 463 447 427 421 415 438 441
73 1 1 1 622 723 731 630 655 690 726 728 698 665 627 624 659 694 696 661
74 1 1 1 385 282 275 340 351 316 280 277 297 319 358 371 339 308 301 329
75 1 1 1 364 383 293 285 372 377 355 325 292 288 311 337 344 349 321 315
76 1 1 1 679 658 573 592 677 670 628 603 579 585 620 650 647 642 609 615
77 1 1 1 536 541 460 451 539 540 516 489 457 454 478 506 510 513 486 480
78 1 1 1 743 648 658 747 710 680 651 654 687 718 745 744 713 682 684 715
79 1 1 1 724 743 839 822 730 739 774 807 837 827 789 759 765 772 805 797
80 1 1 1 4 115 82 3 53 84 95 89 58 29 13 14 35 64 59 30
81 1 1 1 224 204 114 118 214 209 173 145 116 117 152 185 180 177 146 147
82 1 1 1 291 381 360 281 323 352 374 368 334 306 286 289 317 347 338 314
83 1 1 1 820 755 688 776 804 778 740 714 717 746 787 809 782 756 742 763
84 1 1 1 385 340 360 443 371 358 348 356 391 418 424 404 387 365 379 401
85 1 1 1 918 919 839 849 934 935 900 870 842 844 880 909 904 902 872 875
86 1 1 1 9 10 114 110 25 26 52 83 113 112 79 49 50 51 81 80
87 1 1 1 592 614 688 679 604 608 645 666 685 683 650 620 626 637 657 653
88 1 1 1 648 623 525 548 643 629 587 554 532 542 577 612 607 596 564 574
89 1 1 1 658 679 750 747 670 677 707 727 749 748 718 687 693 699 721 720
90 1 1 1 96 184 176 92 126 156 181 178 148 122 93 94 125 154 150 124
91 1 1 1 747 849 839 743 779 813 844 842 807 774 744 745 777 812 810 775
92 1 1 1 119 82 115 179 103 90 89 95 131 155 157 143 121 111 120 144
93 1 1 1 191 110 114 204 160 133 112 113 145 173 199 194 165 141 142 171
94 1 1 1 737 731 828 834 736 734 766 798 830 832 803 771 770 768 800 802
95 1 1 1 750 679 688 755 727 707 683 685 714 740 754 752 732 709 712 738
96 1 1 1 820 846 750 755 821 836 817 786 752 754 778 804 808 811 783 780
97 1 1 1 281 275 176 184 278 276 241 207 178 181 216 247 244 243 210 212
98 1 1 1 282 211 176 275 258 234 202 183 207 241 277 280 254 226 213 246
