1 0 0 0
2 0 1 0
3 0 0.750000000000347 0
4 0 0.500000000002059 0
5 0 0.250000000001041 0
6 0.142952055356073 0.227443717828795 0
7 0.194822605616256 0.624883410773026 0
8 0.195993988133198 0.79136047422811 0
9 0.205964290351489 0.37889593373565 0
10 0.249999999999411 0 0
11 0.250000000001041 1 0
12 0.364093191302119 0.786768762272498 0
13 0.366278912087993 0.298214440330991 0
14 0.392632265886836 0.550512061298257 0
15 0.499999999998692 0 0
16 0.500000000002059 1 0
17 0.568294796107157 0.775737105658644 0
18 0.570325550277134 0.248154724199721 0
19 0.641881345506598 0.515699437090491 0
20 0.749999999999341 0 0
21 0.750000000000347 1 0
22 0.784024029303089 0.774655187506302 0
23 0.784698292349124 0.232231574587558 0
24 0.807556103669757 0.396970241868686 0
25 0.80785917015497 0.610743476112066 0
26 1 0 0
27 1 1 0
28 1 0.249999999999411 0
29 1 0.499999999998692 0
30 1 0.749999999999341 0
