1 0 0 0
2 0 1 0
3 0 0.750000000000347 0
4 0 0.500000000002059 0
5 0 0.250000000001041 0
6 0 0.916666666666745 0
7 0 0.833333333333473 0
8 0 0.666666666667582 0
9 0 0.58333333333479 0
10 0 0.416666666668386 0
11 0 0.333333333334713 0
12 0 0.16666666666736 0
13 0 0.0833333333336802 0
14 0.0476506851186909 0.242481239276959 0
15 0.054652044562626 0.314864818822391 0
16 0.0595449011901844 0.161654159517972 0
17 0.0616534040065612 0.387248398367824 0
18 0.0649408685387519 0.708294470257907 0
19 0.0650710221517455 0.782347477308333 0
20 0.0652011757647392 0.856400484358858 0
21 0.0653313293777328 0.93045349140937 0
22 0.0661788335093333 0.625406972809688 0
23 0.0674167984799148 0.542519475361452 0
24 0.0686547634504963 0.459631977913256 0
25 0.0714391172616779 0.0808270797589863 0
26 0.0833333333331714 0 0
27 0.0833333333336802 1 0
28 0.0953013702373818 0.234962478552877 0
29 0.109304089125252 0.296396304310069 0
30 0.119089802380361 0.156641652368585 0
31 0.123306808013122 0.357830130067261 0
32 0.129881737077504 0.666588940515466 0
33 0.130142044303491 0.731361621283193 0
34 0.130402351529478 0.79613430205097 0
35 0.130662658755466 0.86090698281874 0
36 0.132357667018667 0.584147278951795 0
37 0.13483359695983 0.501705617388113 0
38 0.137309526900993 0.419263955824453 0
39 0.139564574174511 0.92994330119208 0
40 0.142878234523341 0.0783208261842923 0
41 0.142952055356073 0.227443717828795 0
42 0.163956133687878 0.277927789797747 0
43 0.16666666666632 0 0
44 0.16666666666736 1 0
45 0.178634703570519 0.151629145219197 0
46 0.184960212019683 0.328411861766699 0
47 0.194822605616256 0.624883410773026 0
48 0.195213066455237 0.680375765258054 0
49 0.195603527294218 0.735868119743082 0
50 0.195795815015341 0.85988660238416 0
51 0.195993988133198 0.79136047422811 0
52 0.198536500528 0.542887585093901 0
53 0.202250395439744 0.460891759414775 0
54 0.205557301579343 0.218420131013052 0
55 0.205964290351489 0.37889593373565 0
56 0.213797818971289 0.92943311097479 0
57 0.214317351784965 0.0758145726095984 0
58 0.232479899588167 0.285211116806908 0
59 0.247158469470807 0.158912472228358 0
60 0.249999999999411 0 0
61 0.250000000001041 1 0
62 0.252027055856172 0.78982990357624 0
63 0.254937756917375 0.726584256033527 0
64 0.257848457978579 0.663338608490815 0
65 0.25940249759699 0.352002102600764 0
66 0.259854718077921 0.43469905538321 0
67 0.260306938558852 0.517396008165657 0
68 0.260759159039782 0.600092960948103 0
69 0.260928971275217 0.858866221949579 0
70 0.27999958715665 0.242010371847118 0
71 0.288031063768067 0.928922920757499 0
72 0.288759637362272 0.0994048134436639 0
73 0.308060123579145 0.788299332924369 0
74 0.312840704842492 0.325108271465878 0
75 0.314271986540533 0.717300392323972 0
76 0.317459040716098 0.408506351351645 0
77 0.320483849501921 0.646301451723576 0
78 0.322077376589703 0.491904431237413 0
79 0.326062127535093 0.857845841514999 0
80 0.326695712463309 0.57530251112318 0
81 0.327519274725132 0.198809626887328 0
82 0.333333333332505 0 0
83 0.333333333334713 1 0
84 0.364093191302119 0.786768762272498 0
85 0.366275686524408 0.927697181133738 0
86 0.366278912087993 0.298214440330991 0
87 0.36698704160535 0.0938426227624116 0
88 0.373606216163691 0.708016528614418 0
89 0.375063363354274 0.38231364732008 0
90 0.383119241025264 0.629264294956337 0
91 0.383847814620555 0.466412854309169 0
92 0.392632265886836 0.550512061298257 0
93 0.399218039714103 0.855394362267475 0
94 0.400640749878195 0.187685245524823 0
95 0.416666666665598 0 0
96 0.416666666668386 1 0
97 0.432160392903798 0.783091543401213 0
98 0.43429445815104 0.281527868287235 0
99 0.44452030928075 0.926471441509976 0
100 0.445214445848428 0.0882804320811593 0
101 0.446678692744784 0.701696980010476 0
102 0.448101402909612 0.367321196601157 0
103 0.461196992585771 0.620302416619739 0
104 0.461908347668185 0.453114524915079 0
105 0.472373951893114 0.852942883019952 0
106 0.473762225031257 0.176560864162319 0
107 0.475715292426757 0.538907853229002 0
108 0.499999999998692 0 0
109 0.500000000002059 1 0
110 0.500227594505478 0.779414324529928 0
111 0.502310004214087 0.264841296243478 0
112 0.519751169325878 0.695377431406535 0
113 0.521139442464951 0.352328745882234 0
114 0.522764932037092 0.925245701886214 0
115 0.523441850091506 0.082718241399907 0
116 0.539274744146278 0.61134053828314 0
117 0.539968880715814 0.43981619552099 0
118 0.545529864072125 0.850491403772429 0
119 0.54688370018432 0.165436482799814 0
120 0.558798318966678 0.527303645159747 0
121 0.568294796107157 0.775737105658644 0
122 0.570325550277134 0.248154724199721 0
123 0.583333333332242 0 0
124 0.58333333333479 1 0
125 0.592823645906971 0.689057882802593 0
126 0.594177482020289 0.337336295163311 0
127 0.602290402391793 0.925125488758177 0
128 0.60281659921076 0.0809490025541112 0
129 0.617352495706785 0.602378659946542 0
130 0.618029413763444 0.426517866126901 0
131 0.621247471448797 0.850250977516353 0
132 0.622299865089279 0.161898005108222 0
133 0.640204540505801 0.77537646627453 0
134 0.641783130967797 0.242847007662333 0
135 0.641881345506598 0.515699437090491 0
136 0.659205456022552 0.699377905326692 0
137 0.660224175609971 0.320605684669297 0
138 0.666666666665791 0 0
139 0.666666666667582 1 0
140 0.678206371539304 0.623379344378854 0
141 0.678665220252145 0.39836436167626 0
142 0.681815872746537 0.925005275630139 0
143 0.682191348330014 0.0791797637083153 0
144 0.696965078825491 0.850010551260277 0
145 0.697106264894318 0.476123038683223 0
146 0.697207287056056 0.547380783431016 0
147 0.697716029994237 0.158359527416631 0
148 0.712114284904445 0.775015826890416 0
149 0.713240711658461 0.237539291124946 0
150 0.725587266138134 0.709697927850791 0
151 0.726270869199653 0.303875074175282 0
152 0.739060247371823 0.644380028811166 0
153 0.739301026740846 0.370210857225618 0
154 0.749999999999341 0 0
155 0.750000000000347 1 0
156 0.752331184282038 0.436546640275955 0
157 0.752533228605513 0.579062129771541 0
158 0.755372881075094 0.508691687146907 0
159 0.761341343101261 0.924885062502101 0
160 0.761566097449269 0.0774105248625195 0
161 0.772682686202175 0.849770125004201 0
162 0.773132194899196 0.154821049725039 0
163 0.784024029303089 0.774655187506302 0
164 0.784698292349124 0.232231574587558 0
165 0.791969076253716 0.72001795037489 0
166 0.792317562789335 0.287144463681268 0
167 0.799914123204343 0.665380713243478 0
168 0.799936833229546 0.342057352774977 0
169 0.807556103669757 0.396970241868686 0
170 0.80785917015497 0.610743476112066 0
171 0.813538475094133 0.470002590862798 0
172 0.81363949725587 0.541260335610591 0
173 0.833333333332894 0 0
174 0.833333333333473 1 0
175 0.840894228734113 0.922145597223549 0
176 0.841044064966179 0.0793847943527368 0
177 0.848455124134753 0.844291194447099 0
178 0.848754796599464 0.158769588705466 0
179 0.856016019535393 0.766436791670648 0
180 0.856465528232749 0.238154383058176 0
181 0.861312717502477 0.702234189138524 0
182 0.861545041859557 0.302540753565013 0
183 0.866609415469562 0.638031586606399 0
184 0.866624555486364 0.366927124071851 0
185 0.871704069113172 0.431313494578688 0
186 0.871906113436646 0.573828984074275 0
187 0.874745765906228 0.503458541449641 0
188 0.916666666666447 0 0
189 0.916666666666745 1 0
190 0.920447114367062 0.919406131944998 0
191 0.92052203248309 0.0813590638429541 0
192 0.924227562067379 0.838812263889996 0
193 0.924377398299732 0.162718127685893 0
194 0.928008009767696 0.758218395834994 0
195 0.928232764116375 0.244077191528794 0
196 0.930656358751239 0.684450427902157 0
197 0.930772520929778 0.317937043448759 0
198 0.933304707734781 0.61068245996932 0
199 0.933312277743182 0.391796895368725 0
200 0.935852034556586 0.46565674728869 0
201 0.935953056718323 0.536914492036484 0
202 1 0 0
203 1 1 0
204 1 0.249999999999411 0
205 1 0.499999999998692 0
206 1 0.749999999999341 0
207 1 0.0833333333331714 0
208 1 0.16666666666632 0
209 1 0.333333333332505 0
210 1 0.416666666665598 0
211 1 0.583333333332242 0
212 1 0.666666666665791 0
213 1 0.833333333332894 0
214 1 0.916666666666447 0
