1 0 0 0
2 0 1 0
3 0 0.888888888888426 0
4 0 0.777777777777932 0
5 0 0.666666666667592 0
6 0 0.555555555557251 0
7 0 0.444444444446294 0
8 0 0.333333333334721 0
9 0 0.222222222223147 0
10 0 0.111111111111574 0
11 0.0675222817040708 0.901093918673892 0
12 0.0903434250312729 0.719105087152636 0
13 0.0918328207884819 0.643585848284569 0
14 0.0949871591393689 0.539065828506472 0
15 0.0968244976497383 0.318447588052367 0
16 0.0968627727096867 0.429331929695989 0
17 0.0973055451511577 0.210038741850785 0
18 0.102101908438599 0.104404433734035 0
19 0.103749927668716 0.836354674536269 0
20 0.111111111110908 0 0
21 0.111111111111574 1 0
22 0.170218254274507 0.745361100903598 0
23 0.176964406793007 0.879991656022232 0
24 0.184563249206245 0.633125033781859 0
25 0.191584668817128 0.195743873622328 0
26 0.192775811803565 0.526954165722733 0
27 0.196046290094652 0.300969510936781 0
28 0.197844857021691 0.414134472343747 0
29 0.198645174940736 0.0974226653542764 0
30 0.211013416772102 0.813901425891403 0
31 0.222222222221714 0 0
32 0.222222222223147 1 0
33 0.262478645576005 0.897329928586856 0
34 0.267184498245498 0.0958200515590652 0
35 0.274061403284562 0.718825593690529 0
36 0.276981046901123 0.627878632970954 0
37 0.278077644940795 0.803722053017796 0
38 0.280834565741033 0.17006923642443 0
39 0.290071885156389 0.524236601991195 0
40 0.294895243263118 0.273100376903179 0
41 0.319074056628905 0.397180609084756 0
42 0.333333333332501 0 0
43 0.333333333334721 1 0
44 0.342074124777561 0.705720241207404 0
45 0.364887754802114 0.631972170639689 0
46 0.365376410901069 0.895458293760858 0
47 0.367901386411099 0.133805217626134 0
48 0.384283128734248 0.528361929024911 0
49 0.387580953412062 0.236199888931741 0
50 0.389573914230642 0.772117357830556 0
51 0.391839708567038 0.44736524979041 0
52 0.416572841791131 0.324686001998774 0
53 0.444444444443288 0 0
54 0.444444444446294 1 0
55 0.454506996644279 0.656829987064841 0
56 0.459307647670095 0.406506270355893 0
57 0.463721758012094 0.109459667445055 0
58 0.475392927685761 0.212557489893045 0
59 0.475882789083078 0.899409644565365 0
60 0.478203381721308 0.284160023814816 0
61 0.502653348526247 0.524213914138043 0
62 0.508032744568109 0.794727388740797 0
63 0.546281619974535 0.691459268761469 0
64 0.555154892808805 0.327777446277084 0
65 0.555555555554383 0 0
66 0.555555555557251 1 0
67 0.566269284642145 0.102503341691208 0
68 0.569978173846198 0.206618729208942 0
69 0.582155505697461 0.903600065815063 0
70 0.598967303628385 0.599678027225143 0
71 0.608604630973544 0.807695682183135 0
72 0.609871423149279 0.439276876059855 0
73 0.635007159620206 0.715279832322939 0
74 0.654074821878459 0.645957294334135 0
75 0.666666666665787 0 0
76 0.666666666667592 1 0
77 0.674078410032886 0.100320313794958 0
78 0.674762233244438 0.525065147788242 0
79 0.675161078835404 0.206836772368855 0
80 0.676477359388008 0.311743682355987 0
81 0.679650160450208 0.39225222939782 0
82 0.687578194743899 0.90705144897443 0
83 0.705467248672457 0.812987875569867 0
84 0.722068016313483 0.723618852103535 0
85 0.738571970846502 0.61960215739848 0
86 0.76878115525023 0.440077761463815 0
87 0.777777777777192 0 0
88 0.777777777777932 1 0
89 0.78207325509883 0.314287942389332 0
90 0.782315067358141 0.102821496789087 0
91 0.784360599901533 0.206611744637364 0
92 0.791382726775675 0.904918524381384 0
93 0.80227907310069 0.810582271824142 0
94 0.808534431853443 0.720724877671691 0
95 0.812307025217206 0.656227592438038 0
96 0.829697072786701 0.545467653113664 0
97 0.878375368973686 0.620545974678919 0
98 0.888888888888426 1 0
99 0.888888888888596 0 0
100 0.890875907439744 0.321908170094945 0
101 0.891106755652291 0.106386962495962 0
102 0.892189001101112 0.213200121471844 0
103 0.893961054671072 0.430710943948653 0
104 0.895376826202164 0.898114215943825 0
105 0.899230273178929 0.506864442645771 0
106 0.900411679939231 0.703252620081374 0
107 0.900510529564224 0.798416916849006 0
108 1 0 0
109 1 1 0
110 1 0.111111111110908 0
111 1 0.222222222221714 0
112 1 0.333333333332501 0
113 1 0.444444444443288 0
114 1 0.555555555554383 0
115 1 0.666666666665787 0
116 1 0.777777777777192 0
117 1 0.888888888888596 0
