1 0 0 0
2 0 1 0
3 0 0.888888888888426 0
4 0 0.777777777777932 0
5 0 0.666666666667592 0
6 0 0.555555555557251 0
7 0 0.444444444446294 0
8 0 0.333333333334721 0
9 0 0.222222222223147 0
10 0 0.111111111111574 0
11 0 0.962962962962834 0
12 0 0.925925925925623 0
13 0 0.851851851851537 0
14 0 0.814814814814733 0
15 0 0.740740740741211 0
16 0 0.703703703704401 0
17 0 0.629629629630832 0
18 0 0.592592592594124 0
19 0 0.518518518520363 0
20 0 0.48148148148339 0
21 0 0.407407407409103 0
22 0 0.370370370371912 0
23 0 0.29629629629753 0
24 0 0.259259259260338 0
25 0 0.185185185185956 0
26 0 0.148148148148765 0
27 0 0.0740740740743824 0
28 0 0.0370370370371912 0
29 0.0225074272346902 0.892957232150248 0
30 0.0265327212307619 0.86107262477703 0
31 0.0273506305021906 0.928638154766836 0
32 0.0301144750104243 0.758220214236167 0
33 0.030279963427892 0.725137829670789 0
34 0.0304454518453596 0.692055445105354 0
35 0.0305580152268335 0.829188017403869 0
36 0.0306109402628273 0.658973060539917 0
37 0.0309614223018147 0.622668366984511 0
38 0.0313119043408022 0.58636367342914 0
39 0.0316623863797896 0.550058979873658 0
40 0.0318707878876027 0.513174966425679 0
41 0.0320791893954158 0.476290952977643 0
42 0.0321938337696909 0.964319077383433 0
43 0.0322748325499128 0.328371418240603 0
44 0.0322790853343515 0.365383258670244 0
45 0.0322833381187902 0.402395099099885 0
46 0.0322875909032289 0.439406939529526 0
47 0.0323282822722927 0.291634632860077 0
48 0.0323817319946726 0.254897847479552 0
49 0.0324351817170525 0.218161062099026 0
50 0.0329681109712127 0.181732558727927 0
51 0.0335010402253728 0.145304055356827 0
52 0.034033969479533 0.108875551985727 0
53 0.0345833092229052 0.797303410030711 0
54 0.0350349919986771 0.0725837013238182 0
55 0.0360360145178212 0.0362918506619091 0
56 0.0370370370369653 0 0
57 0.0370370370371912 1 0
58 0.0450148544693805 0.89702557541207 0
59 0.0530654424615238 0.870293397702524 0
60 0.0547012610043811 0.931350383608049 0
61 0.0602289500208486 0.738662650694401 0
62 0.0605599268557839 0.709534918600368 0
63 0.0608909036907193 0.680407186506306 0
64 0.0611160304536671 0.843561219993006 0
65 0.0612218805256546 0.651279454412243 0
66 0.0619228446036295 0.615707104338191 0
67 0.0620449955193871 0.774154637265904 0
68 0.0626238086816044 0.580134754264155 0
69 0.0633247727595793 0.544562404190065 0
70 0.0637415757752055 0.507831414330995 0
71 0.0641583787908316 0.471100424471897 0
72 0.0643876675393817 0.965675191804032 0
73 0.0645496650998256 0.323409503146485 0
74 0.064558170668703 0.360396146968576 0
75 0.0645666762375804 0.397382790790667 0
76 0.0645751818064578 0.434369434612758 0
77 0.0646565645445854 0.286972969422625 0
78 0.0647634639893453 0.250536435698765 0
79 0.0648703634341051 0.214099901974906 0
80 0.0659362219424254 0.178279932269898 0
81 0.0670020804507457 0.142459962564889 0
82 0.0675222817040708 0.901093918673892 0
83 0.0680679389590659 0.106639992859881 0
84 0.0691666184458104 0.81682904228349 0
85 0.0700699839973534 0.0710933285732541 0
86 0.072072029035641 0.035546664286627 0
87 0.0740740740739285 0 0
88 0.0740740740743824 1 0
89 0.0795981636922857 0.879514170628018 0
90 0.0820518915065717 0.934062612449261 0
91 0.0895066818158689 0.751005864501097 0
92 0.0903434250312729 0.719105087152636 0
93 0.0908398902836759 0.693932007529947 0
94 0.0913363555360789 0.668758927907258 0
95 0.0916740456805006 0.857934422582143 0
96 0.0918328207884819 0.643585848284569 0
97 0.0928842669054442 0.60874584169187 0
98 0.0939357130224066 0.573905835099171 0
99 0.0939755160283498 0.790089060295641 0
100 0.0949871591393689 0.539065828506472 0
101 0.0956123636628082 0.502487862236311 0
102 0.0962375681862475 0.46590989596615 0
103 0.0965815013090726 0.967031306224631 0
104 0.0968244976497383 0.318447588052367 0
105 0.0968372560030545 0.355409035266908 0
106 0.0968500143563706 0.392370482481448 0
107 0.0968627727096867 0.429331929695989 0
108 0.0969848468168781 0.282311305985173 0
109 0.0971451959840179 0.246175023917979 0
110 0.0973055451511577 0.210038741850785 0
111 0.0974195123522076 0.906341853310038 0
112 0.0989043329136381 0.174827305811868 0
113 0.100503120676118 0.139615869772952 0
114 0.102101908438599 0.104404433734035 0
115 0.103749927668716 0.836354674536269 0
116 0.105104975996035 0.06960295582269 0
117 0.108108043553472 0.034801477911345 0
118 0.111111111110908 0 0
119 0.111111111111574 1 0
120 0.112787133197843 0.878621094170814 0
121 0.115240861012129 0.933169535992058 0
122 0.116968368112351 0.72785709173629 0
123 0.118784413610889 0.763349078307793 0
124 0.118893233273035 0.698604364529859 0
125 0.120818098433719 0.669351637323429 0
126 0.122742963594403 0.640098910116999 0
127 0.124356434627636 0.605075475937519 0
128 0.125906036537313 0.806023483325379 0
129 0.125969905660868 0.570052041758039 0
130 0.127583376694101 0.535028607578559 0
131 0.128154754043479 0.85090033503159 0
132 0.128563406956186 0.498107775245231 0
133 0.128731919706481 0.205273785774633 0
134 0.129120755959224 0.241056377965479 0
135 0.129509592211967 0.276838970156325 0
136 0.12954343721827 0.461186942911903 0
137 0.12989842846471 0.312621562347172 0
138 0.130106774803258 0.34983641175764 0
139 0.130315121141806 0.387051261168107 0
140 0.130523467480355 0.424266110578575 0
141 0.130582278895202 0.170874916385571 0
142 0.132432638083923 0.13647604699651 0
143 0.133062209672051 0.959997218674077 0
144 0.133900220715186 0.899307765759484 0
145 0.134282997272645 0.102077177607449 0
146 0.138904714231048 0.0680514517382992 0
147 0.143526431189452 0.0340257258691496 0
148 0.143593311193429 0.736609096319944 0
149 0.146708716620221 0.823336181987571 0
150 0.146946576262394 0.703276721529772 0
151 0.14806214540591 0.775692292114488 0
152 0.148148148147856 0 0
153 0.148148148148765 1 0
154 0.150299841331359 0.6699443467396 0
155 0.152559580418243 0.865445995526911 0
156 0.153653106400324 0.636611971949429 0
157 0.155013308232529 0.919994437348155 0
158 0.155828602349827 0.601405110183168 0
159 0.15800409829933 0.566198248416907 0
160 0.160158294261805 0.20050882969848 0
161 0.160179594248833 0.530991386650646 0
162 0.16109631593443 0.235937732012979 0
163 0.161514450249563 0.493727688254151 0
164 0.162034337607056 0.271366634327477 0
165 0.162260224876767 0.166922526959274 0
166 0.162849306250293 0.456463989857656 0
167 0.162972359279681 0.306795536641976 0
168 0.163376293603462 0.344263788248371 0
169 0.163780227927242 0.381732039854766 0
170 0.164184162251023 0.419200291461161 0
171 0.164362155491728 0.133336224220068 0
172 0.165262679196963 0.795772028943552 0
173 0.16646408610669 0.0997499214808626 0
174 0.167255149783845 0.96192369340348 0
175 0.16751139670313 0.840648880649764 0
176 0.170218254274507 0.745361100903598 0
177 0.172704452466055 0.0664999476539084 0
178 0.174999919251753 0.707949078529685 0
179 0.176964406793007 0.879991656022232 0
180 0.17894481882542 0.0332499738269542 0
181 0.179781584228999 0.670537056155772 0
182 0.182463212988017 0.815851765772616 0
183 0.183816641773705 0.768207875899533 0
184 0.184563249206245 0.633125033781859 0
185 0.185185185184785 0 0
186 0.185185185185956 1 0
187 0.186362151418926 0.92384738680696 0
188 0.187300770072018 0.597734744428817 0
189 0.188314076786039 0.857961579311956 0
190 0.190038290937791 0.562344455075775 0
191 0.191584668817128 0.195743873622328 0
192 0.192775811803565 0.526954165722733 0
193 0.193071875909636 0.230819086060479 0
194 0.193938170858331 0.162970137532977 0
195 0.19446549354294 0.489347601263071 0
196 0.194559083002144 0.26589429849863 0
197 0.196046290094652 0.300969510936781 0
198 0.196155175282316 0.451741036803409 0
199 0.196291672899533 0.130196401443627 0
200 0.196645812403665 0.338691164739103 0
201 0.197245334712678 0.376412818541425 0
202 0.197415029272904 0.791054650895468 0
203 0.197844857021691 0.414134472343747 0
204 0.198645174940736 0.0974226653542764 0
205 0.19966374677907 0.83593150260168 0
206 0.201448089895639 0.963850168132883 0
207 0.204832637277858 0.736515931832575 0
208 0.205469153054006 0.88577108021044 0
209 0.206504190701062 0.0649484435695176 0
210 0.20834481877564 0.701469365725569 0
211 0.211013416772102 0.813901425891403 0
212 0.211857000273422 0.666422799618563 0
213 0.214344478016906 0.76118005508845 0
214 0.214363206461388 0.0324742217847588 0
215 0.214768821867671 0.860683487340361 0
216 0.215369181771204 0.631376233511557 0
217 0.217710994605322 0.927700336265765 0
218 0.218648733265638 0.596266926056223 0
219 0.22133463445843 0.187185661223028 0
220 0.221386961653061 0.157086594400643 0
221 0.221439288847692 0.126987527578258 0
222 0.221491616042324 0.0968884607558726 0
223 0.221928284760072 0.561157618600888 0
224 0.222222222221714 0 0
225 0.222222222223147 1 0
226 0.223856318755953 0.785844178344326 0
227 0.223888403355889 0.222017040679435 0
228 0.224068490681335 0.835595894470281 0
229 0.225207836254506 0.526048311145554 0
230 0.226442172253349 0.256848420135841 0
231 0.228995941150808 0.291679799592247 0
232 0.229556754244369 0.486859935627286 0
233 0.23208215750857 0.330614261258415 0
234 0.233368159495 0.810508301600201 0
235 0.233905672234233 0.447671560109018 0
236 0.233973899315006 0.891550504398648 0
237 0.234080830447763 0.0645923071705818 0
238 0.235168373866333 0.369548722924583 0
239 0.235641030007433 0.965776642862285 0
240 0.238254590224096 0.40848318459075 0
241 0.23944702028121 0.727670762761552 0
242 0.241223566949303 0.863405395368765 0
243 0.241689718299528 0.694989652921453 0
244 0.243932416317846 0.662308543081354 0
245 0.244338057143911 0.0963542561574689 0
246 0.244872314260106 0.754152234277367 0
247 0.246175114336163 0.629627433241256 0
248 0.246586904795851 0.123778653712889 0
249 0.246670044853203 0.0322961535852909 0
250 0.2484732345836 0.835260286338882 0
251 0.248835752447791 0.151203051268309 0
252 0.249059837791719 0.931553285724571 0
253 0.249996696459258 0.594799107683629 0
254 0.250297608239002 0.780633705793183 0
255 0.251084600099732 0.178627448823729 0
256 0.253818278582353 0.559970782126001 0
257 0.254704930802142 0.21321499529839 0
258 0.255722902217897 0.807115177308998 0
259 0.257639860705448 0.525142456568375 0
260 0.258325261504553 0.247802541773052 0
261 0.259259259258643 0 0
262 0.259259259260338 1 0
263 0.261657470194465 0.064236170771646 0
264 0.261945592206963 0.282390088247713 0
265 0.262478645576005 0.897329928586856 0
266 0.264648014945799 0.484372269991501 0
267 0.267184498245498 0.0958200515590652 0
268 0.267518502613475 0.322537357777727 0
269 0.267678312030935 0.866127303397169 0
270 0.271656169186149 0.443602083414627 0
271 0.27173452074401 0.12056977984752 0
272 0.271765473068345 0.965568683437175 0
273 0.272877978485865 0.834924678207482 0
274 0.273091413019988 0.36268462730774 0
275 0.274061403284562 0.718825593690529 0
276 0.275034617823415 0.688509940117337 0
277 0.275400150503306 0.747124413466284 0
278 0.276007832362269 0.658194286544146 0
279 0.276284543242522 0.145319508135975 0
280 0.276738897722051 0.77542323324204 0
281 0.276981046901123 0.627878632970954 0
282 0.278077644940795 0.803722053017796 0
283 0.2786643234265 0.402831896837753 0
284 0.278976883245018 0.032118085385823 0
285 0.280834565741033 0.17006923642443 0
286 0.281344659652878 0.593331289311034 0
287 0.284271686876353 0.931137366874349 0
288 0.285521458248395 0.204412949917346 0
289 0.285708272404634 0.558783945651115 0
290 0.289234109941166 0.0638800343727101 0
291 0.290071885156389 0.524236601991195 0
292 0.290208350755757 0.238756663410263 0
293 0.294895243263118 0.273100376903179 0
294 0.296108353060018 0.0952470996345838 0
295 0.296296296295572 0 0
296 0.29629629629753 1 0
297 0.296732310448895 0.71445714286282 0
298 0.29677790068436 0.896706050311523 0
299 0.299739275647228 0.481884604355716 0
300 0.29991596792197 0.68605247708428 0
301 0.3029025629784 0.740700480115897 0
302 0.30293295646871 0.862199751748365 0
303 0.302954847718381 0.314460454297038 0
304 0.30298259617887 0.126614164896457 0
305 0.303099625395045 0.657647811305739 0
306 0.30628328286812 0.629243145527199 0
307 0.307889916129258 0.965360724012064 0
308 0.309072815507905 0.766943817368973 0
309 0.30908801225306 0.827693453185207 0
310 0.309406666138066 0.439532606720236 0
311 0.309856839297722 0.157981230158331 0
312 0.311014452173643 0.355820531690897 0
313 0.311283721636833 0.0319400171863551 0
314 0.311347399583972 0.594699334018944 0
315 0.315168052858292 0.192254224854232 0
316 0.315243068037411 0.793187154622049 0
317 0.316411516299823 0.560155522510689 0
318 0.319074056628905 0.397180609084756 0
319 0.319403217613228 0.710088692035112 0
320 0.319483535960986 0.930721448024127 0
321 0.320479266418863 0.226527219550133 0
322 0.320482185376026 0.0699244194216476 0
323 0.321475633015675 0.525611711002434 0
324 0.324797318020524 0.683595014051223 0
325 0.325790479979433 0.260800214246033 0
326 0.328760179990989 0.488377414886058 0
327 0.329680649115218 0.10790882165694 0
328 0.33019141842782 0.657101336067333 0
329 0.330404975453494 0.734276546765509 0
330 0.331077155792714 0.896082172036191 0
331 0.333333333332501 0 0
332 0.333333333334721 1 0
333 0.334384870547282 0.298205389516054 0
334 0.335585518835117 0.630607658083444 0
335 0.336044726966302 0.451143118769683 0
336 0.338187600906485 0.858272200099561 0
337 0.33887911285441 0.145893223892233 0
338 0.341350139515065 0.596067378726853 0
339 0.34140673329376 0.758464401495906 0
340 0.342074124777561 0.705720241207404 0
341 0.342979261115131 0.335610564786075 0
342 0.343329273941616 0.413908822653307 0
343 0.34401435919017 0.965152764586953 0
344 0.344814647468189 0.180095499791118 0
345 0.344856017692034 0.0446017392087113 0
346 0.345298046020256 0.820462228162932 0
347 0.347114760195013 0.561527099370263 0
348 0.349678668119079 0.681137551018166 0
349 0.350750182081968 0.214297775690002 0
350 0.35157365168298 0.373015740056095 0
351 0.352408491134026 0.782652256226302 0
352 0.352879380874962 0.526986820013672 0
353 0.354695385045619 0.930305529173905 0
354 0.356378702051566 0.0892034784174227 0
355 0.356685716695747 0.248500051588887 0
356 0.357283211460596 0.656554860828927 0
357 0.35778108433475 0.494870225416401 0
358 0.357907387928588 0.727852613415121 0
359 0.362682787794538 0.46275363081913 0
360 0.364887754802114 0.631972170639689 0
361 0.365376410901069 0.895458293760858 0
362 0.365814893376184 0.28195032473507 0
363 0.367584491254327 0.430637036221859 0
364 0.367901386411099 0.133805217626134 0
365 0.370191870424448 0.698654445426105 0
366 0.37037037036943 0 0
367 0.370370370371912 1 0
368 0.371352879446158 0.597435423434763 0
369 0.37249210832245 0.393259023363698 0
370 0.37344224534426 0.854344648450757 0
371 0.373740651079615 0.749984985622839 0
372 0.374461242078086 0.167936774728003 0
373 0.37494407005662 0.315400597881252 0
374 0.377818004090203 0.562898676229837 0
375 0.380194083672319 0.0418966780774803 0
376 0.380984203679632 0.965591803565231 0
377 0.381021097745074 0.202068331829872 0
378 0.381508079787451 0.813231003140657 0
379 0.382476352920309 0.669456277437089 0
380 0.384073246737056 0.348850871027435 0
381 0.384283128734248 0.528361929024911 0
382 0.386801988678511 0.501363035946744 0
383 0.387580953412062 0.236199888931741 0
384 0.389320848622775 0.474364142868577 0
385 0.389573914230642 0.772117357830556 0
386 0.390017796975208 0.0837933561549606 0
387 0.390705072729818 0.716171339834045 0
388 0.391598036987352 0.931183607130462 0
389 0.391839708567038 0.44736524979041 0
390 0.39341056496192 0.413502306671301 0
391 0.394760835416169 0.640258109448073 0
392 0.397244916205085 0.265695259954085 0
393 0.399841510278097 0.125690034232441 0
394 0.401654942703285 0.372609224074089 0
395 0.402211870295072 0.896775410695694 0
396 0.404420513165751 0.602498492097367 0
397 0.40551154401983 0.159899719239019 0
398 0.406908878998108 0.29519063097643 0
399 0.407407407406359 0 0
400 0.407407407409103 1 0
401 0.407669494380021 0.682357694045251 0
402 0.411161310533314 0.857734952064008 0
403 0.411181577761562 0.194109404245598 0
404 0.411218275035188 0.733688234241984 0
405 0.414080190915332 0.564738874746661 0
406 0.41432902160139 0.433745589978904 0
407 0.415532149652604 0.0391916169462493 0
408 0.416572841791131 0.324686001998774 0
409 0.416851611503295 0.228319089252176 0
410 0.417465970622565 0.464823479117921 0
411 0.417954048169094 0.96603084254351 0
412 0.419236638669514 0.396367577120744 0
413 0.420110750771556 0.818694493432322 0
414 0.42060291964374 0.495901368256938 0
415 0.423606526035927 0.255938507036158 0
416 0.42365689189885 0.0783832338924985 0
417 0.423739868664914 0.526979257395955 0
418 0.424633916030224 0.648544048256457 0
419 0.428500688929084 0.932061685087019 0
420 0.429060191009798 0.779654034800636 0
421 0.430361440568558 0.283557924820139 0
422 0.430817777084119 0.35195942478448 0
423 0.431781634145096 0.117574850838748 0
424 0.432862635839733 0.695259110653413 0
425 0.436561845961573 0.151862663750035 0
426 0.436818334635742 0.420125930167399 0
427 0.43711635510119 0.311177342604121 0
428 0.437488146885343 0.607561560759971 0
429 0.439047329689075 0.898092527630529 0
430 0.441342057778051 0.186150476661323 0
431 0.444444444443288 0 0
432 0.444444444446294 1 0
433 0.445062712377107 0.379232847570186 0
434 0.445611092622355 0.455282815367265 0
435 0.446122269594528 0.220438289572611 0
436 0.447739639924653 0.742560383521663 0
437 0.448880375722368 0.861125255677258 0
438 0.449968135866768 0.24618175411823 0
439 0.450342377740462 0.566579073263485 0
440 0.45087021563289 0.0364865558150183 0
441 0.453814002139009 0.271925218663849 0
442 0.454403850608968 0.490439700567132 0
443 0.454506996644279 0.656829987064841 0
444 0.454923892658555 0.966469881521788 0
445 0.455163146528459 0.334206004734844 0
446 0.457295986822492 0.0729731116300365 0
447 0.457659868411249 0.297668683209469 0
448 0.45871342175566 0.824157983723987 0
449 0.459307647670095 0.406506270355893 0
450 0.463196608595581 0.525596585766999 0
451 0.463721758012094 0.109459667445055 0
452 0.465403340870817 0.932939763043577 0
453 0.466419088839509 0.70546673224269 0
454 0.467612147903317 0.143825608261052 0
455 0.468546467788953 0.787190711770716 0
456 0.470555780604935 0.612624629422575 0
457 0.471502537794539 0.178191549077048 0
458 0.473209937955729 0.357234666865567 0
459 0.473756214622146 0.445742151616609 0
460 0.475392927685761 0.212557489893045 0
461 0.475882789083078 0.899409644565365 0
462 0.47632974569761 0.236425001200302 0
463 0.477266563709459 0.260292512507559 0
464 0.478203381721308 0.284160023814816 0
465 0.4795085159728 0.316452584685208 0
466 0.481481481480217 0 0
467 0.48148148148339 1 0
468 0.484261004814119 0.751432532801342 0
469 0.485098537754364 0.668373080963717 0
470 0.486599440911421 0.864515559290509 0
471 0.486604564565591 0.568419271780309 0
472 0.486955743283071 0.0357136307312575 0
473 0.488204781574196 0.484978032877326 0
474 0.491256729382998 0.38026332899629 0
475 0.491423330307106 0.966935483882866 0
476 0.492430005085924 0.071427261462515 0
477 0.497316092739765 0.829621474015653 0
478 0.497904266888778 0.107140892193773 0
479 0.499975541839284 0.715674353831967 0
480 0.500909958950043 0.141619895795296 0
481 0.501357163534351 0.335236486160948 0
482 0.501365179130822 0.933870967765732 0
483 0.501651691911896 0.628704926809281 0
484 0.502653348526247 0.524213914138043 0
485 0.50385388541714 0.298699164635572 0
486 0.503915651011308 0.17609889939682 0
487 0.504876371302284 0.269325410756496 0
488 0.505898857187429 0.23995165687742 0
489 0.506921343072573 0.210577902998344 0
490 0.506968721833307 0.41880940870152 0
491 0.508032744568109 0.794727388740797 0
492 0.511307027954539 0.900806451648598 0
493 0.51569007886445 0.679916174862593 0
494 0.518204846069428 0.589036772654845 0
495 0.518518518517249 0 0
496 0.518518518520363 1 0
497 0.520782369703584 0.760304682081021 0
498 0.52139025420411 0.866887685506257 0
499 0.522680714283616 0.45735548840675 0
500 0.52304127093332 0.0349407056474968 0
501 0.523205811095902 0.354020387636687 0
502 0.527564023349391 0.0698814112949936 0
503 0.527922767955575 0.967401086243943 0
504 0.529504389112972 0.313238305456328 0
505 0.531473480453682 0.832968919363916 0
506 0.532086775765461 0.10482211694249 0
507 0.53248617889511 0.278358309005433 0
508 0.532747603218857 0.644785224195987 0
509 0.53353199483906 0.725881975421245 0
510 0.53420776999677 0.139414183329541 0
511 0.53475800022696 0.54936861850041 0
512 0.535467968677248 0.243478312554538 0
513 0.536328764228078 0.174006249716592 0
514 0.537327017390788 0.934802172487887 0
515 0.538392706733924 0.49590156811198 0
516 0.538449758459386 0.208598316103643 0
517 0.540181229044468 0.391876665786431 0
518 0.541556706703254 0.799050153221576 0
519 0.546281619974535 0.691459268761469 0
520 0.546731266826 0.90220325873183 0
521 0.549805127573265 0.609654273529382 0
522 0.552990071087644 0.765833254352815 0
523 0.555154892808805 0.327777446277084 0
524 0.555555555554383 0 0
525 0.555555555557251 1 0
526 0.5561810674968 0.869259811722005 0
527 0.557156646993035 0.429732943936174 0
528 0.559126798583637 0.0341677805637361 0
529 0.560095986487936 0.28739120725437 0
530 0.562698041612891 0.0683355611274721 0
531 0.563843514525819 0.660865521582694 0
532 0.564422205603988 0.967866688605021 0
533 0.564423435472035 0.732616355484054 0
534 0.565037080167067 0.247004968231656 0
535 0.565630868167599 0.836316364712181 0
536 0.566269284642145 0.102503341691208 0
537 0.566862651927673 0.574523322862776 0
538 0.567005897878306 0.522203401212268 0
539 0.567505581043496 0.137208470863786 0
540 0.568741877444847 0.171913600036364 0
541 0.569978173846198 0.206618729208942 0
542 0.573288855650724 0.935733377210042 0
543 0.57339373625563 0.364943922871341 0
544 0.574132064941602 0.467589222085918 0
545 0.575080668838399 0.803372917702355 0
546 0.575856799856425 0.699399456615293 0
547 0.581405409077102 0.630271774403919 0
548 0.582155505697461 0.903600065815063 0
549 0.585197772471704 0.771361826624609 0
550 0.589683358697087 0.671301120941797 0
551 0.590971880789488 0.871631937937754 0
552 0.591632579702455 0.402110399465598 0
553 0.592592592591518 0 0
554 0.592592592594124 1 0
555 0.59531487610501 0.739350735546862 0
556 0.595595715001873 0.322432858303385 0
557 0.595619089022688 0.548505234312555 0
558 0.595796948318476 0.0339252219085971 0
559 0.598743524059893 0.283852375623006 0
560 0.598967303628385 0.599678027225143 0
561 0.599001304045434 0.0678504438171943 0
562 0.599253795529653 0.495038183924126 0
563 0.599788255881516 0.839663810060444 0
564 0.600827195744841 0.968250175622729 0
565 0.601891333117913 0.245271892942626 0
566 0.602205659772392 0.101775665725791 0
567 0.603150153906906 0.136747580571277 0
568 0.603509917537749 0.643202785268302 0
569 0.604094648041419 0.171719495416761 0
570 0.605039142175933 0.206691410262246 0
571 0.605431979738316 0.707339644469116 0
572 0.608107477417778 0.356155903481982 0
573 0.608604630973544 0.807695682183135 0
574 0.609061798895557 0.936500351245457 0
575 0.609871423149279 0.439276876059855 0
576 0.615523202868355 0.681736720300901 0
577 0.617296402046274 0.904750526868186 0
578 0.61733647637841 0.615104449594807 0
579 0.617405473855764 0.776890398896403 0
580 0.620619239833683 0.38987894866058 0
581 0.624232280167069 0.574807067412843 0
582 0.624375526117703 0.522487145762334 0
583 0.625161658099687 0.872986933460583 0
584 0.625614425998395 0.656133796132686 0
585 0.626206316737985 0.746085115609671 0
586 0.629629629628653 0 0
587 0.629629629630832 1 0
588 0.631501693180999 0.467872966635984 0
589 0.632467098053315 0.0336826632534582 0
590 0.633026914153101 0.841223340052981 0
591 0.633131002249589 0.423601993839177 0
592 0.635007159620206 0.715279832322939 0
593 0.635304566477977 0.0673653265069164 0
594 0.635705649128435 0.630530871964471 0
595 0.63603653719494 0.317088270329686 0
596 0.637232185885584 0.968633662640436 0
597 0.63739106163185 0.280313543991641 0
598 0.638142034902639 0.101047989760375 0
599 0.638745586068759 0.243538817653596 0
600 0.638794726770316 0.136286690278767 0
601 0.639447418637992 0.171525390797159 0
602 0.640100110505669 0.206764091315551 0
603 0.640892170206515 0.809459746645379 0
604 0.641363047039624 0.692172319660004 0
605 0.642821218579926 0.347367884092624 0
606 0.643568366178426 0.595595461171534 0
607 0.644834742140335 0.937267325280872 0
608 0.647718934459042 0.66906480699707 0
609 0.648603928532554 0.778992999624632 0
610 0.649497256705754 0.549936107600542 0
611 0.649605899964912 0.377647497855561 0
612 0.652437298395087 0.905900987921308 0
613 0.653131963212718 0.496469057212113 0
614 0.654074821878459 0.645957294334135 0
615 0.656315686858593 0.748526252603885 0
616 0.656390581349898 0.407927111618499 0
617 0.657454626137404 0.447980002230596 0
618 0.659351435409886 0.874341928983413 0
619 0.662904452189783 0.616383854930225 0
620 0.664027445184632 0.718059505583138 0
621 0.666265572424686 0.842782870045518 0
622 0.666666666665787 0 0
623 0.666666666667592 1 0
624 0.669137247788154 0.0334401045983193 0
625 0.669800255978443 0.576086472748261 0
626 0.670098476190135 0.691097086618397 0
627 0.67160782891052 0.0668802091966386 0
628 0.673179709439486 0.811223811107623 0
629 0.673637176026361 0.969017149658143 0
630 0.674078410032886 0.100320313794958 0
631 0.674439299633725 0.135825799986257 0
632 0.674762233244438 0.525065147788242 0
633 0.674800189234565 0.171331286177556 0
634 0.675161078835404 0.206836772368855 0
635 0.675599839019605 0.241805742364566 0
636 0.676038599203807 0.276774712360276 0
637 0.676169507195637 0.664134667653657 0
638 0.676477359388008 0.311743682355987 0
639 0.677534959742075 0.338579864703265 0
640 0.678592560096141 0.365416047050542 0
641 0.679650160450208 0.39225222939782 0
642 0.679802383209343 0.781095600352861 0
643 0.68060768538513 0.938034299316287 0
644 0.68177825002522 0.472358010622014 0
645 0.68224053820114 0.637172248688916 0
646 0.68340755909381 0.428087037825207 0
647 0.6864250569792 0.750967389598099 0
648 0.687578194743899 0.90705144897443 0
649 0.690103255251132 0.602236837895979 0
650 0.693047730749057 0.720839178843336 0
651 0.693541212720085 0.875696924506242 0
652 0.696032145778459 0.556577484324988 0
653 0.698833905340645 0.69002185357679 0
654 0.699504230696271 0.844342400038055 0
655 0.703703703702922 0 0
656 0.703703703704401 1 0
657 0.704620079932233 0.659204528310244 0
658 0.705467248672457 0.812987875569867 0
659 0.705854901071272 0.0337180138198892 0
660 0.706101873913035 0.496736019013433 0
661 0.708006098439621 0.0674360276397784 0
662 0.709360492050215 0.408194073419819 0
663 0.70986237094332 0.968780158036694 0
664 0.710132325130682 0.376326638624469 0
665 0.710157295807971 0.101154041459668 0
666 0.710406254523821 0.628387203043698 0
667 0.710424536837721 0.448246964031916 0
668 0.710625170268907 0.13635661534812 0
669 0.710904158211149 0.344459203829118 0
670 0.711000837886132 0.78319820108109 0
671 0.711093044729844 0.171559189236572 0
672 0.71156091919078 0.206761763125025 0
673 0.711599276557725 0.242038431761273 0
674 0.71163763392467 0.27731510039752 0
675 0.711675991291616 0.312591769033768 0
676 0.716021038182239 0.937560316073388 0
677 0.716534427099808 0.753408526592312 0
678 0.71730205831248 0.588089820861734 0
679 0.722068016313483 0.723618852103535 0
680 0.722179705421158 0.906340474110081 0
681 0.727050250884213 0.529454231332358 0
682 0.727365755885839 0.874955651958263 0
683 0.727569334491156 0.688946620535183 0
684 0.73255180635052 0.843570829806444 0
685 0.733070652668829 0.654274388966831 0
686 0.737441514581633 0.468406890238624 0
687 0.737737856815202 0.812186007654626 0
688 0.738571970846502 0.61960215739848 0
689 0.739070823650223 0.424135917441817 0
690 0.740740740740057 0 0
691 0.740740740741211 1 0
692 0.741672090165223 0.387237230198395 0
693 0.742121956152402 0.782342069756279 0
694 0.74257255435439 0.0339959230414591 0
695 0.744273356680223 0.350338542954972 0
696 0.744404367968723 0.0679918460829182 0
697 0.746087565860279 0.968543166415244 0
698 0.746236181583056 0.101987769124377 0
699 0.746506055489603 0.752498131857933 0
700 0.746811040904089 0.136887430709983 0
701 0.746874623195223 0.31343985571155 0
702 0.747236668645534 0.277855488434765 0
703 0.747385900225123 0.171787092295589 0
704 0.747598714095845 0.24227112115798 0
705 0.747960759546156 0.206686753881194 0
706 0.74799862785539 0.562172443651283 0
707 0.750890154826803 0.722654193959587 0
708 0.751434390979348 0.937086332830488 0
709 0.754976877319003 0.692373007888058 0
710 0.756781216098417 0.905629499245732 0
711 0.758068355989967 0.502330978339728 0
712 0.759063599811203 0.662091821816528 0
713 0.761190299051593 0.874214379410283 0
714 0.763150322303403 0.631810635744999 0
715 0.765599382004769 0.842799259574834 0
716 0.76878115525023 0.440077761463815 0
717 0.768947004826568 0.594890655970208 0
718 0.770008464957946 0.811384139739384 0
719 0.773211855199764 0.39814782177232 0
720 0.773243074418672 0.781485938431469 0
721 0.776477683879397 0.751587737123554 0
722 0.777642555149297 0.356217882080826 0
723 0.777777777777192 0 0
724 0.777777777777932 1 0
725 0.778695197398301 0.536255066440832 0
726 0.779290207637508 0.034273832263029 0
727 0.779712293340123 0.721689535815639 0
728 0.780802637497825 0.068547664526058 0
729 0.78207325509883 0.314287942389332 0
730 0.78231276077718 0.968306174793795 0
731 0.782315067358141 0.102821496789087 0
732 0.78238442014685 0.695799395240932 0
733 0.782835703366398 0.278395876472009 0
734 0.782996911539272 0.137418246071846 0
735 0.783598151633965 0.242503810554687 0
736 0.783678755720402 0.172014995354605 0
737 0.784360599901533 0.206611744637364 0
738 0.785056546953577 0.669909254666225 0
739 0.786847743776427 0.936612349587589 0
740 0.787728673760305 0.644019114091519 0
741 0.789086461095721 0.475207725347098 0
742 0.790741272040834 0.611371677264027 0
743 0.791382726775675 0.904918524381384 0
744 0.795014842217347 0.873473106862303 0
745 0.798646957659019 0.842027689343223 0
746 0.799322038806635 0.570179154541936 0
747 0.80227907310069 0.810582271824142 0
748 0.804364192684941 0.780629807106659 0
749 0.806449312269192 0.750677342389174 0
750 0.808534431853443 0.720724877671691 0
751 0.809391766941211 0.510337689230381 0
752 0.809791962974697 0.699225782593806 0
753 0.810507788390511 0.436955488958761 0
754 0.811049494095952 0.677726687515922 0
755 0.812307025217206 0.656227592438038 0
756 0.8125355392551 0.627852698557846 0
757 0.813118794220052 0.396912998736241 0
758 0.814814814814326 0 0
759 0.814814814814733 1 0
760 0.815729800049593 0.356870508513722 0
761 0.816069531028281 0.0346699951193485 0
762 0.817324247242236 0.0693399902386969 0
763 0.818332221778265 0.590932718783055 0
764 0.818340805879135 0.316828018291203 0
765 0.81855901873799 0.967550140522955 0
766 0.818578963456191 0.104009985358045 0
767 0.818995004019887 0.280821302277088 0
768 0.819153775737925 0.138942613654983 0
769 0.81964920216064 0.244814586262972 0
770 0.819728588019659 0.17387524195192 0
771 0.820303400301392 0.208807870248857 0
772 0.822303222661247 0.935100281045909 0
773 0.824630127677266 0.468836964736185 0
774 0.826047426584505 0.902650421568864 0
775 0.829039248363626 0.870609332212275 0
776 0.829697072786701 0.545467653113664 0
777 0.832031070142747 0.838568242855686 0
778 0.834329806469366 0.644333719851665 0
779 0.835022891921868 0.806527153499097 0
780 0.835939931384701 0.667856077170527 0
781 0.836401988353036 0.775985032935482 0
782 0.837342404749896 0.611686283024174 0
783 0.837550056300037 0.69137843448939 0
784 0.837781084784205 0.745442912371867 0
785 0.838752466964022 0.500718440513609 0
786 0.839160181215373 0.714900791808252 0
787 0.845923171515696 0.570493760302083 0
788 0.851851851851461 0 0
789 0.851851851851537 1 0
790 0.852234421530791 0.433833216453707 0
791 0.852848854419054 0.035066157975668 0
792 0.852874806250777 0.532599916291033 0
793 0.853025733240341 0.395678175700162 0
794 0.85381704494989 0.357523134946618 0
795 0.853845856986648 0.070132315951336 0
796 0.854608356659439 0.319368094193074 0
797 0.854805276698803 0.966794106252115 0
798 0.854842859554241 0.105198473927004 0
799 0.855154304673377 0.283246728082166 0
800 0.855310639936578 0.140466981238119 0
801 0.855700252687315 0.247125361971258 0
802 0.855778420318915 0.175735488549235 0
803 0.856246200701252 0.211003995860351 0
804 0.856352587721526 0.632439847265292 0
805 0.857758701546069 0.93358821250423 0
806 0.860173794258812 0.462466204125272 0
807 0.860712126393334 0.900382318756344 0
808 0.860830368673451 0.657985466825132 0
809 0.862149270244691 0.595519867490501 0
810 0.863063654509905 0.867745557562247 0
811 0.865308149625377 0.683531086384973 0
812 0.865415182626476 0.835108796368149 0
813 0.867766710743046 0.802472035174051 0
814 0.868113166986833 0.491099191796837 0
815 0.868439784021131 0.771340258764305 0
816 0.869112857299217 0.740208482354559 0
817 0.869785930577302 0.709076705944813 0
818 0.874888841716893 0.554694111406491 0
819 0.876052539714853 0.519732179468402 0
820 0.878375368973686 0.620545974678919 0
821 0.885720805962201 0.648114856479738 0
822 0.888888888888426 1 0
823 0.888888888888596 0 0
824 0.889628177809828 0.0354623208319875 0
825 0.89036746673106 0.070924641663975 0
826 0.890875907439744 0.321908170094945 0
827 0.891051534659672 0.966038071981275 0
828 0.891106755652291 0.106386962495962 0
829 0.891313605326867 0.285672153887245 0
830 0.891467504135232 0.141991348821256 0
831 0.891751303213989 0.249436137679544 0
832 0.891828252618172 0.17759573514655 0
833 0.891904289850187 0.358175761379514 0
834 0.892189001101112 0.213200121471844 0
835 0.892932672260629 0.394443352664083 0
836 0.893066242950716 0.675683738280556 0
837 0.893214180430918 0.93207614396255 0
838 0.893961054671072 0.430710943948653 0
839 0.895376826202164 0.898114215943825 0
840 0.895717460840358 0.456095443514358 0
841 0.896902877183008 0.576788306521949 0
842 0.897088060656184 0.864881782912218 0
843 0.897473867009643 0.481479943080064 0
844 0.898799295110204 0.831649349880612 0
845 0.899230273178929 0.506864442645771 0
846 0.900411679939231 0.703252620081374 0
847 0.900444629814229 0.734974052337252 0
848 0.900477579689226 0.766695484593129 0
849 0.900510529564224 0.798416916849006 0
850 0.90385451191809 0.5388944625109 0
851 0.918916912649124 0.598882501637407 0
852 0.923813870641467 0.629607435183664 0
853 0.925925925925623 1 0
854 0.925925925925731 0 0
855 0.926418785206552 0.0359872262336468 0
856 0.926911644487373 0.0719744524672928 0
857 0.927250604959829 0.325716557840797 0
858 0.927367689773118 0.965013035641805 0
859 0.927404503768194 0.107961678700944 0
860 0.927542403551245 0.28921353469002 0
861 0.927645002756821 0.144043615263456 0
862 0.92783420214266 0.252710511539244 0
863 0.927885501745448 0.180125551825962 0
864 0.927936193233458 0.36224063104282 0
865 0.928126000734074 0.216207488388468 0
866 0.928621781507086 0.398764704244842 0
867 0.928710828633811 0.660332368729922 0
868 0.928809453620614 0.93002607128361 0
869 0.929307369780714 0.435288777446864 0
870 0.930251217468109 0.895039106925415 0
871 0.930478307226905 0.464557456169645 0
872 0.931392040437456 0.860538472558633 0
873 0.931649244673096 0.493826134892459 0
874 0.931656484121326 0.558056745553397 0
875 0.932532863406803 0.82603783819185 0
876 0.932820182119286 0.523094813615308 0
877 0.933607786626154 0.691057302276179 0
878 0.933629753209486 0.724550602792475 0
879 0.933651719792818 0.758043903308771 0
880 0.933673686376149 0.791537203825068 0
881 0.959458456324562 0.577219028595895 0
882 0.961906935320734 0.611100013887591 0
883 0.962962962962834 1 0
884 0.962962962962865 0 0
885 0.963209392603276 0.0365121316353061 0
886 0.963455822243687 0.0730242632706106 0
887 0.963625302479915 0.329524945586649 0
888 0.963683844886574 0.963987999302335 0
889 0.963702251884097 0.109536394905926 0
890 0.963771201775622 0.292754915492796 0
891 0.963822501378411 0.146095881705656 0
892 0.96391710107133 0.255984885398944 0
893 0.963942750872724 0.182655368505373 0
894 0.963968096616729 0.366305500706125 0
895 0.964063000367037 0.219214855305091 0
896 0.964310890753543 0.4030860558256 0
897 0.964355414316905 0.644980999179287 0
898 0.964404726810314 0.92797599860467 0
899 0.964653684890357 0.439866610945076 0
900 0.965125608734055 0.891963997907005 0
901 0.965239153613453 0.473019468824931 0
902 0.965696020218728 0.856195162205047 0
903 0.965824622336548 0.506172326704854 0
904 0.966266431703401 0.820426326503088 0
905 0.966410091059643 0.539325184584846 0
906 0.966803893313077 0.678861984470983 0
907 0.966814876604743 0.714127153247698 0
908 0.966825859896409 0.749392322024414 0
909 0.966836843188075 0.78465749080113 0
910 1 0 0
911 1 1 0
912 1 0.111111111110908 0
913 1 0.222222222221714 0
914 1 0.333333333332501 0
915 1 0.444444444443288 0
916 1 0.555555555554383 0
917 1 0.666666666665787 0
918 1 0.777777777777192 0
919 1 0.888888888888596 0
920 1 0.0370370370369653 0
921 1 0.0740740740739285 0
922 1 0.148148148147856 0
923 1 0.185185185184785 0
924 1 0.259259259258643 0
925 1 0.296296296295572 0
926 1 0.37037037036943 0
927 1 0.407407407406359 0
928 1 0.481481481480217 0
929 1 0.518518518517249 0
930 1 0.592592592591518 0
931 1 0.629629629628653 0
932 1 0.703703703702922 0
933 1 0.740740740740057 0
934 1 0.814814814814326 0
935 1 0.851851851851461 0
936 1 0.925925925925731 0
937 1 0.962962962962865 0
