1 0 0 0
2 0 1 0
3 0 0.888888888888426 0
4 0 0.777777777777932 0
5 0 0.666666666667592 0
6 0 0.555555555557251 0
7 0 0.444444444446294 0
8 0 0.333333333334721 0
9 0 0.222222222223147 0
10 0 0.111111111111574 0
11 0 0.944444444444245 0
12 0 0.833333333333182 0
13 0 0.722222222222796 0
14 0 0.611111111112326 0
15 0 0.500000000001982 0
16 0 0.388888888890507 0
17 0 0.277777777778934 0
18 0 0.16666666666736 0
19 0 0.0555555555557867 0
20 0.0337611408520354 0.894991403781159 0
21 0.0428180523431966 0.851028814969131 0
22 0.0446583482039111 0.947495701890595 0
23 0.0451717125156364 0.748441432465284 0
24 0.0455440614549387 0.701783844970699 0
25 0.0459164103942409 0.65512625747608 0
26 0.0467049949819627 0.601218474753923 0
27 0.0474935795696845 0.547310692031862 0
28 0.0479624829622639 0.492099439551606 0
29 0.0484122488248692 0.325890460693544 0
30 0.0484218175898563 0.381389323882343 0
31 0.0484313863548434 0.436888187071142 0
32 0.048532510700224 0.271010471365255 0
33 0.0486527725755788 0.216130482036966 0
34 0.0498518633974391 0.161944127229885 0
35 0.0510509542192994 0.107757772422804 0
36 0.0518749638343578 0.8070662261571 0
37 0.0533032548873705 0.0538788862114021 0
38 0.0555555555554416 0 0
39 0.0555555555557867 1 0
40 0.0675222817040708 0.901093918673892 0
41 0.0856361046863932 0.868724296605081 0
42 0.0893166964078222 0.950546959336946 0
43 0.0903434250312729 0.719105087152636 0
44 0.0910779017436237 0.769649660092609 0
45 0.0910881229098774 0.681345467718602 0
46 0.0918328207884819 0.643585848284569 0
47 0.0934099899639254 0.59132583839552 0
48 0.0949871591393689 0.539065828506472 0
49 0.0959249659245278 0.48419887910123 0
50 0.0968244976497383 0.318447588052367 0
51 0.0968436351797125 0.373889758874178 0
52 0.0968627727096867 0.429331929695989 0
53 0.097065021400448 0.264243164951576 0
54 0.0973055451511577 0.210038741850785 0
55 0.0997037267948783 0.15722158779241 0
56 0.102101908438599 0.104404433734035 0
57 0.103749927668716 0.836354674536269 0
58 0.106606509774754 0.0522022168670175 0
59 0.111111111110908 0 0
60 0.111111111111574 1 0
61 0.114836931819342 0.904360062308098 0
62 0.13028083965289 0.732233094028117 0
63 0.134239437325127 0.685294267530665 0
64 0.136984090971611 0.790857887719933 0
65 0.138198034997363 0.638355441033214 0
66 0.140357167230861 0.858173165279251 0
67 0.141039760234415 0.585682719073908 0
68 0.143881485471467 0.533009997114603 0
69 0.14403775895229 0.939995828011116 0
70 0.144445106984143 0.202891307736556 0
71 0.145440250428169 0.256299928615565 0
72 0.145617650168578 0.477371599067235 0
73 0.146435393872195 0.309708549494574 0
74 0.146894604368942 0.365720875257221 0
75 0.147353814865689 0.421733201019868 0
76 0.147409324336905 0.151902428640356 0
77 0.150373541689667 0.100913549544156 0
78 0.158520104177994 0.0504567747720778 0
79 0.165486501377083 0.818902214338376 0
80 0.16666666666632 0 0
81 0.16666666666736 1 0
82 0.170218254274507 0.745361100903598 0
83 0.176964406793007 0.879991656022232 0
84 0.177390751740376 0.689243067342728 0
85 0.184563249206245 0.633125033781859 0
86 0.188669530504905 0.580039599752296 0
87 0.190615835523304 0.779631263397501 0
88 0.191584668817128 0.195743873622328 0
89 0.192775811803565 0.526954165722733 0
90 0.193194096425933 0.944330396152272 0
91 0.19381547945589 0.248356692279554 0
92 0.193988911782554 0.846946540956818 0
93 0.195114921878932 0.146583269488302 0
94 0.195310334412628 0.47054431903324 0
95 0.196046290094652 0.300969510936781 0
96 0.196945573558172 0.357551991640264 0
97 0.197844857021691 0.414134472343747 0
98 0.198645174940736 0.0974226653542764 0
99 0.210433698581225 0.0487113326771382 0
100 0.211013416772102 0.813901425891403 0
101 0.219721526184506 0.888660792304544 0
102 0.222139828779534 0.732093347297063 0
103 0.222222222221714 0 0
104 0.222222222223147 1 0
105 0.226455988416609 0.681297590336735 0
106 0.230772148053684 0.630501833376406 0
107 0.232133528520477 0.848736265879572 0
108 0.232914836593117 0.0966213584566708 0
109 0.233342679817991 0.770452543375831 0
110 0.234562226936099 0.139763956740025 0
111 0.23609799826683 0.578048608616685 0
112 0.236209617279081 0.182906555023379 0
113 0.240840191978983 0.234970749471679 0
114 0.241423848479977 0.525595383856964 0
115 0.242350433899576 0.948664964293428 0
116 0.244545530856449 0.808811739454599 0
117 0.245470766678885 0.28703494391998 0
118 0.249941652652638 0.465626462285608 0
119 0.251965111752092 0.346346242317116 0
120 0.255346307185112 0.0483106792283354 0
121 0.258459456825298 0.405657540714252 0
122 0.262478645576005 0.897329928586856 0
123 0.267184498245498 0.0958200515590652 0
124 0.2702781452584 0.850525990802326 0
125 0.274009531993266 0.132944643991747 0
126 0.274061403284562 0.718825593690529 0
127 0.275521225092842 0.673352113330741 0
128 0.276069524112678 0.761273823354162 0
129 0.276981046901123 0.627878632970954 0
130 0.277777777777108 0 0
131 0.277777777778934 1 0
132 0.278077644940795 0.803722053017796 0
133 0.280834565741033 0.17006923642443 0
134 0.283526466028756 0.576057617481075 0
135 0.287864904502076 0.221584806663805 0
136 0.290071885156389 0.524236601991195 0
137 0.294895243263118 0.273100376903179 0
138 0.295852653008735 0.948197055586928 0
139 0.300258915789 0.0479100257795326 0
140 0.304572970892647 0.460708605537976 0
141 0.306984649946012 0.335140492993968 0
142 0.308067764031062 0.712272917448966 0
143 0.312313445932533 0.0999236264024072 0
144 0.313927528238537 0.896394111173857 0
145 0.31450108244134 0.671099159627144 0
146 0.319074056628905 0.397180609084756 0
147 0.320934400851618 0.629925401805321 0
148 0.32094677180839 0.750096311436571 0
149 0.323876653912128 0.842156908299016 0
150 0.324367976076066 0.151937227025282 0
151 0.329055953898468 0.578112333656687 0
152 0.332803037206828 0.203293679971371 0
153 0.333333333332501 0 0
154 0.333333333334721 1 0
155 0.333825779585719 0.787919705424176 0
156 0.337177506945319 0.526299265508053 0
157 0.34123809833759 0.25465013291746 0
158 0.342074124777561 0.705720241207404 0
159 0.346317194771645 0.474286097472818 0
160 0.349354872117895 0.947729146880429 0
161 0.3506173598718 0.066902608813067 0
162 0.353480939789837 0.668846205923546 0
163 0.354530773773804 0.307791719229613 0
164 0.355456882597971 0.422272929437583 0
165 0.364887754802114 0.631972170639689 0
166 0.365376410901069 0.895458293760858 0
167 0.365824019504102 0.73891879951898 0
168 0.367823449210018 0.360933305541765 0
169 0.367901386411099 0.133805217626134 0
170 0.374585441768181 0.5801670498323 0
171 0.377475162565855 0.833787825795707 0
172 0.37774116991158 0.185002553278938 0
173 0.384283128734248 0.528361929024911 0
174 0.387580953412062 0.236199888931741 0
175 0.387760697613649 0.691659939185622 0
176 0.388061418650643 0.48786358940766 0
177 0.388888888887894 0 0
178 0.388888888890507 1 0
179 0.389573914230642 0.772117357830556 0
180 0.391839708567038 0.44736524979041 0
181 0.396698563664292 0.393934532807458 0
182 0.402076897601597 0.280442945465257 0
183 0.402350230549745 0.0608162212677972 0
184 0.40475924444129 0.948716984581556 0
185 0.409697375723196 0.644401078852265 0
186 0.415811572211596 0.121632442535594 0
187 0.416572841791131 0.324686001998774 0
188 0.420629599992073 0.897433969163111 0
189 0.42204045543746 0.714473672447698 0
190 0.423649256380254 0.173005565973994 0
191 0.425573678118566 0.426935760073151 0
192 0.426582807176722 0.585344500216871 0
193 0.431486940548912 0.224378689412393 0
194 0.434520958374407 0.476611840827314 0
195 0.434716464695724 0.840428171224394 0
196 0.437940244730613 0.365596136177333 0
197 0.439437526152565 0.264400851159594 0
198 0.443468238630247 0.526287921581477 0
199 0.444444444443288 0 0
200 0.444444444446294 1 0
201 0.44738811175622 0.304423012906795 0
202 0.448803329399376 0.783422373285676 0
203 0.454083101227691 0.0547298337225274 0
204 0.454506996644279 0.656829987064841 0
205 0.459307647670095 0.406506270355893 0
206 0.460163616764686 0.949704822282682 0
207 0.463721758012094 0.109459667445055 0
208 0.469557342848928 0.16100857866905 0
209 0.474598818854391 0.728783500599415 0
210 0.475392927685761 0.212557489893045 0
211 0.475882789083078 0.899409644565365 0
212 0.476798154703534 0.248358756853931 0
213 0.477309690997835 0.335782435611642 0
214 0.478203381721308 0.284160023814816 0
215 0.478580172585263 0.590521950601442 0
216 0.480980498098171 0.465360092246968 0
217 0.491957766825593 0.847068516653081 0
218 0.499999999998681 0 0
219 0.500000000001982 1 0
220 0.500394308309407 0.674144627913155 0
221 0.502653348526247 0.524213914138043 0
222 0.50723127023945 0.367141858316489 0
223 0.507497760662901 0.0529907522840657 0
224 0.508032744568109 0.794727388740797 0
225 0.514509573696126 0.950752427595107 0
226 0.51499552132712 0.105981504568132 0
227 0.516679137265056 0.30596873504595 0
228 0.51884053604655 0.157784807059562 0
229 0.519682344015518 0.257778422298472 0
230 0.52268555076598 0.209588109550994 0
231 0.525602317193362 0.618045299297374 0
232 0.527157182271322 0.743093328751133 0
233 0.529019147390269 0.901504855190214 0
234 0.531746828038606 0.424443626707719 0
235 0.543668917580548 0.85135819532609 0
236 0.546281619974535 0.691459268761469 0
237 0.550810326077316 0.561945970681593 0
238 0.555154892808805 0.327777446277084 0
239 0.555555555554383 0 0
240 0.555555555557251 1 0
241 0.556262385837763 0.481745395098949 0
242 0.558318687770826 0.801211535461966 0
243 0.560912420098264 0.0512516708456041 0
244 0.562566533327501 0.267198087743013 0
245 0.566269284642145 0.102503341691208 0
246 0.568123729244172 0.154561035450075 0
247 0.568855530627356 0.951800032907532 0
248 0.569978173846198 0.206618729208942 0
249 0.57262446180146 0.645568647993306 0
250 0.574481538784098 0.752290543002085 0
251 0.582155505697461 0.903600065815063 0
252 0.582513157979042 0.38352716116847 0
253 0.590644389797371 0.703369550542204 0
254 0.595380068335502 0.855647873999099 0
255 0.596563577137087 0.522058491302821 0
256 0.598967303628385 0.599678027225143 0
257 0.608582726275396 0.663093605660922 0
258 0.608604630973544 0.807695682183135 0
259 0.609871423149279 0.439276876059855 0
260 0.611111111110085 0 0
261 0.611111111112326 1 0
262 0.6156424792238 0.0507059138715415 0
263 0.615816126098407 0.319760564316535 0
264 0.619192876219604 0.263244157552717 0
265 0.620173847337516 0.101411827743083 0
266 0.621371736839158 0.154069789265991 0
267 0.621805895296875 0.761487757253037 0
268 0.622569626340801 0.206727750788899 0
269 0.622988980666503 0.952662878697373 0
270 0.626521062753422 0.622817660779639 0
271 0.630288458949075 0.367762558522687 0
272 0.63486685022068 0.905325757394747 0
273 0.635007159620206 0.715279832322939 0
274 0.636864768436411 0.562371587506693 0
275 0.642316828196859 0.482171011924049 0
276 0.644540990749333 0.680618563328537 0
277 0.644760791799744 0.415764552728838 0
278 0.64595139502184 0.857833768135624 0
279 0.654074821878459 0.645957294334135 0
280 0.657035939823 0.810341778876501 0
281 0.666594082399446 0.5975756566865 0
282 0.666666666665787 0 0
283 0.666666666667592 1 0
284 0.667786763894922 0.764895560544869 0
285 0.670372538349337 0.050160156897479 0
286 0.674078410032886 0.100320313794958 0
287 0.674619744434145 0.153578543081907 0
288 0.674762233244438 0.525065147788242 0
289 0.675161078835404 0.206836772368855 0
290 0.675819219111706 0.259290227362421 0
291 0.676477359388008 0.311743682355987 0
292 0.677122430705746 0.953525724487215 0
293 0.678063759919108 0.351997955876904 0
294 0.678537587966845 0.719449342213237 0
295 0.679650160450208 0.39225222939782 0
296 0.683266243023539 0.449168003677433 0
297 0.687430492164662 0.676114534039772 0
298 0.687578194743899 0.90705144897443 0
299 0.69632339636248 0.632779725866307 0
300 0.696522721708178 0.860019662272149 0
301 0.705467248672457 0.812987875569867 0
302 0.70666710204547 0.572333652593361 0
303 0.71376763249297 0.768303363836701 0
304 0.721771694247334 0.482571454626029 0
305 0.722068016313483 0.723618852103535 0
306 0.72222222222149 0 0
307 0.722222222222796 1 0
308 0.724215657850219 0.416164995430818 0
309 0.725209480458501 0.0507854526460112 0
310 0.726745482546819 0.364590403901738 0
311 0.728196738695513 0.101570905292022 0
312 0.728978789031991 0.154147581897566 0
313 0.729275307243419 0.313015812372659 0
314 0.729518073305944 0.259870035437884 0
315 0.729760839368468 0.20672425850311 0
316 0.730319993579992 0.671610504751007 0
317 0.730851341491292 0.952992493338953 0
318 0.738571970846502 0.61960215739848 0
319 0.739480460759787 0.905984986677907 0
320 0.74667681082318 0.858885030187456 0
321 0.752953108031968 0.53255317994105 0
322 0.753873160886574 0.811785073697005 0
323 0.759587192485018 0.766978469292309 0
324 0.765301224083463 0.722171864887613 0
325 0.76878115525023 0.440077761463815 0
326 0.770370361057658 0.680043369902936 0
327 0.77542720517453 0.377182851926573 0
328 0.775439498031854 0.637914874918259 0
329 0.777777777777192 0 0
330 0.777777777777932 1 0
331 0.780046422567666 0.0514107483945435 0
332 0.78207325509883 0.314287942389332 0
333 0.782315067358141 0.102821496789087 0
334 0.783216927500182 0.260449843513348 0
335 0.783337833629837 0.154716620713226 0
336 0.784134521816601 0.582534905256072 0
337 0.784360599901533 0.206611744637364 0
338 0.784580252276804 0.952459262190692 0
339 0.791382726775675 0.904918524381384 0
340 0.796830899938183 0.857750398102763 0
341 0.799239114018466 0.49277270728874 0
342 0.80227907310069 0.810582271824142 0
343 0.805406752477067 0.765653574747917 0
344 0.808534431853443 0.720724877671691 0
345 0.810420728535325 0.688476235054864 0
346 0.812307025217206 0.656227592438038 0
347 0.814737859456024 0.610460844407275 0
348 0.829697072786701 0.545467653113664 0
349 0.831371104960651 0.435394352706234 0
350 0.833333333332894 0 0
351 0.833333333333182 1 0
352 0.833922843114969 0.376746204474186 0
353 0.835022122419055 0.0523021148212623 0
354 0.836474581269287 0.318098056242138 0
355 0.836710911505216 0.104604229642525 0
356 0.837374690885305 0.264001994648371 0
357 0.837492856003269 0.157255081348564 0
358 0.838274800501322 0.209905933054604 0
359 0.838356554911051 0.950758185081302 0
360 0.84337977648892 0.901516370162604 0
361 0.845341197095446 0.638386783558479 0
362 0.847387288910688 0.853007982249589 0
363 0.847917388971733 0.480780200292976 0
364 0.849907126495892 0.675187766217506 0
365 0.851394801332457 0.804499594336574 0
366 0.852933928614397 0.758244171606553 0
367 0.854036220880194 0.583006813896292 0
368 0.854473055896337 0.711988748876533 0
369 0.864463672982815 0.526166047879717 0
370 0.878375368973686 0.620545974678919 0
371 0.888888888888426 1 0
372 0.888888888888596 0 0
373 0.889393524456459 0.661899297380147 0
374 0.889997822270444 0.0531934812479812 0
375 0.890875907439744 0.321908170094945 0
376 0.891106755652291 0.106386962495962 0
377 0.891532454270428 0.267554145783394 0
378 0.891647878376702 0.159793541983903 0
379 0.892132857545295 0.949057107971912 0
380 0.892189001101112 0.213200121471844 0
381 0.892418481055408 0.376309557021799 0
382 0.893961054671072 0.430710943948653 0
383 0.895376826202164 0.898114215943825 0
384 0.896595663925001 0.468787693297211 0
385 0.897943677883194 0.848265566396415 0
386 0.899230273178929 0.506864442645771 0
387 0.900411679939231 0.703252620081374 0
388 0.900461104751728 0.75083476846519 0
389 0.900510529564224 0.798416916849006 0
390 0.901825678734829 0.557108406498184 0
391 0.939187684486843 0.588050765116651 0
392 0.944444444444245 1 0
393 0.944444444444298 0 0
394 0.944696762228229 0.636505204245116 0
395 0.944998911135222 0.0543745184017114 0
396 0.945437953719872 0.327620751713723 0
397 0.945553377826146 0.108749036803435 0
398 0.945766227135214 0.272665961780251 0
399 0.945823939188351 0.163230104325111 0
400 0.946066428772663 0.946750776208105 0
401 0.946094500550556 0.217711171846779 0
402 0.946209240527704 0.382599222954847 0
403 0.946980527335536 0.43757769419597 0
404 0.947688413101082 0.89350155241621 0
405 0.9482978319625 0.484393846647946 0
406 0.948971838941597 0.840799449864654 0
407 0.949615136589465 0.531209999100077 0
408 0.950205839969616 0.684959643373581 0
409 0.950230552375864 0.73652849534334 0
410 0.950255264782112 0.788097347313099 0
411 1 0 0
412 1 1 0
413 1 0.111111111110908 0
414 1 0.222222222221714 0
415 1 0.333333333332501 0
416 1 0.444444444443288 0
417 1 0.555555555554383 0
418 1 0.666666666665787 0
419 1 0.777777777777192 0
420 1 0.888888888888596 0
421 1 0.0555555555554416 0
422 1 0.16666666666632 0
423 1 0.277777777777108 0
424 1 0.388888888887894 0
425 1 0.499999999998681 0
426 1 0.611111111110085 0
427 1 0.72222222222149 0
428 1 0.833333333332894 0
429 1 0.944444444444298 0
