1 0 0 0
2 0 1 0
3 0 0.750000000000347 0
4 0 0.500000000002059 0
5 0 0.250000000001041 0
6 0 0.875000000000005 0
7 0 0.625000000001009 0
8 0 0.37500000000155 0
9 0 0.12500000000052 0
10 0.0714760276780363 0.238721858914918 0
11 0.0872290864268904 0.339084912891886 0
12 0.0974113028081278 0.687441705386686 0
13 0.0977041484373635 0.791560971250287 0
14 0.0979969940665992 0.895680237114055 0
15 0.0982380138389057 0.119360929457459 0
16 0.100196723991936 0.563444836127673 0
17 0.102982145175744 0.439447966868855 0
18 0.124999999999775 0 0
19 0.12500000000052 1 0
20 0.142952055356073 0.227443717828795 0
21 0.174458172853781 0.303169825782223 0
22 0.194822605616256 0.624883410773026 0
23 0.195408296874727 0.708121942500568 0
24 0.195993988133198 0.79136047422811 0
25 0.196476027677742 0.113721858914398 0
26 0.200393447983872 0.501889672254338 0
27 0.202521794859089 0.894532309125152 0
28 0.205964290351489 0.37889593373565 0
29 0.241298814448741 0.226138522973859 0
30 0.249999999999411 0 0
31 0.250000000001041 1 0
32 0.280043589717659 0.789064618250304 0
33 0.286121601219741 0.338555187033321 0
34 0.286885512734602 0.688381177142973 0
35 0.289924518485643 0.463126461534481 0
36 0.293727435751546 0.587697736035641 0
37 0.30704659565158 0.893384381136249 0
38 0.308139456043702 0.149107220165496 0
39 0.364093191302119 0.786768762272498 0
40 0.366278912087993 0.298214440330991 0
41 0.374999999999051 0 0
42 0.37500000000155 1 0
43 0.378362728594477 0.668640411785377 0
44 0.379455588987415 0.424363250814624 0
45 0.392632265886836 0.550512061298257 0
46 0.420596996853094 0.890626466982785 0
47 0.421651115590808 0.136592291132678 0
48 0.466193993704638 0.781252933965571 0
49 0.468302231182564 0.273184582265356 0
50 0.491725399700678 0.657179341579972 0
51 0.492779518439641 0.403145165729865 0
52 0.499999999998692 0 0
53 0.500000000002059 1 0
54 0.517256805696717 0.533105749194374 0
55 0.534147398054608 0.887868552829322 0
56 0.535162775137913 0.124077362099861 0
57 0.568294796107157 0.775737105658644 0
58 0.570325550277134 0.248154724199721 0
59 0.605088070806878 0.645718271374567 0
60 0.606103447891866 0.381927080645106 0
61 0.624999999999016 0 0
62 0.625000000001009 1 0
63 0.641881345506598 0.515699437090491 0
64 0.650579706353066 0.887598073291236 0
65 0.651255960656073 0.12009657469682 0
66 0.676159412705123 0.775196146582473 0
67 0.677511921313129 0.24019314939364 0
68 0.700514835267954 0.669208801591876 0
69 0.701115322950653 0.348263994436614 0
70 0.724718724588178 0.456334839479589 0
71 0.724870257830784 0.563221456601279 0
72 0.749999999999341 0 0
73 0.750000000000347 1 0
74 0.767012014651718 0.887327593753151 0
75 0.767349146174232 0.116115787293779 0
76 0.784024029303089 0.774655187506302 0
77 0.784698292349124 0.232231574587558 0
78 0.795941599729029 0.692699331809184 0
79 0.796127198009441 0.314600908228122 0
80 0.807556103669757 0.396970241868686 0
81 0.80785917015497 0.610743476112066 0
82 0.814324154832831 0.505853288767484 0
83 0.87499999999967 0 0
84 0.875000000000005 1 0
85 0.883506007325775 0.881163796876411 0
86 0.883674573087116 0.120557893646777 0
87 0.892012014651544 0.762327593752821 0
88 0.892349146174562 0.241115787293485 0
89 0.897970799864515 0.6588496659041 0
90 0.89806359900472 0.344800454113587 0
91 0.903778051834879 0.448485120933689 0
92 0.903929585077485 0.555371738055379 0
93 1 0 0
94 1 1 0
95 1 0.249999999999411 0
96 1 0.499999999998692 0
97 1 0.749999999999341 0
98 1 0.124999999999775 0
99 1 0.374999999999051 0
100 1 0.624999999999016 0
101 1 0.87499999999967 0
