1 1 1 1 1 40 43 5 14 27 41 42 30 17 12 13 15 28 29 16
2 1 1 1 5 43 46 4 17 30 44 45 33 20 10 11 18 31 32 19
3 1 1 1 4 46 49 3 20 33 47 48 36 23 8 9 21 34 35 22
4 1 1 1 3 49 52 2 23 36 50 51 39 26 6 7 24 37 38 25
5 1 1 1 40 79 82 43 53 66 80 81 69 56 42 41 54 67 68 55
6 1 1 1 43 82 85 46 56 69 83 84 72 59 45 44 57 70 71 58
7 1 1 1 46 85 88 49 59 72 86 87 75 62 48 47 60 73 74 61
8 1 1 1 49 88 91 52 62 75 89 90 78 65 51 50 63 76 77 64
9 1 1 1 79 118 121 82 92 105 119 120 108 95 81 80 93 106 107 94
10 1 1 1 82 121 124 85 95 108 122 123 111 98 84 83 96 109 110 97
11 1 1 1 85 124 127 88 98 111 125 126 114 101 87 86 99 112 113 100
12 1 1 1 88 127 130 91 101 114 128 129 117 104 90 89 102 115 116 103
13 1 1 1 118 157 159 121 131 144 162 163 147 134 120 119 132 145 146 133
14 1 1 1 121 159 160 124 134 147 164 165 150 137 123 122 135 148 149 136
15 1 1 1 124 160 161 127 137 150 166 167 153 140 126 125 138 151 152 139
16 1 1 1 127 161 158 130 140 153 168 169 156 143 129 128 141 154 155 142
