1 1 1 1 1 49 52 6 17 33 50 51 36 20 15 16 18 34 35 19
2 1 1 1 6 52 55 5 20 36 53 54 39 23 13 14 21 37 38 22
3 1 1 1 5 55 58 4 23 39 56 57 42 26 11 12 24 40 41 25
4 1 1 1 4 58 61 3 26 42 59 60 45 29 9 10 27 43 44 28
5 1 1 1 3 61 64 2 29 45 62 63 48 32 7 8 30 46 47 31
6 1 1 1 49 97 100 52 65 81 98 99 84 68 51 50 66 82 83 67
7 1 1 1 52 100 103 55 68 84 101 102 87 71 54 53 69 85 86 70
8 1 1 1 55 103 106 58 71 87 104 105 90 74 57 56 72 88 89 73
9 1 1 1 58 106 109 61 74 90 107 108 93 77 60 59 75 91 92 76
10 1 1 1 61 109 112 64 77 93 110 111 96 80 63 62 78 94 95 79
11 1 1 1 97 145 148 100 113 129 146 147 132 116 99 98 114 130 131 115
12 1 1 1 100 148 151 103 116 132 149 150 135 119 102 101 117 133 134 118
13 1 1 1 103 151 154 106 119 135 152 153 138 122 105 104 120 136 137 121
14 1 1 1 106 154 157 109 122 138 155 156 141 125 108 107 123 139 140 124
15 1 1 1 109 157 160 112 125 141 158 159 144 128 111 110 126 142 143 127
16 1 1 1 145 193 196 148 161 177 194 195 180 164 147 146 162 178 179 163
17 1 1 1 148 196 199 151 164 180 197 198 183 167 150 149 165 181 182 166
18 1 1 1 151 199 202 154 167 183 200 201 186 170 153 152 168 184 185 169
19 1 1 1 154 202 205 157 170 186 203 204 189 173 156 155 171 187 188 172
20 1 1 1 157 205 208 160 173 189 206 207 192 176 159 158 174 190 191 175
21 1 1 1 193 241 243 196 209 225 247 248 228 212 195 194 210 226 227 211
22 1 1 1 196 243 244 199 212 228 249 250 231 215 198 197 213 229 230 214
23 1 1 1 199 244 245 202 215 231 251 252 234 218 201 200 216 232 233 217
24 1 1 1 202 245 246 205 218 234 253 254 240 221 204 203 219 235 236 220
25 1 1 1 205 246 242 208 221 240 255 256 237 224 207 206 222 239 238 223
