1 1 1 1 1 31 33 8 16 32 18 15 17
2 1 1 1 8 33 35 7 18 34 20 14 19
3 1 1 1 7 35 37 6 20 36 22 13 21
4 1 1 1 6 37 39 5 22 38 24 12 23
5 1 1 1 5 39 41 4 24 40 26 11 25
6 1 1 1 4 41 43 3 26 42 28 10 27
7 1 1 1 3 43 45 2 28 44 30 9 29
8 1 1 1 31 61 63 33 46 62 48 32 47
9 1 1 1 33 63 65 35 48 64 50 34 49
10 1 1 1 35 65 67 37 50 66 52 36 51
11 1 1 1 37 67 69 39 52 68 54 38 53
12 1 1 1 39 69 71 41 54 70 56 40 55
13 1 1 1 41 71 73 43 56 72 58 42 57
14 1 1 1 43 73 75 45 58 74 60 44 59
15 1 1 1 61 91 93 63 76 92 78 62 77
16 1 1 1 63 93 95 65 78 94 80 64 79
17 1 1 1 65 95 97 67 80 96 82 66 81
18 1 1 1 67 97 99 69 82 98 84 68 83
19 1 1 1 69 99 101 71 84 100 86 70 85
20 1 1 1 71 101 103 73 86 102 88 72 87
21 1 1 1 73 103 105 75 88 104 90 74 89
22 1 1 1 91 121 123 93 106 122 108 92 107
23 1 1 1 93 123 125 95 108 124 110 94 109
24 1 1 1 95 125 127 97 110 126 112 96 111
25 1 1 1 97 127 129 99 112 128 114 98 113
26 1 1 1 99 129 131 101 114 130 116 100 115
27 1 1 1 101 131 133 103 116 132 118 102 117
28 1 1 1 103 133 135 105 118 134 120 104 119
29 1 1 1 121 151 153 123 136 152 138 122 137
30 1 1 1 123 153 155 125 138 154 140 124 139
31 1 1 1 125 155 157 127 140 156 142 126 141
32 1 1 1 127 157 159 129 142 158 144 128 143
33 1 1 1 129 159 161 131 144 160 146 130 145
34 1 1 1 131 161 163 133 146 162 148 132 147
35 1 1 1 133 163 165 135 148 164 150 134 149
36 1 1 1 151 195 193 153 166 194 168 152 167
37 1 1 1 153 193 191 155 168 192 170 154 169
38 1 1 1 155 191 189 157 170 190 172 156 171
39 1 1 1 157 189 187 159 172 188 174 158 173
40 1 1 1 159 187 185 161 174 186 176 160 175
41 1 1 1 161 185 183 163 176 184 178 162 177
42 1 1 1 163 183 181 165 178 182 180 164 179
43 1 1 1 195 211 213 193 208 219 206 194 207
44 1 1 1 193 213 214 191 206 220 204 192 205
45 1 1 1 191 214 215 189 204 221 202 190 203
46 1 1 1 189 215 216 187 202 222 200 188 201
47 1 1 1 187 216 217 185 200 223 198 186 199
48 1 1 1 185 217 218 183 198 224 196 184 197
49 1 1 1 183 218 212 181 196 225 210 182 209
