1 1 1 1 1 23 25 6 12 24 14 11 13
2 1 1 1 6 25 27 5 14 26 16 10 15
3 1 1 1 5 27 29 4 16 28 18 9 17
4 1 1 1 4 29 31 3 18 30 20 8 19
5 1 1 1 3 31 33 2 20 32 22 7 21
6 1 1 1 23 45 47 25 34 46 36 24 35
7 1 1 1 25 47 49 27 36 48 38 26 37
8 1 1 1 27 49 51 29 38 50 40 28 39
9 1 1 1 29 51 53 31 40 52 42 30 41
10 1 1 1 31 53 55 33 42 54 44 32 43
11 1 1 1 45 67 69 47 56 68 58 46 57
12 1 1 1 47 69 71 49 58 70 60 48 59
13 1 1 1 49 71 73 51 60 72 62 50 61
14 1 1 1 51 73 75 53 62 74 64 52 63
15 1 1 1 53 75 77 55 64 76 66 54 65
16 1 1 1 67 89 91 69 78 90 80 68 79
17 1 1 1 69 91 93 71 80 92 82 70 81
18 1 1 1 71 93 95 73 82 94 84 72 83
19 1 1 1 73 95 97 75 84 96 86 74 85
20 1 1 1 75 97 99 77 86 98 88 76 87
21 1 1 1 89 111 113 91 100 117 102 90 101
22 1 1 1 91 113 114 93 102 118 104 92 103
23 1 1 1 93 114 115 95 104 119 106 94 105
24 1 1 1 95 115 116 97 106 120 108 96 107
25 1 1 1 97 116 112 99 108 121 110 98 109
