1 1 1 1 1 9 10 8
2 1 1 1 8 10 11 7
3 1 1 1 7 11 12 6
4 1 1 1 6 12 13 5
5 1 1 1 5 13 14 4
6 1 1 1 4 14 15 3
7 1 1 1 3 15 16 2
8 1 1 1 9 17 18 10
9 1 1 1 10 18 19 11
10 1 1 1 11 19 20 12
11 1 1 1 12 20 21 13
12 1 1 1 13 21 22 14
13 1 1 1 14 22 23 15
14 1 1 1 15 23 24 16
15 1 1 1 17 25 26 18
16 1 1 1 18 26 27 19
17 1 1 1 19 27 28 20
18 1 1 1 20 28 29 21
19 1 1 1 21 29 30 22
20 1 1 1 22 30 31 23
21 1 1 1 23 31 32 24
22 1 1 1 25 33 34 26
23 1 1 1 26 34 35 27
24 1 1 1 27 35 36 28
25 1 1 1 28 36 37 29
26 1 1 1 29 37 38 30
27 1 1 1 30 38 39 31
28 1 1 1 31 39 40 32
29 1 1 1 33 41 42 34
30 1 1 1 34 42 43 35
31 1 1 1 35 43 44 36
32 1 1 1 36 44 45 37
33 1 1 1 37 45 46 38
34 1 1 1 38 46 47 39
35 1 1 1 39 47 48 40
36 1 1 1 41 56 55 42
37 1 1 1 42 55 54 43
38 1 1 1 43 54 53 44
39 1 1 1 44 53 52 45
40 1 1 1 45 52 51 46
41 1 1 1 46 51 50 47
42 1 1 1 47 50 49 48
43 1 1 1 56 57 59 55
44 1 1 1 55 59 60 54
45 1 1 1 54 60 61 53
46 1 1 1 53 61 62 52
47 1 1 1 52 62 63 51
48 1 1 1 51 63 64 50
49 1 1 1 50 64 58 49
