1 1 1 1 1 27 29 7 14 28 16 13 15
2 1 1 1 7 29 31 6 16 30 18 12 17
3 1 1 1 6 31 33 5 18 32 20 11 19
4 1 1 1 5 33 35 4 20 34 22 10 21
5 1 1 1 4 35 37 3 22 36 24 9 23
6 1 1 1 3 37 39 2 24 38 26 8 25
7 1 1 1 27 53 55 29 40 54 42 28 41
8 1 1 1 29 55 57 31 42 56 44 30 43
9 1 1 1 31 57 59 33 44 58 46 32 45
10 1 1 1 33 59 61 35 46 60 48 34 47
11 1 1 1 35 61 63 37 48 62 50 36 49
12 1 1 1 37 63 65 39 50 64 52 38 51
13 1 1 1 53 79 81 55 66 80 68 54 67
14 1 1 1 55 81 83 57 68 82 70 56 69
15 1 1 1 57 83 85 59 70 84 72 58 71
16 1 1 1 59 85 87 61 72 86 74 60 73
17 1 1 1 61 87 89 63 74 88 76 62 75
18 1 1 1 63 89 91 65 76 90 78 64 77
19 1 1 1 79 105 107 81 92 106 94 80 93
20 1 1 1 81 107 109 83 94 108 96 82 95
21 1 1 1 83 109 111 85 96 110 98 84 97
22 1 1 1 85 111 113 87 98 112 100 86 99
23 1 1 1 87 113 115 89 100 114 102 88 101
24 1 1 1 89 115 117 91 102 116 104 90 103
25 1 1 1 105 131 133 107 118 132 120 106 119
26 1 1 1 107 133 135 109 120 134 122 108 121
27 1 1 1 109 135 137 111 122 136 124 110 123
28 1 1 1 111 137 139 113 124 138 126 112 125
29 1 1 1 113 139 141 115 126 140 128 114 127
30 1 1 1 115 141 143 117 128 142 130 116 129
31 1 1 1 131 157 159 133 144 164 146 132 145
32 1 1 1 133 159 160 135 146 165 148 134 147
33 1 1 1 135 160 161 137 148 166 150 136 149
34 1 1 1 137 161 162 139 150 167 152 138 151
35 1 1 1 139 162 163 141 152 168 154 140 153
36 1 1 1 141 163 158 143 154 169 156 142 155
