1 1 1 1 1 67 70 8 23 45 68 69 48 26 21 22 24 46 47 25
2 1 1 1 8 70 73 7 26 48 71 72 51 29 19 20 27 49 50 28
3 1 1 1 7 73 76 6 29 51 74 75 54 32 17 18 30 52 53 31
4 1 1 1 6 76 79 5 32 54 77 78 57 35 15 16 33 55 56 34
5 1 1 1 5 79 82 4 35 57 80 81 60 38 13 14 36 58 59 37
6 1 1 1 4 82 85 3 38 60 83 84 63 41 11 12 39 61 62 40
7 1 1 1 3 85 88 2 41 63 86 87 66 44 9 10 42 64 65 43
8 1 1 1 67 133 136 70 89 111 134 135 114 92 69 68 90 112 113 91
9 1 1 1 70 136 139 73 92 114 137 138 117 95 72 71 93 115 116 94
10 1 1 1 73 139 142 76 95 117 140 141 120 98 75 74 96 118 119 97
11 1 1 1 76 142 145 79 98 120 143 144 123 101 78 77 99 121 122 100
12 1 1 1 79 145 148 82 101 123 146 147 126 104 81 80 102 124 125 103
13 1 1 1 82 148 151 85 104 126 149 150 129 107 84 83 105 127 128 106
14 1 1 1 85 151 154 88 107 129 152 153 132 110 87 86 108 130 131 109
15 1 1 1 133 199 202 136 155 177 200 201 180 158 135 134 156 178 179 157
16 1 1 1 136 202 205 139 158 180 203 204 183 161 138 137 159 181 182 160
17 1 1 1 139 205 208 142 161 183 206 207 186 164 141 140 162 184 185 163
18 1 1 1 142 208 211 145 164 186 209 210 189 167 144 143 165 187 188 166
19 1 1 1 145 211 214 148 167 189 212 213 192 170 147 146 168 190 191 169
20 1 1 1 148 214 217 151 170 192 215 216 195 173 150 149 171 193 194 172
21 1 1 1 151 217 220 154 173 195 218 219 198 176 153 152 174 196 197 175
22 1 1 1 199 265 268 202 221 243 266 267 246 224 201 200 222 244 245 223
23 1 1 1 202 268 271 205 224 246 269 270 249 227 204 203 225 247 248 226
24 1 1 1 205 271 274 208 227 249 272 273 252 230 207 206 228 250 251 229
25 1 1 1 208 274 277 211 230 252 275 276 255 233 210 209 231 253 254 232
26 1 1 1 211 277 280 214 233 255 278 279 258 236 213 212 234 256 257 235
27 1 1 1 214 280 283 217 236 258 281 282 261 239 216 215 237 259 260 238
28 1 1 1 217 283 286 220 239 261 284 285 264 242 219 218 240 262 263 241
29 1 1 1 265 331 334 268 287 309 332 333 312 290 267 266 288 310 311 289
30 1 1 1 268 334 337 271 290 312 335 336 315 293 270 269 291 313 314 292
31 1 1 1 271 337 340 274 293 315 338 339 318 296 273 272 294 316 317 295
32 1 1 1 274 340 343 277 296 318 341 342 321 299 276 275 297 319 320 298
33 1 1 1 277 343 346 280 299 321 344 345 324 302 279 278 300 322 323 301
34 1 1 1 280 346 349 283 302 324 347 348 327 305 282 281 303 325 326 304
35 1 1 1 283 349 352 286 305 327 350 351 330 308 285 284 306 328 329 307
36 1 1 1 331 418 415 334 353 375 417 416 378 356 333 332 354 376 377 355
37 1 1 1 334 415 412 337 356 378 414 413 381 359 336 335 357 379 380 358
38 1 1 1 337 412 409 340 359 381 411 410 384 362 339 338 360 382 383 361
39 1 1 1 340 409 406 343 362 384 408 407 387 365 342 341 363 385 386 364
40 1 1 1 343 406 403 346 365 387 405 404 390 368 345 344 366 388 389 367
41 1 1 1 346 403 400 349 368 390 402 401 393 371 348 347 369 391 392 370
42 1 1 1 349 400 397 352 371 393 399 398 396 374 351 350 372 394 395 373
43 1 1 1 418 463 465 415 438 459 471 472 456 435 416 417 437 458 457 436
44 1 1 1 415 465 466 412 435 456 473 474 453 432 413 414 434 455 454 433
45 1 1 1 412 466 467 409 432 453 475 476 450 428 410 411 430 452 451 429
46 1 1 1 409 467 468 406 428 450 477 478 447 425 407 408 427 449 448 426
47 1 1 1 406 468 469 403 425 447 479 480 444 422 404 405 424 446 445 423
48 1 1 1 403 469 470 400 422 444 481 482 441 419 401 402 421 443 442 420
49 1 1 1 400 470 464 397 419 441 483 484 462 440 398 399 431 460 461 439
