1 1 1 1 1 19 21 5 10 20 12 9 11
2 1 1 1 5 21 23 4 12 22 14 8 13
3 1 1 1 4 23 25 3 14 24 16 7 15
4 1 1 1 3 25 27 2 16 26 18 6 17
5 1 1 1 19 37 39 21 28 38 30 20 29
6 1 1 1 21 39 41 23 30 40 32 22 31
7 1 1 1 23 41 43 25 32 42 34 24 33
8 1 1 1 25 43 45 27 34 44 36 26 35
9 1 1 1 37 55 57 39 46 56 48 38 47
10 1 1 1 39 57 59 41 48 58 50 40 49
11 1 1 1 41 59 61 43 50 60 52 42 51
12 1 1 1 43 61 63 45 52 62 54 44 53
13 1 1 1 55 73 75 57 64 78 66 56 65
14 1 1 1 57 75 76 59 66 79 68 58 67
15 1 1 1 59 76 77 61 68 80 72 60 69
16 1 1 1 61 77 74 63 72 81 70 62 71
