1 0 0 0
2 0 1 0
3 0 0.857142857142461 0
4 0 0.714285714286309 0
5 0 0.571428571430157 0
6 0 0.428571428573212 0
7 0 0.285714285715475 0
8 0 0.142857142857738 0
9 0 0.952380952380866 0
10 0 0.904761904761663 0
11 0 0.809523809523779 0
12 0 0.761904761905009 0
13 0 0.666666666667515 0
14 0 0.619047619048842 0
15 0 0.52380952381128 0
16 0 0.476190476192308 0
17 0 0.380952380953967 0
18 0 0.333333333334721 0
19 0 0.238095238096229 0
20 0 0.190476190476983 0
21 0 0.0952380952384917 0
22 0 0.0476190476192458 0
23 0.0476190476189521 0 0
24 0.0476190476189671 0.047619047619232 0
25 0.047619047618982 0.095238095238464 0
26 0.047619047618997 0.142857142857696 0
27 0.0476190476190108 0.190476190476926 0
28 0.0476190476190246 0.238095238096156 0
29 0.0476190476190385 0.285714285715385 0
30 0.0476190476190523 0.333333333334615 0
31 0.0476190476190661 0.380952380953845 0
32 0.04761904761908 0.428571428573075 0
33 0.0476190476190938 0.476190476192135 0
34 0.0476190476191076 0.523809523811113 0
35 0.0476190476191214 0.571428571430028 0
36 0.0476190476191352 0.619047619048745 0
37 0.0476190476191491 0.666666666667455 0
38 0.0476190476191629 0.714285714286245 0
39 0.0476190476191767 0.761904761904972 0
40 0.0476190476191906 0.809523809523746 0
41 0.0476190476192044 0.857142857142462 0
42 0.0476190476192182 0.904761904761656 0
43 0.047619047619232 0.952380952380851 0
44 0.0476190476192458 1 0
45 0.0952380952379152 0 0
46 0.0952380952379415 0.0476190476192182 0
47 0.0952380952379677 0.0952380952384364 0
48 0.095238095237994 0.142857142857655 0
49 0.0952380952380217 0.190476190476868 0
50 0.0952380952380493 0.238095238096082 0
51 0.095238095238077 0.285714285715296 0
52 0.0952380952381046 0.333333333334509 0
53 0.0952380952381322 0.380952380953723 0
54 0.0952380952381599 0.428571428572937 0
55 0.0952380952381876 0.476190476191962 0
56 0.0952380952382152 0.523809523810946 0
57 0.0952380952382429 0.571428571429899 0
58 0.0952380952382705 0.619047619048648 0
59 0.0952380952382982 0.666666666667394 0
60 0.0952380952383258 0.714285714286181 0
61 0.0952380952383534 0.761904761904935 0
62 0.0952380952383811 0.809523809523714 0
63 0.0952380952384087 0.857142857142463 0
64 0.0952380952384364 0.904761904761649 0
65 0.095238095238464 0.952380952380836 0
66 0.0952380952384917 1 0
67 0.142857142856867 0 0
68 0.142857142856908 0.0476190476192044 0
69 0.14285714285695 0.0952380952384087 0
70 0.142857142856991 0.142857142857613 0
71 0.142857142857032 0.190476190476811 0
72 0.142857142857074 0.238095238096008 0
73 0.142857142857115 0.285714285715206 0
74 0.142857142857157 0.333333333334404 0
75 0.142857142857198 0.380952380953601 0
76 0.14285714285724 0.428571428572799 0
77 0.142857142857281 0.476190476191789 0
78 0.142857142857323 0.523809523810779 0
79 0.142857142857364 0.571428571429769 0
80 0.142857142857406 0.619047619048552 0
81 0.142857142857447 0.666666666667334 0
82 0.142857142857489 0.714285714286116 0
83 0.14285714285753 0.761904761904899 0
84 0.142857142857572 0.809523809523681 0
85 0.142857142857613 0.857142857142464 0
86 0.142857142857655 0.904761904761642 0
87 0.142857142857696 0.952380952380821 0
88 0.142857142857738 1 0
89 0.190476190475775 0 0
90 0.190476190475833 0.0476190476191905 0
91 0.19047619047589 0.0952380952383811 0
92 0.190476190475948 0.142857142857572 0
93 0.190476190476005 0.190476190476753 0
94 0.190476190476063 0.238095238095935 0
95 0.19047619047612 0.285714285715116 0
96 0.190476190476178 0.333333333334298 0
97 0.190476190476235 0.38095238095348 0
98 0.190476190476293 0.428571428572661 0
99 0.190476190476351 0.476190476191654 0
100 0.190476190476408 0.523809523810647 0
101 0.190476190476466 0.57142857142964 0
102 0.190476190476523 0.619047619048444 0
103 0.190476190476581 0.666666666667248 0
104 0.190476190476638 0.714285714286052 0
105 0.190476190476696 0.761904761904856 0
106 0.190476190476753 0.80952380952366 0
107 0.190476190476811 0.857142857142465 0
108 0.190476190476868 0.904761904761643 0
109 0.190476190476926 0.952380952380821 0
110 0.190476190476983 1 0
111 0.238095238094684 0 0
112 0.238095238094757 0.0476190476191767 0
113 0.238095238094831 0.0952380952383534 0
114 0.238095238094904 0.14285714285753 0
115 0.238095238094978 0.190476190476696 0
116 0.238095238095052 0.238095238095861 0
117 0.238095238095125 0.285714285715027 0
118 0.238095238095199 0.333333333334192 0
119 0.238095238095273 0.380952380953358 0
120 0.238095238095346 0.428571428572523 0
121 0.23809523809542 0.476190476191519 0
122 0.238095238095493 0.523809523810515 0
123 0.238095238095567 0.57142857142951 0
124 0.23809523809564 0.619047619048336 0
125 0.238095238095714 0.666666666667162 0
126 0.238095238095788 0.714285714285988 0
127 0.238095238095861 0.761904761904814 0
128 0.238095238095935 0.80952380952364 0
129 0.238095238096008 0.857142857142465 0
130 0.238095238096082 0.904761904761644 0
131 0.238095238096156 0.952380952380822 0
132 0.238095238096229 1 0
133 0.285714285713592 0 0
134 0.285714285713682 0.0476190476191629 0
135 0.285714285713772 0.0952380952383258 0
136 0.285714285713861 0.142857142857489 0
137 0.285714285713951 0.190476190476638 0
138 0.285714285714041 0.238095238095788 0
139 0.28571428571413 0.285714285714937 0
140 0.28571428571422 0.333333333334086 0
141 0.28571428571431 0.380952380953236 0
142 0.285714285714399 0.428571428572385 0
143 0.285714285714489 0.476190476191384 0
144 0.285714285714579 0.523809523810382 0
145 0.285714285714668 0.571428571429381 0
146 0.285714285714758 0.619047619048229 0
147 0.285714285714848 0.666666666667076 0
148 0.285714285714937 0.714285714285924 0
149 0.285714285715027 0.761904761904771 0
150 0.285714285715116 0.809523809523619 0
151 0.285714285715206 0.857142857142466 0
152 0.285714285715296 0.904761904761644 0
153 0.285714285715385 0.952380952380822 0
154 0.285714285715475 1 0
155 0.333333333332501 0 0
156 0.333333333332607 0.0476190476191491 0
157 0.333333333332712 0.0952380952382981 0
158 0.333333333332818 0.142857142857447 0
159 0.333333333332924 0.190476190476581 0
160 0.33333333333303 0.238095238095714 0
161 0.333333333333135 0.285714285714848 0
162 0.333333333333241 0.333333333333981 0
163 0.333333333333347 0.380952380953114 0
164 0.333333333333452 0.428571428572248 0
165 0.333333333333558 0.476190476191249 0
166 0.333333333333664 0.52380952381025 0
167 0.333333333333769 0.571428571429252 0
168 0.333333333333875 0.619047619048121 0
169 0.333333333333981 0.66666666666699 0
170 0.333333333334086 0.71428571428586 0
171 0.333333333334192 0.761904761904729 0
172 0.333333333334298 0.809523809523598 0
173 0.333333333334404 0.857142857142467 0
174 0.333333333334509 0.904761904761645 0
175 0.333333333334615 0.952380952380822 0
176 0.333333333334721 1 0
177 0.38095238095141 0 0
178 0.380952380951531 0.0476190476191352 0
179 0.380952380951653 0.0952380952382705 0
180 0.380952380951775 0.142857142857406 0
181 0.380952380951897 0.190476190476523 0
182 0.380952380952018 0.238095238095641 0
183 0.38095238095214 0.285714285714758 0
184 0.380952380952262 0.333333333333875 0
185 0.380952380952384 0.380952380952992 0
186 0.380952380952505 0.42857142857211 0
187 0.380952380952627 0.476190476191114 0
188 0.380952380952749 0.523809523810118 0
189 0.380952380952871 0.571428571429122 0
190 0.380952380952993 0.619047619048013 0
191 0.380952380953114 0.666666666666904 0
192 0.380952380953236 0.714285714285795 0
193 0.380952380953358 0.761904761904686 0
194 0.38095238095348 0.809523809523577 0
195 0.380952380953601 0.857142857142468 0
196 0.380952380953723 0.904761904761646 0
197 0.380952380953845 0.952380952380823 0
198 0.380952380953967 1 0
199 0.428571428570318 0 0
200 0.428571428570456 0.0476190476191214 0
201 0.428571428570594 0.0952380952382429 0
202 0.428571428570732 0.142857142857364 0
203 0.42857142857087 0.190476190476466 0
204 0.428571428571007 0.238095238095567 0
205 0.428571428571145 0.285714285714668 0
206 0.428571428571283 0.33333333333377 0
207 0.428571428571421 0.380952380952871 0
208 0.428571428571559 0.428571428571972 0
209 0.428571428571696 0.476190476190979 0
210 0.428571428571834 0.523809523809986 0
211 0.428571428571972 0.571428571428993 0
212 0.42857142857211 0.619047619047906 0
213 0.428571428572248 0.666666666666818 0
214 0.428571428572385 0.714285714285731 0
215 0.428571428572523 0.761904761904644 0
216 0.428571428572661 0.809523809523556 0
217 0.428571428572799 0.857142857142469 0
218 0.428571428572937 0.904761904761646 0
219 0.428571428573075 0.952380952380823 0
220 0.428571428573212 1 0
221 0.476190476189227 0 0
222 0.476190476189406 0.0476190476191076 0
223 0.476190476189585 0.0952380952382152 0
224 0.476190476189764 0.142857142857323 0
225 0.476190476189899 0.190476190476408 0
226 0.476190476190034 0.238095238095493 0
227 0.476190476190169 0.285714285714579 0
228 0.476190476190304 0.333333333333664 0
229 0.476190476190439 0.380952380952749 0
230 0.476190476190574 0.428571428571834 0
231 0.476190476190709 0.476190476190844 0
232 0.476190476190844 0.523809523809854 0
233 0.476190476190979 0.571428571428864 0
234 0.476190476191114 0.619047619047798 0
235 0.476190476191249 0.666666666666732 0
236 0.476190476191384 0.714285714285667 0
237 0.476190476191519 0.761904761904601 0
238 0.476190476191654 0.809523809523536 0
239 0.476190476191789 0.85714285714247 0
240 0.476190476191962 0.904761904761647 0
241 0.476190476192135 0.952380952380824 0
242 0.476190476192308 1 0
243 0.523809523808268 0 0
244 0.523809523808444 0.0476190476190938 0
245 0.52380952380862 0.0952380952381875 0
246 0.523809523808797 0.142857142857281 0
247 0.523809523808929 0.190476190476351 0
248 0.523809523809061 0.23809523809542 0
249 0.523809523809193 0.285714285714489 0
250 0.523809523809325 0.333333333333558 0
251 0.523809523809457 0.380952380952627 0
252 0.52380952380959 0.428571428571696 0
253 0.523809523809722 0.476190476190709 0
254 0.523809523809854 0.523809523809722 0
255 0.523809523809986 0.571428571428734 0
256 0.523809523810118 0.619047619047691 0
257 0.52380952381025 0.666666666666647 0
258 0.523809523810383 0.714285714285603 0
259 0.523809523810515 0.761904761904559 0
260 0.523809523810647 0.809523809523515 0
261 0.523809523810779 0.857142857142471 0
262 0.523809523810946 0.904761904761647 0
263 0.523809523811113 0.952380952380824 0
264 0.52380952381128 1 0
265 0.571428571427441 0 0
266 0.57142857142757 0.0476190476190799 0
267 0.5714285714277 0.0952380952381599 0
268 0.571428571427829 0.14285714285724 0
269 0.571428571427959 0.190476190476293 0
270 0.571428571428088 0.238095238095346 0
271 0.571428571428217 0.285714285714399 0
272 0.571428571428346 0.333333333333452 0
273 0.571428571428476 0.380952380952505 0
274 0.571428571428605 0.428571428571559 0
275 0.571428571428734 0.476190476190574 0
276 0.571428571428864 0.52380952380959 0
277 0.571428571428993 0.571428571428605 0
278 0.571428571429123 0.619047619047583 0
279 0.571428571429252 0.666666666666561 0
280 0.571428571429381 0.714285714285539 0
281 0.57142857142951 0.761904761904516 0
282 0.57142857142964 0.809523809523494 0
283 0.571428571429769 0.857142857142472 0
284 0.571428571429899 0.904761904761648 0
285 0.571428571430028 0.952380952380824 0
286 0.571428571430157 1 0
287 0.619047619046614 0 0
288 0.619047619046722 0.0476190476190661 0
289 0.61904761904683 0.0952380952381322 0
290 0.619047619046937 0.142857142857198 0
291 0.619047619047045 0.190476190476235 0
292 0.619047619047152 0.238095238095272 0
293 0.61904761904726 0.28571428571431 0
294 0.619047619047368 0.333333333333347 0
295 0.619047619047475 0.380952380952384 0
296 0.619047619047583 0.428571428571421 0
297 0.61904761904769 0.476190476190439 0
298 0.619047619047798 0.523809523809457 0
299 0.619047619047906 0.571428571428476 0
300 0.619047619048013 0.619047619047475 0
301 0.619047619048121 0.666666666666475 0
302 0.619047619048229 0.714285714285474 0
303 0.619047619048336 0.761904761904474 0
304 0.619047619048444 0.809523809523473 0
305 0.619047619048552 0.857142857142473 0
306 0.619047619048648 0.904761904761648 0
307 0.619047619048745 0.952380952380824 0
308 0.619047619048842 1 0
309 0.666666666665788 0 0
310 0.666666666665873 0.0476190476190523 0
311 0.666666666665959 0.0952380952381046 0
312 0.666666666666045 0.142857142857157 0
313 0.666666666666131 0.190476190476178 0
314 0.666666666666217 0.238095238095199 0
315 0.666666666666303 0.28571428571422 0
316 0.666666666666389 0.333333333333241 0
317 0.666666666666475 0.380952380952262 0
318 0.666666666666561 0.428571428571283 0
319 0.666666666666647 0.476190476190304 0
320 0.666666666666733 0.523809523809325 0
321 0.666666666666818 0.571428571428346 0
322 0.666666666666904 0.619047619047368 0
323 0.66666666666699 0.666666666666389 0
324 0.666666666667076 0.71428571428541 0
325 0.666666666667162 0.761904761904431 0
326 0.666666666667248 0.809523809523452 0
327 0.666666666667334 0.857142857142474 0
328 0.666666666667394 0.904761904761649 0
329 0.666666666667455 0.952380952380825 0
330 0.666666666667515 1 0
331 0.714285714284961 0 0
332 0.714285714285025 0.0476190476190385 0
333 0.714285714285089 0.0952380952380769 0
334 0.714285714285153 0.142857142857115 0
335 0.714285714285217 0.19047619047612 0
336 0.714285714285282 0.238095238095125 0
337 0.714285714285346 0.28571428571413 0
338 0.71428571428541 0.333333333333135 0
339 0.714285714285474 0.38095238095214 0
340 0.714285714285539 0.428571428571145 0
341 0.714285714285603 0.476190476190169 0
342 0.714285714285667 0.523809523809193 0
343 0.714285714285731 0.571428571428217 0
344 0.714285714285795 0.61904761904726 0
345 0.714285714285859 0.666666666666303 0
346 0.714285714285924 0.714285714285346 0
347 0.714285714285988 0.761904761904389 0
348 0.714285714286052 0.809523809523432 0
349 0.714285714286116 0.857142857142475 0
350 0.714285714286181 0.90476190476165 0
351 0.714285714286245 0.952380952380825 0
352 0.714285714286309 1 0
353 0.761904761904134 0 0
354 0.761904761904176 0.0476190476190246 0
355 0.761904761904219 0.0952380952380493 0
356 0.761904761904261 0.142857142857074 0
357 0.761904761904304 0.190476190476063 0
358 0.761904761904346 0.238095238095052 0
359 0.761904761904389 0.285714285714041 0
360 0.761904761904431 0.33333333333303 0
361 0.761904761904474 0.380952380952018 0
362 0.761904761904516 0.428571428571007 0
363 0.761904761904559 0.476190476190034 0
364 0.761904761904601 0.523809523809061 0
365 0.761904761904644 0.571428571428088 0
366 0.761904761904686 0.619047619047152 0
367 0.761904761904729 0.666666666666217 0
368 0.761904761904771 0.714285714285282 0
369 0.761904761904814 0.761904761904346 0
370 0.761904761904856 0.809523809523411 0
371 0.761904761904899 0.857142857142476 0
372 0.761904761904935 0.90476190476165 0
373 0.761904761904972 0.952380952380825 0
374 0.761904761905009 1 0
375 0.809523809523307 0 0
376 0.809523809523328 0.0476190476190108 0
377 0.809523809523349 0.0952380952380216 0
378 0.80952380952337 0.142857142857032 0
379 0.80952380952339 0.190476190476005 0
380 0.809523809523411 0.238095238094978 0
381 0.809523809523432 0.285714285713951 0
382 0.809523809523452 0.333333333332924 0
383 0.809523809523473 0.380952380951897 0
384 0.809523809523494 0.42857142857087 0
385 0.809523809523515 0.476190476189899 0
386 0.809523809523536 0.523809523808929 0
387 0.809523809523557 0.571428571427958 0
388 0.809523809523577 0.619047619047045 0
389 0.809523809523598 0.666666666666131 0
390 0.809523809523619 0.714285714285217 0
391 0.809523809523639 0.761904761904304 0
392 0.80952380952366 0.80952380952339 0
393 0.809523809523681 0.857142857142477 0
394 0.809523809523714 0.904761904761651 0
395 0.809523809523746 0.952380952380826 0
396 0.809523809523779 1 0
397 0.857142857142461 1 0
398 0.857142857142462 0.952380952380826 0
399 0.857142857142463 0.904761904761652 0
400 0.857142857142464 0.857142857142478 0
401 0.857142857142464 0.809523809523369 0
402 0.857142857142465 0.761904761904261 0
403 0.857142857142466 0.714285714285153 0
404 0.857142857142467 0.666666666666045 0
405 0.857142857142468 0.619047619046937 0
406 0.857142857142469 0.571428571427829 0
407 0.85714285714247 0.523809523808797 0
408 0.857142857142471 0.476190476189764 0
409 0.857142857142472 0.428571428570732 0
410 0.857142857142473 0.380952380951775 0
411 0.857142857142474 0.333333333332818 0
412 0.857142857142475 0.285714285713861 0
413 0.857142857142476 0.238095238094905 0
414 0.857142857142477 0.190476190475948 0
415 0.857142857142478 0.142857142856991 0
416 0.857142857142479 0.095238095237994 0
417 0.85714285714248 0.047619047618997 0
418 0.85714285714248 0 0
419 0.904761904761642 0.857142857142479 0
420 0.904761904761643 0.809523809523349 0
421 0.904761904761644 0.761904761904219 0
422 0.904761904761644 0.714285714285089 0
423 0.904761904761645 0.666666666665959 0
424 0.904761904761646 0.619047619046829 0
425 0.904761904761646 0.5714285714277 0
426 0.904761904761647 0.52380952380862 0
427 0.904761904761647 0.476190476189585 0
428 0.904761904761648 0.428571428570594 0
429 0.904761904761648 0.380952380951653 0
430 0.904761904761649 0.333333333332712 0
431 0.904761904761649 0.904761904761652 0
432 0.90476190476165 0.285714285713772 0
433 0.90476190476165 0.238095238094831 0
434 0.904761904761651 0.19047619047589 0
435 0.904761904761652 0.14285714285695 0
436 0.904761904761652 0.0952380952379677 0
437 0.904761904761653 0.047619047618982 0
438 0.904761904761654 0 0
439 0.904761904761656 0.952380952380826 0
440 0.904761904761663 1 0
441 0.952380952380821 0.857142857142479 0
442 0.952380952380822 0.809523809523328 0
443 0.952380952380822 0.761904761904176 0
444 0.952380952380822 0.714285714285025 0
445 0.952380952380822 0.666666666665873 0
446 0.952380952380823 0.619047619046722 0
447 0.952380952380823 0.57142857142757 0
448 0.952380952380823 0.523809523808444 0
449 0.952380952380824 0.476190476189406 0
450 0.952380952380824 0.428571428570456 0
451 0.952380952380824 0.380952380951531 0
452 0.952380952380825 0.333333333332607 0
453 0.952380952380825 0.285714285713682 0
454 0.952380952380825 0.238095238094757 0
455 0.952380952380826 0.190476190475833 0
456 0.952380952380826 0.142857142856908 0
457 0.952380952380826 0.0952380952379415 0
458 0.952380952380826 0.0476190476189671 0
459 0.952380952380827 0 0
460 0.952380952380836 0.904761904761653 0
461 0.952380952380851 0.952380952380827 0
462 0.952380952380866 1 0
463 1 0 0
464 1 1 0
465 1 0.142857142856867 0
466 1 0.285714285713592 0
467 1 0.428571428570318 0
468 1 0.571428571427441 0
469 1 0.714285714284961 0
470 1 0.85714285714248 0
471 1 0.0476190476189521 0
472 1 0.0952380952379152 0
473 1 0.190476190475775 0
474 1 0.238095238094684 0
475 1 0.333333333332501 0
476 1 0.38095238095141 0
477 1 0.476190476189227 0
478 1 0.523809523808268 0
479 1 0.619047619046614 0
480 1 0.666666666665788 0
481 1 0.761904761904134 0
482 1 0.809523809523307 0
483 1 0.904761904761654 0
484 1 0.952380952380827 0
