1 0 0 0
2 0 1 0
3 0 0.750000000000347 0
4 0 0.500000000002059 0
5 0 0.250000000001041 0
6 0 0.875000000000005 0
7 0 0.625000000001009 0
8 0 0.37500000000155 0
9 0 0.12500000000052 0
10 0.124999999999775 0 0
11 0.124999999999842 0.125000000000418 0
12 0.124999999999909 0.250000000000837 0
13 0.125000000000011 0.375000000001238 0
14 0.125000000000113 0.500000000001639 0
15 0.125000000000215 0.625000000000833 0
16 0.125000000000317 0.750000000000221 0
17 0.125000000000418 0.875000000000026 0
18 0.12500000000052 1 0
19 0.249999999999411 0 0
20 0.249999999999615 0.125000000000317 0
21 0.249999999999818 0.250000000000633 0
22 0.250000000000022 0.375000000000925 0
23 0.250000000000226 0.500000000001218 0
24 0.250000000000429 0.625000000000657 0
25 0.250000000000633 0.750000000000095 0
26 0.250000000000837 0.875000000000048 0
27 0.250000000001041 1 0
28 0.374999999999051 0 0
29 0.374999999999364 0.125000000000215 0
30 0.374999999999676 0.250000000000429 0
31 0.374999999999989 0.375000000000613 0
32 0.375000000000301 0.500000000000797 0
33 0.375000000000613 0.625000000000383 0
34 0.375000000000925 0.74999999999997 0
35 0.375000000001238 0.874999999999985 0
36 0.37500000000155 1 0
37 0.499999999998692 0 0
38 0.499999999999113 0.125000000000113 0
39 0.499999999999534 0.250000000000226 0
40 0.499999999999955 0.375000000000301 0
41 0.500000000000376 0.500000000000376 0
42 0.500000000000797 0.62500000000011 0
43 0.500000000001218 0.749999999999844 0
44 0.500000000001639 0.874999999999922 0
45 0.500000000002059 1 0
46 0.624999999999016 0 0
47 0.62499999999929 0.125000000000011 0
48 0.624999999999563 0.250000000000022 0
49 0.624999999999837 0.374999999999989 0
50 0.62500000000011 0.499999999999955 0
51 0.625000000000383 0.624999999999836 0
52 0.625000000000656 0.749999999999718 0
53 0.625000000000833 0.874999999999859 0
54 0.625000000001009 1 0
55 0.749999999999341 0 0
56 0.749999999999466 0.124999999999909 0
57 0.749999999999592 0.249999999999818 0
58 0.749999999999718 0.374999999999676 0
59 0.749999999999844 0.499999999999534 0
60 0.74999999999997 0.624999999999563 0
61 0.750000000000095 0.749999999999592 0
62 0.750000000000221 0.874999999999796 0
63 0.750000000000347 1 0
64 0.87499999999967 0 0
65 0.874999999999733 0.124999999999842 0
66 0.874999999999796 0.249999999999615 0
67 0.874999999999859 0.374999999999364 0
68 0.874999999999922 0.499999999999113 0
69 0.874999999999985 0.62499999999929 0
70 0.875000000000005 1 0
71 0.875000000000026 0.874999999999733 0
72 0.875000000000048 0.749999999999466 0
73 1 0 0
74 1 1 0
75 1 0.249999999999411 0
76 1 0.499999999998692 0
77 1 0.749999999999341 0
78 1 0.124999999999775 0
79 1 0.374999999999051 0
80 1 0.624999999999016 0
81 1 0.87499999999967 0
