1 0 0 0
2 0 1 0
3 0 0.750000000000347 0
4 0 0.500000000002059 0
5 0 0.250000000001041 0
6 0.249999999999411 0 0
7 0.249999999999818 0.250000000000633 0
8 0.250000000000226 0.500000000001218 0
9 0.250000000000633 0.750000000000095 0
10 0.250000000001041 1 0
11 0.499999999998692 0 0
12 0.499999999999534 0.250000000000226 0
13 0.500000000000376 0.500000000000376 0
14 0.500000000001218 0.749999999999844 0
15 0.500000000002059 1 0
16 0.749999999999341 0 0
17 0.749999999999592 0.249999999999818 0
18 0.749999999999844 0.499999999999534 0
19 0.750000000000095 0.749999999999592 0
20 0.750000000000347 1 0
21 1 0 0
22 1 1 0
23 1 0.249999999999411 0
24 1 0.499999999998692 0
25 1 0.749999999999341 0
