1 0 0 0
2 0 1 0
3 0 0.500000000002059 0
4 0 0.75000000000076 0
5 0 0.25000000000103 0
6 0.249999999999418 0 0
7 0.249999999999803 0.250000000000609 0
8 0.250000000000188 0.500000000001218 0
9 0.250000000000609 0.750000000000474 0
10 0.25000000000103 1 0
11 0.499999999998692 0 0
12 0.499999999999534 0.250000000000188 0
13 0.500000000000376 0.500000000000376 0
14 0.500000000001218 0.750000000000188 0
15 0.500000000002059 1 0
16 0.749999999999346 0 0
17 0.749999999999767 0.249999999999803 0
18 0.750000000000188 0.499999999999534 0
19 0.750000000000474 0.749999999999767 0
20 0.75000000000076 1 0
21 1 0 0
22 1 1 0
23 1 0.499999999998692 0
24 1 0.249999999999418 0
25 1 0.749999999999346 0
