1 0 0 0
2 0 1 0
3 0 0.750000000000347 0
4 0 0.500000000002059 0
5 0 0.250000000001041 0
6 0 0.916666666666745 0
7 0 0.833333333333473 0
8 0 0.666666666667582 0
9 0 0.58333333333479 0
10 0 0.416666666668386 0
11 0 0.333333333334713 0
12 0 0.16666666666736 0
13 0 0.0833333333336802 0
14 0.0833333333331714 0 0
15 0.0833333333332052 0.0833333333336349 0
16 0.083333333333239 0.16666666666727 0
17 0.0833333333332728 0.250000000000905 0
18 0.083333333333318 0.333333333334529 0
19 0.0833333333333633 0.416666666668154 0
20 0.0833333333334086 0.500000000001779 0
21 0.0833333333334539 0.583333333334585 0
22 0.0833333333334991 0.666666666667434 0
23 0.0833333333335444 0.750000000000263 0
24 0.0833333333335897 0.833333333333448 0
25 0.0833333333336349 0.91666666666673 0
26 0.0833333333336802 1 0
27 0.16666666666632 0 0
28 0.166666666666395 0.0833333333335896 0
29 0.16666666666647 0.166666666667179 0
30 0.166666666666546 0.250000000000769 0
31 0.166666666666636 0.333333333334345 0
32 0.166666666666727 0.416666666667922 0
33 0.166666666666817 0.500000000001498 0
34 0.166666666666908 0.583333333334381 0
35 0.166666666666998 0.666666666667285 0
36 0.166666666667089 0.750000000000179 0
37 0.166666666667179 0.833333333333422 0
38 0.16666666666727 0.916666666666714 0
39 0.16666666666736 1 0
40 0.249999999999411 0 0
41 0.249999999999547 0.0833333333335444 0
42 0.249999999999683 0.166666666667089 0
43 0.249999999999818 0.250000000000633 0
44 0.249999999999954 0.333333333334161 0
45 0.25000000000009 0.416666666667689 0
46 0.250000000000226 0.500000000001218 0
47 0.250000000000361 0.583333333334177 0
48 0.250000000000497 0.666666666667136 0
49 0.250000000000633 0.750000000000095 0
50 0.250000000000769 0.833333333333397 0
51 0.250000000000905 0.916666666666698 0
52 0.250000000001041 1 0
53 0.333333333332505 0 0
54 0.333333333332689 0.0833333333334991 0
55 0.333333333332873 0.166666666666998 0
56 0.333333333333057 0.250000000000497 0
57 0.333333333333241 0.333333333333977 0
58 0.333333333333425 0.416666666667457 0
59 0.333333333333609 0.500000000000937 0
60 0.333333333333793 0.583333333333962 0
61 0.333333333333977 0.666666666666987 0
62 0.333333333334161 0.750000000000012 0
63 0.333333333334345 0.833333333333341 0
64 0.333333333334529 0.916666666666671 0
65 0.333333333334713 1 0
66 0.416666666665598 0 0
67 0.416666666665831 0.0833333333334538 0
68 0.416666666666063 0.166666666666908 0
69 0.416666666666295 0.250000000000361 0
70 0.416666666666528 0.333333333333793 0
71 0.41666666666676 0.416666666667225 0
72 0.416666666666992 0.500000000000656 0
73 0.416666666667225 0.583333333333747 0
74 0.416666666667457 0.666666666666837 0
75 0.416666666667689 0.749999999999928 0
76 0.416666666667922 0.833333333333285 0
77 0.416666666668154 0.916666666666643 0
78 0.416666666668386 1 0
79 0.499999999998692 0 0
80 0.499999999998973 0.0833333333334086 0
81 0.499999999999253 0.166666666666817 0
82 0.499999999999534 0.250000000000226 0
83 0.499999999999815 0.333333333333609 0
84 0.500000000000095 0.416666666666992 0
85 0.500000000000376 0.500000000000376 0
86 0.500000000000656 0.583333333333532 0
87 0.500000000000937 0.666666666666688 0
88 0.500000000001218 0.749999999999844 0
89 0.500000000001498 0.833333333333229 0
90 0.500000000001779 0.916666666666615 0
91 0.500000000002059 1 0
92 0.583333333332242 0 0
93 0.583333333332457 0.0833333333333633 0
94 0.583333333332672 0.166666666666727 0
95 0.583333333332887 0.25000000000009 0
96 0.583333333333102 0.333333333333425 0
97 0.583333333333317 0.41666666666676 0
98 0.583333333333532 0.500000000000095 0
99 0.583333333333747 0.583333333333317 0
100 0.583333333333962 0.666666666666538 0
101 0.583333333334177 0.74999999999976 0
102 0.583333333334381 0.833333333333173 0
103 0.583333333334585 0.916666666666586 0
104 0.58333333333479 1 0
105 0.666666666665791 0 0
106 0.666666666665941 0.083333333333318 0
107 0.66666666666609 0.166666666666636 0
108 0.66666666666624 0.249999999999954 0
109 0.666666666666389 0.333333333333241 0
110 0.666666666666538 0.416666666666528 0
111 0.666666666666688 0.499999999999815 0
112 0.666666666666837 0.583333333333102 0
113 0.666666666666987 0.666666666666389 0
114 0.666666666667136 0.749999999999676 0
115 0.666666666667285 0.833333333333117 0
116 0.666666666667434 0.916666666666558 0
117 0.666666666667582 1 0
118 0.749999999999341 0 0
119 0.749999999999424 0.0833333333332728 0
120 0.749999999999508 0.166666666666546 0
121 0.749999999999592 0.249999999999818 0
122 0.749999999999676 0.333333333333057 0
123 0.74999999999976 0.416666666666295 0
124 0.749999999999844 0.499999999999534 0
125 0.749999999999928 0.583333333332887 0
126 0.750000000000011 0.666666666666239 0
127 0.750000000000095 0.749999999999592 0
128 0.750000000000179 0.833333333333061 0
129 0.750000000000263 0.916666666666531 0
130 0.750000000000347 1 0
131 0.833333333332894 0 0
132 0.83333333333295 0.083333333333239 0
133 0.833333333333006 0.16666666666647 0
134 0.833333333333061 0.249999999999683 0
135 0.833333333333117 0.333333333332873 0
136 0.833333333333173 0.416666666666063 0
137 0.833333333333229 0.499999999999253 0
138 0.833333333333285 0.583333333332672 0
139 0.833333333333341 0.66666666666609 0
140 0.833333333333397 0.749999999999508 0
141 0.833333333333422 0.833333333333006 0
142 0.833333333333447 0.916666666666503 0
143 0.833333333333473 1 0
144 0.916666666666447 0 0
145 0.916666666666475 0.0833333333332052 0
146 0.916666666666503 0.166666666666395 0
147 0.916666666666531 0.249999999999547 0
148 0.916666666666559 0.333333333332689 0
149 0.916666666666587 0.416666666665831 0
150 0.916666666666615 0.499999999998973 0
151 0.916666666666643 0.583333333332457 0
152 0.916666666666671 0.666666666665941 0
153 0.916666666666698 0.749999999999424 0
154 0.916666666666714 0.83333333333295 0
155 0.91666666666673 0.916666666666475 0
156 0.916666666666745 1 0
157 1 0 0
158 1 1 0
159 1 0.249999999999411 0
160 1 0.499999999998692 0
161 1 0.749999999999341 0
162 1 0.0833333333331714 0
163 1 0.16666666666632 0
164 1 0.333333333332505 0
165 1 0.416666666665598 0
166 1 0.583333333332242 0
167 1 0.666666666665791 0
168 1 0.833333333332894 0
169 1 0.916666666666447 0
