1 0 0 0
2 0 1 0
3 0 0.857142857142461 0
4 0 0.714285714286309 0
5 0 0.571428571430157 0
6 0 0.428571428573212 0
7 0 0.285714285715475 0
8 0 0.142857142857738 0
9 0.142857142856867 0 0
10 0.142857142856991 0.142857142857613 0
11 0.142857142857115 0.285714285715206 0
12 0.14285714285724 0.428571428572799 0
13 0.142857142857364 0.571428571429769 0
14 0.142857142857489 0.714285714286116 0
15 0.142857142857613 0.857142857142464 0
16 0.142857142857738 1 0
17 0.285714285713592 0 0
18 0.285714285713861 0.142857142857489 0
19 0.28571428571413 0.285714285714937 0
20 0.285714285714399 0.428571428572385 0
21 0.285714285714668 0.571428571429381 0
22 0.285714285714937 0.714285714285924 0
23 0.285714285715206 0.857142857142466 0
24 0.285714285715475 1 0
25 0.428571428570318 0 0
26 0.428571428570732 0.142857142857364 0
27 0.428571428571145 0.285714285714668 0
28 0.428571428571559 0.428571428571972 0
29 0.428571428571972 0.571428571428993 0
30 0.428571428572385 0.714285714285731 0
31 0.428571428572799 0.857142857142469 0
32 0.428571428573212 1 0
33 0.571428571427441 0 0
34 0.571428571427829 0.14285714285724 0
35 0.571428571428217 0.285714285714399 0
36 0.571428571428605 0.428571428571559 0
37 0.571428571428993 0.571428571428605 0
38 0.571428571429381 0.714285714285539 0
39 0.571428571429769 0.857142857142472 0
40 0.571428571430157 1 0
41 0.714285714284961 0 0
42 0.714285714285153 0.142857142857115 0
43 0.714285714285346 0.28571428571413 0
44 0.714285714285539 0.428571428571145 0
45 0.714285714285731 0.571428571428217 0
46 0.714285714285924 0.714285714285346 0
47 0.714285714286116 0.857142857142475 0
48 0.714285714286309 1 0
49 0.857142857142461 1 0
50 0.857142857142464 0.857142857142478 0
51 0.857142857142466 0.714285714285153 0
52 0.857142857142469 0.571428571427829 0
53 0.857142857142472 0.428571428570732 0
54 0.857142857142475 0.285714285713861 0
55 0.857142857142478 0.142857142856991 0
56 0.85714285714248 0 0
57 1 0 0
58 1 1 0
59 1 0.142857142856867 0
60 1 0.285714285713592 0
61 1 0.428571428570318 0
62 1 0.571428571427441 0
63 1 0.714285714284961 0
64 1 0.85714285714248 0
