1 0 0 0
2 0 1 0
3 0 0.666666666667592 0
4 0 0.333333333334721 0
5 0 0.888888888889102 0
6 0 0.777777777778272 0
7 0 0.555555555556808 0
8 0 0.444444444445908 0
9 0 0.222222222223147 0
10 0 0.111111111111574 0
11 0.111111111110911 0 0
12 0.111111111110967 0.111111111111491 0
13 0.111111111111024 0.222222222222983 0
14 0.11111111111108 0.333333333334474 0
15 0.111111111111162 0.4444444444456 0
16 0.111111111111245 0.555555555556535 0
17 0.111111111111327 0.666666666667391 0
18 0.111111111111409 0.777777777778179 0
19 0.111111111111491 0.888888888889067 0
20 0.111111111111574 1 0
21 0.222222222221714 0 0
22 0.222222222221863 0.111111111111409 0
23 0.222222222222012 0.222222222222818 0
24 0.222222222222161 0.333333333334227 0
25 0.222222222222325 0.444444444445292 0
26 0.222222222222489 0.555555555556261 0
27 0.222222222222654 0.666666666667191 0
28 0.222222222222818 0.777777777778086 0
29 0.222222222222983 0.888888888889032 0
30 0.222222222223147 1 0
31 0.333333333332501 0 0
32 0.333333333332748 0.111111111111327 0
33 0.333333333332994 0.222222222222654 0
34 0.333333333333241 0.333333333333981 0
35 0.333333333333488 0.444444444444984 0
36 0.333333333333734 0.555555555555987 0
37 0.333333333333981 0.66666666666699 0
38 0.333333333334227 0.777777777777994 0
39 0.333333333334474 0.888888888888997 0
40 0.333333333334721 1 0
41 0.444444444443288 0 0
42 0.444444444443622 0.111111111111245 0
43 0.444444444443956 0.222222222222489 0
44 0.44444444444429 0.333333333333734 0
45 0.444444444444522 0.444444444444753 0
46 0.444444444444753 0.555555555555771 0
47 0.444444444444984 0.66666666666679 0
48 0.444444444445292 0.77777777777786 0
49 0.4444444444456 0.88888888888893 0
50 0.444444444445908 1 0
51 0.555555555554384 0 0
52 0.555555555554702 0.111111111111162 0
53 0.555555555555021 0.222222222222325 0
54 0.555555555555339 0.333333333333488 0
55 0.555555555555555 0.444444444444521 0
56 0.555555555555771 0.555555555555555 0
57 0.555555555555987 0.666666666666589 0
58 0.555555555556261 0.777777777777726 0
59 0.555555555556535 0.888888888888863 0
60 0.555555555556808 1 0
61 0.666666666665787 0 0
62 0.666666666665988 0.11111111111108 0
63 0.666666666666188 0.222222222222161 0
64 0.666666666666389 0.333333333333241 0
65 0.666666666666589 0.44444444444429 0
66 0.66666666666679 0.555555555555339 0
67 0.66666666666699 0.666666666666389 0
68 0.666666666667191 0.777777777777592 0
69 0.666666666667391 0.888888888888796 0
70 0.666666666667592 1 0
71 0.777777777777192 0 0
72 0.777777777777325 0.111111111111024 0
73 0.777777777777459 0.222222222222012 0
74 0.777777777777592 0.333333333332994 0
75 0.777777777777726 0.444444444443956 0
76 0.77777777777786 0.555555555555021 0
77 0.777777777777994 0.666666666666188 0
78 0.777777777778086 0.777777777777459 0
79 0.777777777778179 0.88888888888873 0
80 0.777777777778272 1 0
81 0.888888888888596 0 0
82 0.888888888888663 0.111111111110967 0
83 0.888888888888729 0.222222222221863 0
84 0.888888888888796 0.333333333332748 0
85 0.888888888888863 0.444444444443622 0
86 0.88888888888893 0.555555555554702 0
87 0.888888888888997 0.666666666665988 0
88 0.888888888889032 0.777777777777325 0
89 0.888888888889067 0.888888888888663 0
90 0.888888888889102 1 0
91 1 0 0
92 1 1 0
93 1 0.333333333332501 0
94 1 0.666666666665787 0
95 1 0.111111111110911 0
96 1 0.222222222221714 0
97 1 0.444444444443288 0
98 1 0.555555555554384 0
99 1 0.777777777777192 0
100 1 0.888888888888596 0
