1 1 1 1 1 5 2 3 4
2 1 1 1 5 9 6 7 8
3 1 1 1 9 13 10 11 12
4 1 1 1 13 17 14 15 16
5 1 1 1 17 21 18 19 20
6 1 1 1 21 25 22 23 24
7 1 1 1 25 29 26 27 28
8 1 1 1 29 33 30 31 32
9 1 1 1 33 37 34 35 36
10 1 1 1 37 41 38 39 40
11 1 1 1 41 45 42 43 44
12 1 1 1 45 49 46 47 48
13 1 1 1 49 53 50 51 52
14 1 1 1 53 57 54 55 56
15 1 1 1 57 61 58 59 60
16 1 1 1 61 65 62 63 64
17 1 1 1 65 69 66 67 68
18 1 1 1 69 73 70 71 72
19 1 1 1 73 77 74 75 76
20 1 1 1 77 81 78 79 80
21 1 1 1 81 85 82 83 84
22 1 1 1 85 89 86 87 88
23 1 1 1 89 93 90 91 92
24 1 1 1 93 97 94 95 96
25 1 1 1 97 101 98 99 100
26 1 1 1 101 105 102 103 104
27 1 1 1 105 109 106 107 108
28 1 1 1 109 113 110 111 112
29 1 1 1 113 117 114 115 116
30 1 1 1 117 121 118 119 120
31 1 1 1 121 125 122 123 124
32 1 1 1 125 129 126 127 128
33 1 1 1 129 133 130 131 132
34 1 1 1 133 137 134 135 136
35 1 1 1 137 141 138 139 140
36 1 1 1 141 145 142 143 144
37 1 1 1 145 149 146 147 148
38 1 1 1 149 153 150 151 152
39 1 1 1 153 157 154 155 156
40 1 1 1 157 161 158 159 160
41 1 1 1 161 165 162 163 164
42 1 1 1 165 169 166 167 168
43 1 1 1 169 173 170 171 172
44 1 1 1 173 177 174 175 176
45 1 1 1 177 181 178 179 180
46 1 1 1 181 185 182 183 184
47 1 1 1 185 189 186 187 188
48 1 1 1 189 193 190 191 192
49 1 1 1 193 197 194 195 196
50 1 1 1 197 201 198 199 200
51 1 1 1 201 205 202 203 204
52 1 1 1 205 209 206 207 208
53 1 1 1 209 213 210 211 212
54 1 1 1 213 217 214 215 216
55 1 1 1 217 221 218 219 220
56 1 1 1 221 225 222 223 224
57 1 1 1 225 229 226 227 228
58 1 1 1 229 233 230 231 232
59 1 1 1 233 237 234 235 236
60 1 1 1 237 241 238 239 240
61 1 1 1 241 245 242 243 244
62 1 1 1 245 249 246 247 248
63 1 1 1 249 253 250 251 252
64 1 1 1 253 257 254 255 256
65 1 1 1 257 261 258 259 260
66 1 1 1 261 265 262 263 264
67 1 1 1 265 269 266 267 268
68 1 1 1 269 273 270 271 272
69 1 1 1 273 277 274 275 276
70 1 1 1 277 281 278 279 280
71 1 1 1 281 285 282 283 284
72 1 1 1 285 289 286 287 288
73 1 1 1 289 293 290 291 292
74 1 1 1 293 297 294 295 296
75 1 1 1 297 301 298 299 300
76 1 1 1 301 305 302 303 304
77 1 1 1 305 309 306 307 308
78 1 1 1 309 313 310 311 312
79 1 1 1 313 317 314 315 316
80 1 1 1 317 321 318 319 320
81 1 1 1 321 325 322 323 324
82 1 1 1 325 329 326 327 328
83 1 1 1 329 333 330 331 332
84 1 1 1 333 337 334 335 336
85 1 1 1 337 341 338 339 340
86 1 1 1 341 345 342 343 344
87 1 1 1 345 349 346 347 348
88 1 1 1 349 353 350 351 352
89 1 1 1 353 357 354 355 356
90 1 1 1 357 361 358 359 360
91 1 1 1 361 365 362 363 364
92 1 1 1 365 369 366 367 368
93 1 1 1 369 373 370 371 372
94 1 1 1 373 377 374 375 376
95 1 1 1 377 381 378 379 380
