1 1 1 1 1 6 2 3 4 5
2 1 1 1 6 11 7 8 9 10
3 1 1 1 11 16 12 13 14 15
4 1 1 1 16 21 17 18 19 20
5 1 1 1 21 26 22 23 24 25
6 1 1 1 26 31 27 28 29 30
7 1 1 1 31 36 32 33 34 35
8 1 1 1 36 41 37 38 39 40
9 1 1 1 41 46 42 43 44 45
10 1 1 1 46 51 47 48 49 50
11 1 1 1 51 56 52 53 54 55
12 1 1 1 56 61 57 58 59 60
13 1 1 1 61 66 62 63 64 65
14 1 1 1 66 71 67 68 69 70
15 1 1 1 71 76 72 73 74 75
16 1 1 1 76 81 77 78 79 80
17 1 1 1 81 86 82 83 84 85
18 1 1 1 86 91 87 88 89 90
19 1 1 1 91 96 92 93 94 95
20 1 1 1 96 101 97 98 99 100
21 1 1 1 101 106 102 103 104 105
22 1 1 1 106 111 107 108 109 110
23 1 1 1 111 116 112 113 114 115
24 1 1 1 116 121 117 118 119 120
25 1 1 1 121 126 122 123 124 125
26 1 1 1 126 131 127 128 129 130
27 1 1 1 131 136 132 133 134 135
28 1 1 1 136 141 137 138 139 140
29 1 1 1 141 146 142 143 144 145
30 1 1 1 146 151 147 148 149 150
31 1 1 1 151 156 152 153 154 155
32 1 1 1 156 161 157 158 159 160
33 1 1 1 161 166 162 163 164 165
34 1 1 1 166 171 167 168 169 170
35 1 1 1 171 176 172 173 174 175
36 1 1 1 176 181 177 178 179 180
37 1 1 1 181 186 182 183 184 185
38 1 1 1 186 191 187 188 189 190
39 1 1 1 191 196 192 193 194 195
40 1 1 1 196 201 197 198 199 200
41 1 1 1 201 206 202 203 204 205
42 1 1 1 206 211 207 208 209 210
43 1 1 1 211 216 212 213 214 215
44 1 1 1 216 221 217 218 219 220
45 1 1 1 221 226 222 223 224 225
46 1 1 1 226 231 227 228 229 230
47 1 1 1 231 236 232 233 234 235
48 1 1 1 236 241 237 238 239 240
49 1 1 1 241 246 242 243 244 245
50 1 1 1 246 251 247 248 249 250
51 1 1 1 251 256 252 253 254 255
52 1 1 1 256 261 257 258 259 260
53 1 1 1 261 266 262 263 264 265
54 1 1 1 266 271 267 268 269 270
55 1 1 1 271 276 272 273 274 275
56 1 1 1 276 281 277 278 279 280
57 1 1 1 281 286 282 283 284 285
58 1 1 1 286 291 287 288 289 290
59 1 1 1 291 296 292 293 294 295
60 1 1 1 296 301 297 298 299 300
61 1 1 1 301 306 302 303 304 305
62 1 1 1 306 311 307 308 309 310
63 1 1 1 311 316 312 313 314 315
64 1 1 1 316 321 317 318 319 320
65 1 1 1 321 326 322 323 324 325
66 1 1 1 326 331 327 328 329 330
67 1 1 1 331 336 332 333 334 335
68 1 1 1 336 341 337 338 339 340
69 1 1 1 341 346 342 343 344 345
70 1 1 1 346 351 347 348 349 350
71 1 1 1 351 356 352 353 354 355
72 1 1 1 356 361 357 358 359 360
73 1 1 1 361 366 362 363 364 365
74 1 1 1 366 371 367 368 369 370
75 1 1 1 371 376 372 373 374 375
76 1 1 1 376 381 377 378 379 380
77 1 1 1 381 386 382 383 384 385
78 1 1 1 386 391 387 388 389 390
79 1 1 1 391 396 392 393 394 395
80 1 1 1 396 401 397 398 399 400
81 1 1 1 401 406 402 403 404 405
82 1 1 1 406 411 407 408 409 410
83 1 1 1 411 416 412 413 414 415
84 1 1 1 416 421 417 418 419 420
85 1 1 1 421 426 422 423 424 425
86 1 1 1 426 431 427 428 429 430
87 1 1 1 431 436 432 433 434 435
88 1 1 1 436 441 437 438 439 440
89 1 1 1 441 446 442 443 444 445
90 1 1 1 446 451 447 448 449 450
91 1 1 1 451 456 452 453 454 455
92 1 1 1 456 461 457 458 459 460
93 1 1 1 461 466 462 463 464 465
94 1 1 1 466 471 467 468 469 470
95 1 1 1 471 476 472 473 474 475
96 1 1 1 476 481 477 478 479 480
97 1 1 1 481 486 482 483 484 485
98 1 1 1 486 491 487 488 489 490
99 1 1 1 491 496 492 493 494 495
100 1 1 1 496 501 497 498 499 500
101 1 1 1 501 506 502 503 504 505
102 1 1 1 506 511 507 508 509 510
103 1 1 1 511 516 512 513 514 515
104 1 1 1 516 521 517 518 519 520
105 1 1 1 521 526 522 523 524 525
106 1 1 1 526 531 527 528 529 530
107 1 1 1 531 536 532 533 534 535
108 1 1 1 536 541 537 538 539 540
109 1 1 1 541 546 542 543 544 545
110 1 1 1 546 551 547 548 549 550
111 1 1 1 551 556 552 553 554 555
112 1 1 1 556 561 557 558 559 560
113 1 1 1 561 566 562 563 564 565
114 1 1 1 566 571 567 568 569 570
115 1 1 1 571 576 572 573 574 575
116 1 1 1 576 581 577 578 579 580
117 1 1 1 581 586 582 583 584 585
118 1 1 1 586 591 587 588 589 590
119 1 1 1 591 596 592 593 594 595
120 1 1 1 596 601 597 598 599 600
121 1 1 1 601 606 602 603 604 605
122 1 1 1 606 611 607 608 609 610
123 1 1 1 611 616 612 613 614 615
124 1 1 1 616 621 617 618 619 620
125 1 1 1 621 626 622 623 624 625
126 1 1 1 626 631 627 628 629 630
127 1 1 1 631 636 632 633 634 635
128 1 1 1 636 641 637 638 639 640
129 1 1 1 641 646 642 643 644 645
130 1 1 1 646 651 647 648 649 650
131 1 1 1 651 656 652 653 654 655
132 1 1 1 656 661 657 658 659 660
133 1 1 1 661 666 662 663 664 665
134 1 1 1 666 671 667 668 669 670
135 1 1 1 671 676 672 673 674 675
136 1 1 1 676 681 677 678 679 680
137 1 1 1 681 686 682 683 684 685
138 1 1 1 686 691 687 688 689 690
139 1 1 1 691 696 692 693 694 695
140 1 1 1 696 701 697 698 699 700
141 1 1 1 701 706 702 703 704 705
142 1 1 1 706 711 707 708 709 710
143 1 1 1 711 716 712 713 714 715
144 1 1 1 716 721 717 718 719 720
145 1 1 1 721 726 722 723 724 725
146 1 1 1 726 731 727 728 729 730
147 1 1 1 731 736 732 733 734 735
148 1 1 1 736 741 737 738 739 740
149 1 1 1 741 746 742 743 744 745
150 1 1 1 746 751 747 748 749 750
151 1 1 1 751 756 752 753 754 755
152 1 1 1 756 761 757 758 759 760
153 1 1 1 761 766 762 763 764 765
154 1 1 1 766 771 767 768 769 770
155 1 1 1 771 776 772 773 774 775
156 1 1 1 776 781 777 778 779 780
157 1 1 1 781 786 782 783 784 785
158 1 1 1 786 791 787 788 789 790
159 1 1 1 791 796 792 793 794 795
160 1 1 1 796 801 797 798 799 800
161 1 1 1 801 806 802 803 804 805
162 1 1 1 806 811 807 808 809 810
163 1 1 1 811 816 812 813 814 815
164 1 1 1 816 821 817 818 819 820
165 1 1 1 821 826 822 823 824 825
166 1 1 1 826 831 827 828 829 830
167 1 1 1 831 836 832 833 834 835
168 1 1 1 836 841 837 838 839 840
169 1 1 1 841 846 842 843 844 845
170 1 1 1 846 851 847 848 849 850
171 1 1 1 851 856 852 853 854 855
172 1 1 1 856 861 857 858 859 860
173 1 1 1 861 866 862 863 864 865
174 1 1 1 866 871 867 868 869 870
175 1 1 1 871 876 872 873 874 875
176 1 1 1 876 881 877 878 879 880
177 1 1 1 881 886 882 883 884 885
178 1 1 1 886 891 887 888 889 890
179 1 1 1 891 896 892 893 894 895
180 1 1 1 896 901 897 898 899 900
181 1 1 1 901 906 902 903 904 905
182 1 1 1 906 911 907 908 909 910
183 1 1 1 911 916 912 913 914 915
184 1 1 1 916 921 917 918 919 920
185 1 1 1 921 926 922 923 924 925
186 1 1 1 926 931 927 928 929 930
187 1 1 1 931 936 932 933 934 935
188 1 1 1 936 941 937 938 939 940
189 1 1 1 941 946 942 943 944 945
190 1 1 1 946 951 947 948 949 950
191 1 1 1 951 956 952 953 954 955
192 1 1 1 956 961 957 958 959 960
193 1 1 1 961 966 962 963 964 965
194 1 1 1 966 971 967 968 969 970
195 1 1 1 971 976 972 973 974 975
196 1 1 1 976 981 977 978 979 980
197 1 1 1 981 986 982 983 984 985
198 1 1 1 986 991 987 988 989 990
199 1 1 1 991 996 992 993 994 995
200 1 1 1 996 1001 997 998 999 1000
201 1 1 1 1001 1006 1002 1003 1004 1005
202 1 1 1 1006 1011 1007 1008 1009 1010
203 1 1 1 1011 1016 1012 1013 1014 1015
204 1 1 1 1016 1021 1017 1018 1019 1020
205 1 1 1 1021 1026 1022 1023 1024 1025
206 1 1 1 1026 1031 1027 1028 1029 1030
207 1 1 1 1031 1036 1032 1033 1034 1035
208 1 1 1 1036 1041 1037 1038 1039 1040
209 1 1 1 1041 1046 1042 1043 1044 1045
210 1 1 1 1046 1051 1047 1048 1049 1050
211 1 1 1 1051 1056 1052 1053 1054 1055
212 1 1 1 1056 1061 1057 1058 1059 1060
213 1 1 1 1061 1066 1062 1063 1064 1065
214 1 1 1 1066 1071 1067 1068 1069 1070
215 1 1 1 1071 1076 1072 1073 1074 1075
216 1 1 1 1076 1081 1077 1078 1079 1080
217 1 1 1 1081 1086 1082 1083 1084 1085
218 1 1 1 1086 1091 1087 1088 1089 1090
219 1 1 1 1091 1096 1092 1093 1094 1095
220 1 1 1 1096 1101 1097 1098 1099 1100
221 1 1 1 1101 1106 1102 1103 1104 1105
222 1 1 1 1106 1111 1107 1108 1109 1110
223 1 1 1 1111 1116 1112 1113 1114 1115
224 1 1 1 1116 1121 1117 1118 1119 1120
225 1 1 1 1121 1126 1122 1123 1124 1125
226 1 1 1 1126 1131 1127 1128 1129 1130
227 1 1 1 1131 1136 1132 1133 1134 1135
228 1 1 1 1136 1141 1137 1138 1139 1140
229 1 1 1 1141 1146 1142 1143 1144 1145
230 1 1 1 1146 1151 1147 1148 1149 1150
231 1 1 1 1151 1156 1152 1153 1154 1155
232 1 1 1 1156 1161 1157 1158 1159 1160
233 1 1 1 1161 1166 1162 1163 1164 1165
234 1 1 1 1166 1171 1167 1168 1169 1170
235 1 1 1 1171 1176 1172 1173 1174 1175
236 1 1 1 1176 1181 1177 1178 1179 1180
237 1 1 1 1181 1186 1182 1183 1184 1185
238 1 1 1 1186 1191 1187 1188 1189 1190
239 1 1 1 1191 1196 1192 1193 1194 1195
240 1 1 1 1196 1201 1197 1198 1199 1200
241 1 1 1 1201 1206 1202 1203 1204 1205
242 1 1 1 1206 1211 1207 1208 1209 1210
243 1 1 1 1211 1216 1212 1213 1214 1215
244 1 1 1 1216 1221 1217 1218 1219 1220
245 1 1 1 1221 1226 1222 1223 1224 1225
246 1 1 1 1226 1231 1227 1228 1229 1230
247 1 1 1 1231 1236 1232 1233 1234 1235
248 1 1 1 1236 1241 1237 1238 1239 1240
249 1 1 1 1241 1246 1242 1243 1244 1245
250 1 1 1 1246 1251 1247 1248 1249 1250
