1 1 1 1 1 4 2 3
2 1 1 1 4 7 5 6
3 1 1 1 7 10 8 9
4 1 1 1 10 13 11 12
5 1 1 1 13 16 14 15
6 1 1 1 16 19 17 18
7 1 1 1 19 22 20 21
8 1 1 1 22 25 23 24
9 1 1 1 25 28 26 27
10 1 1 1 28 31 29 30
11 1 1 1 31 34 32 33
12 1 1 1 34 37 35 36
13 1 1 1 37 40 38 39
14 1 1 1 40 43 41 42
15 1 1 1 43 46 44 45
16 1 1 1 46 49 47 48
17 1 1 1 49 52 50 51
18 1 1 1 52 55 53 54
19 1 1 1 55 58 56 57
20 1 1 1 58 61 59 60
21 1 1 1 61 64 62 63
22 1 1 1 64 67 65 66
23 1 1 1 67 70 68 69
24 1 1 1 70 73 71 72
25 1 1 1 73 76 74 75
26 1 1 1 76 79 77 78
27 1 1 1 79 82 80 81
28 1 1 1 82 85 83 84
29 1 1 1 85 88 86 87
30 1 1 1 88 91 89 90
31 1 1 1 91 94 92 93
32 1 1 1 94 97 95 96
33 1 1 1 97 100 98 99
34 1 1 1 100 103 101 102
35 1 1 1 103 106 104 105
36 1 1 1 106 109 107 108
37 1 1 1 109 112 110 111
38 1 1 1 112 115 113 114
39 1 1 1 115 118 116 117
40 1 1 1 118 121 119 120
41 1 1 1 121 124 122 123
42 1 1 1 124 127 125 126
43 1 1 1 127 130 128 129
44 1 1 1 130 133 131 132
45 1 1 1 133 136 134 135
46 1 1 1 136 139 137 138
47 1 1 1 139 142 140 141
48 1 1 1 142 145 143 144
49 1 1 1 145 148 146 147
50 1 1 1 148 151 149 150
51 1 1 1 151 154 152 153
52 1 1 1 154 157 155 156
53 1 1 1 157 160 158 159
54 1 1 1 160 163 161 162
55 1 1 1 163 166 164 165
56 1 1 1 166 169 167 168
57 1 1 1 169 172 170 171
58 1 1 1 172 175 173 174
59 1 1 1 175 178 176 177
60 1 1 1 178 181 179 180
61 1 1 1 181 184 182 183
62 1 1 1 184 187 185 186
63 1 1 1 187 190 188 189
64 1 1 1 190 193 191 192
65 1 1 1 193 196 194 195
66 1 1 1 196 199 197 198
67 1 1 1 199 202 200 201
68 1 1 1 202 205 203 204
69 1 1 1 205 208 206 207
70 1 1 1 208 211 209 210
71 1 1 1 211 214 212 213
72 1 1 1 214 217 215 216
73 1 1 1 217 220 218 219
74 1 1 1 220 223 221 222
75 1 1 1 223 226 224 225
76 1 1 1 226 229 227 228
77 1 1 1 229 232 230 231
78 1 1 1 232 235 233 234
79 1 1 1 235 238 236 237
80 1 1 1 238 241 239 240
81 1 1 1 241 244 242 243
82 1 1 1 244 247 245 246
83 1 1 1 247 250 248 249
84 1 1 1 250 253 251 252
85 1 1 1 253 256 254 255
86 1 1 1 256 259 257 258
87 1 1 1 259 262 260 261
88 1 1 1 262 265 263 264
89 1 1 1 265 268 266 267
90 1 1 1 268 271 269 270
91 1 1 1 271 274 272 273
92 1 1 1 274 277 275 276
93 1 1 1 277 280 278 279
94 1 1 1 280 283 281 282
95 1 1 1 283 286 284 285
96 1 1 1 286 289 287 288
97 1 1 1 289 292 290 291
98 1 1 1 292 295 293 294
99 1 1 1 295 298 296 297
100 1 1 1 298 301 299 300
101 1 1 1 301 304 302 303
102 1 1 1 304 307 305 306
103 1 1 1 307 310 308 309
104 1 1 1 310 313 311 312
105 1 1 1 313 316 314 315
106 1 1 1 316 319 317 318
107 1 1 1 319 322 320 321
108 1 1 1 322 325 323 324
109 1 1 1 325 328 326 327
110 1 1 1 328 331 329 330
111 1 1 1 331 334 332 333
112 1 1 1 334 337 335 336
113 1 1 1 337 340 338 339
114 1 1 1 340 343 341 342
115 1 1 1 343 346 344 345
116 1 1 1 346 349 347 348
117 1 1 1 349 352 350 351
118 1 1 1 352 355 353 354
119 1 1 1 355 358 356 357
120 1 1 1 358 361 359 360
121 1 1 1 361 364 362 363
122 1 1 1 364 367 365 366
123 1 1 1 367 370 368 369
124 1 1 1 370 373 371 372
125 1 1 1 373 376 374 375
126 1 1 1 376 379 377 378
127 1 1 1 379 382 380 381
128 1 1 1 382 385 383 384
129 1 1 1 385 388 386 387
130 1 1 1 388 391 389 390
131 1 1 1 391 394 392 393
132 1 1 1 394 397 395 396
133 1 1 1 397 400 398 399
134 1 1 1 400 403 401 402
135 1 1 1 403 406 404 405
136 1 1 1 406 409 407 408
137 1 1 1 409 412 410 411
138 1 1 1 412 415 413 414
139 1 1 1 415 418 416 417
140 1 1 1 418 421 419 420
141 1 1 1 421 424 422 423
142 1 1 1 424 427 425 426
143 1 1 1 427 430 428 429
144 1 1 1 430 433 431 432
145 1 1 1 433 436 434 435
146 1 1 1 436 439 437 438
147 1 1 1 439 442 440 441
148 1 1 1 442 445 443 444
149 1 1 1 445 448 446 447
150 1 1 1 448 451 449 450
151 1 1 1 451 454 452 453
152 1 1 1 454 457 455 456
153 1 1 1 457 460 458 459
154 1 1 1 460 463 461 462
155 1 1 1 463 466 464 465
156 1 1 1 466 469 467 468
157 1 1 1 469 472 470 471
158 1 1 1 472 475 473 474
159 1 1 1 475 478 476 477
160 1 1 1 478 481 479 480
161 1 1 1 481 484 482 483
162 1 1 1 484 487 485 486
163 1 1 1 487 490 488 489
164 1 1 1 490 493 491 492
165 1 1 1 493 496 494 495
166 1 1 1 496 499 497 498
167 1 1 1 499 502 500 501
168 1 1 1 502 505 503 504
169 1 1 1 505 508 506 507
170 1 1 1 508 511 509 510
171 1 1 1 511 514 512 513
172 1 1 1 514 517 515 516
173 1 1 1 517 520 518 519
174 1 1 1 520 523 521 522
175 1 1 1 523 526 524 525
176 1 1 1 526 529 527 528
177 1 1 1 529 532 530 531
178 1 1 1 532 535 533 534
179 1 1 1 535 538 536 537
180 1 1 1 538 541 539 540
181 1 1 1 541 544 542 543
182 1 1 1 544 547 545 546
183 1 1 1 547 550 548 549
184 1 1 1 550 553 551 552
185 1 1 1 553 556 554 555
186 1 1 1 556 559 557 558
187 1 1 1 559 562 560 561
188 1 1 1 562 565 563 564
189 1 1 1 565 568 566 567
190 1 1 1 568 571 569 570
191 1 1 1 571 574 572 573
