1 1 1 1 1 4 2 3
2 1 1 1 4 7 5 6
3 1 1 1 7 10 8 9
4 1 1 1 10 13 11 12
5 1 1 1 13 16 14 15
6 1 1 1 16 19 17 18
7 1 1 1 19 22 20 21
8 1 1 1 22 25 23 24
9 1 1 1 25 28 26 27
10 1 1 1 28 31 29 30
11 1 1 1 31 34 32 33
12 1 1 1 34 37 35 36
13 1 1 1 37 40 38 39
14 1 1 1 40 43 41 42
15 1 1 1 43 46 44 45
16 1 1 1 46 49 47 48
17 1 1 1 49 52 50 51
18 1 1 1 52 55 53 54
19 1 1 1 55 58 56 57
20 1 1 1 58 61 59 60
21 1 1 1 61 64 62 63
22 1 1 1 64 67 65 66
23 1 1 1 67 70 68 69
24 1 1 1 70 73 71 72
25 1 1 1 73 76 74 75
26 1 1 1 76 79 77 78
27 1 1 1 79 82 80 81
28 1 1 1 82 85 83 84
29 1 1 1 85 88 86 87
30 1 1 1 88 91 89 90
31 1 1 1 91 94 92 93
32 1 1 1 94 97 95 96
33 1 1 1 97 100 98 99
34 1 1 1 100 103 101 102
35 1 1 1 103 106 104 105
36 1 1 1 106 109 107 108
37 1 1 1 109 112 110 111
38 1 1 1 112 115 113 114
39 1 1 1 115 118 116 117
40 1 1 1 118 121 119 120
41 1 1 1 121 124 122 123
42 1 1 1 124 127 125 126
43 1 1 1 127 130 128 129
44 1 1 1 130 133 131 132
45 1 1 1 133 136 134 135
46 1 1 1 136 139 137 138
47 1 1 1 139 142 140 141
48 1 1 1 142 145 143 144
49 1 1 1 145 148 146 147
50 1 1 1 148 151 149 150
51 1 1 1 151 154 152 153
52 1 1 1 154 157 155 156
53 1 1 1 157 160 158 159
54 1 1 1 160 163 161 162
55 1 1 1 163 166 164 165
56 1 1 1 166 169 167 168
57 1 1 1 169 172 170 171
58 1 1 1 172 175 173 174
59 1 1 1 175 178 176 177
60 1 1 1 178 181 179 180
61 1 1 1 181 184 182 183
62 1 1 1 184 187 185 186
63 1 1 1 187 190 188 189
64 1 1 1 190 193 191 192
65 1 1 1 193 196 194 195
66 1 1 1 196 199 197 198
67 1 1 1 199 202 200 201
68 1 1 1 202 205 203 204
69 1 1 1 205 208 206 207
70 1 1 1 208 211 209 210
71 1 1 1 211 214 212 213
72 1 1 1 214 217 215 216
73 1 1 1 217 220 218 219
74 1 1 1 220 223 221 222
75 1 1 1 223 226 224 225
76 1 1 1 226 229 227 228
77 1 1 1 229 232 230 231
78 1 1 1 232 235 233 234
79 1 1 1 235 238 236 237
80 1 1 1 238 241 239 240
81 1 1 1 241 244 242 243
82 1 1 1 244 247 245 246
83 1 1 1 247 250 248 249
84 1 1 1 250 253 251 252
85 1 1 1 253 256 254 255
86 1 1 1 256 259 257 258
87 1 1 1 259 262 260 261
88 1 1 1 262 265 263 264
89 1 1 1 265 268 266 267
90 1 1 1 268 271 269 270
91 1 1 1 271 274 272 273
92 1 1 1 274 277 275 276
93 1 1 1 277 280 278 279
94 1 1 1 280 283 281 282
95 1 1 1 283 286 284 285
96 1 1 1 286 289 287 288
97 1 1 1 289 292 290 291
98 1 1 1 292 295 293 294
99 1 1 1 295 298 296 297
100 1 1 1 298 301 299 300
101 1 1 1 301 304 302 303
102 1 1 1 304 307 305 306
103 1 1 1 307 310 308 309
104 1 1 1 310 313 311 312
105 1 1 1 313 316 314 315
106 1 1 1 316 319 317 318
107 1 1 1 319 322 320 321
108 1 1 1 322 325 323 324
109 1 1 1 325 328 326 327
110 1 1 1 328 331 329 330
111 1 1 1 331 334 332 333
112 1 1 1 334 337 335 336
113 1 1 1 337 340 338 339
114 1 1 1 340 343 341 342
115 1 1 1 343 346 344 345
116 1 1 1 346 349 347 348
117 1 1 1 349 352 350 351
118 1 1 1 352 355 353 354
119 1 1 1 355 358 356 357
120 1 1 1 358 361 359 360
121 1 1 1 361 364 362 363
122 1 1 1 364 367 365 366
123 1 1 1 367 370 368 369
124 1 1 1 370 373 371 372
125 1 1 1 373 376 374 375
126 1 1 1 376 379 377 378
127 1 1 1 379 382 380 381
128 1 1 1 382 385 383 384
129 1 1 1 385 388 386 387
130 1 1 1 388 391 389 390
131 1 1 1 391 394 392 393
132 1 1 1 394 397 395 396
133 1 1 1 397 400 398 399
134 1 1 1 400 403 401 402
135 1 1 1 403 406 404 405
136 1 1 1 406 409 407 408
137 1 1 1 409 412 410 411
138 1 1 1 412 415 413 414
139 1 1 1 415 418 416 417
140 1 1 1 418 421 419 420
141 1 1 1 421 424 422 423
142 1 1 1 424 427 425 426
143 1 1 1 427 430 428 429
144 1 1 1 430 433 431 432
145 1 1 1 433 436 434 435
146 1 1 1 436 439 437 438
147 1 1 1 439 442 440 441
148 1 1 1 442 445 443 444
149 1 1 1 445 448 446 447
150 1 1 1 448 451 449 450
151 1 1 1 451 454 452 453
152 1 1 1 454 457 455 456
153 1 1 1 457 460 458 459
154 1 1 1 460 463 461 462
155 1 1 1 463 466 464 465
156 1 1 1 466 469 467 468
157 1 1 1 469 472 470 471
158 1 1 1 472 475 473 474
159 1 1 1 475 478 476 477
160 1 1 1 478 481 479 480
161 1 1 1 481 484 482 483
162 1 1 1 484 487 485 486
163 1 1 1 487 490 488 489
164 1 1 1 490 493 491 492
165 1 1 1 493 496 494 495
166 1 1 1 496 499 497 498
167 1 1 1 499 502 500 501
168 1 1 1 502 505 503 504
169 1 1 1 505 508 506 507
170 1 1 1 508 511 509 510
171 1 1 1 511 514 512 513
172 1 1 1 514 517 515 516
173 1 1 1 517 520 518 519
174 1 1 1 520 523 521 522
175 1 1 1 523 526 524 525
176 1 1 1 526 529 527 528
177 1 1 1 529 532 530 531
178 1 1 1 532 535 533 534
179 1 1 1 535 538 536 537
180 1 1 1 538 541 539 540
181 1 1 1 541 544 542 543
182 1 1 1 544 547 545 546
183 1 1 1 547 550 548 549
184 1 1 1 550 553 551 552
185 1 1 1 553 556 554 555
186 1 1 1 556 559 557 558
187 1 1 1 559 562 560 561
188 1 1 1 562 565 563 564
189 1 1 1 565 568 566 567
190 1 1 1 568 571 569 570
191 1 1 1 571 574 572 573
192 1 1 1 574 577 575 576
193 1 1 1 577 580 578 579
194 1 1 1 580 583 581 582
195 1 1 1 583 586 584 585
196 1 1 1 586 589 587 588
197 1 1 1 589 592 590 591
198 1 1 1 592 595 593 594
199 1 1 1 595 598 596 597
200 1 1 1 598 601 599 600
201 1 1 1 601 604 602 603
202 1 1 1 604 607 605 606
203 1 1 1 607 610 608 609
204 1 1 1 610 613 611 612
205 1 1 1 613 616 614 615
206 1 1 1 616 619 617 618
207 1 1 1 619 622 620 621
208 1 1 1 622 625 623 624
209 1 1 1 625 628 626 627
210 1 1 1 628 631 629 630
211 1 1 1 631 634 632 633
212 1 1 1 634 637 635 636
213 1 1 1 637 640 638 639
214 1 1 1 640 643 641 642
215 1 1 1 643 646 644 645
216 1 1 1 646 649 647 648
217 1 1 1 649 652 650 651
218 1 1 1 652 655 653 654
219 1 1 1 655 658 656 657
220 1 1 1 658 661 659 660
221 1 1 1 661 664 662 663
222 1 1 1 664 667 665 666
223 1 1 1 667 670 668 669
224 1 1 1 670 673 671 672
225 1 1 1 673 676 674 675
226 1 1 1 676 679 677 678
227 1 1 1 679 682 680 681
228 1 1 1 682 685 683 684
229 1 1 1 685 688 686 687
230 1 1 1 688 691 689 690
231 1 1 1 691 694 692 693
232 1 1 1 694 697 695 696
233 1 1 1 697 700 698 699
234 1 1 1 700 703 701 702
235 1 1 1 703 706 704 705
236 1 1 1 706 709 707 708
237 1 1 1 709 712 710 711
238 1 1 1 712 715 713 714
239 1 1 1 715 718 716 717
240 1 1 1 718 721 719 720
241 1 1 1 721 724 722 723
242 1 1 1 724 727 725 726
243 1 1 1 727 730 728 729
244 1 1 1 730 733 731 732
245 1 1 1 733 736 734 735
246 1 1 1 736 739 737 738
247 1 1 1 739 742 740 741
248 1 1 1 742 745 743 744
249 1 1 1 745 748 746 747
250 1 1 1 748 751 749 750
251 1 1 1 751 754 752 753
252 1 1 1 754 757 755 756
253 1 1 1 757 760 758 759
254 1 1 1 760 763 761 762
255 1 1 1 763 766 764 765
256 1 1 1 766 769 767 768
257 1 1 1 769 772 770 771
258 1 1 1 772 775 773 774
259 1 1 1 775 778 776 777
260 1 1 1 778 781 779 780
261 1 1 1 781 784 782 783
262 1 1 1 784 787 785 786
263 1 1 1 787 790 788 789
264 1 1 1 790 793 791 792
265 1 1 1 793 796 794 795
266 1 1 1 796 799 797 798
267 1 1 1 799 802 800 801
268 1 1 1 802 805 803 804
269 1 1 1 805 808 806 807
270 1 1 1 808 811 809 810
271 1 1 1 811 814 812 813
272 1 1 1 814 817 815 816
273 1 1 1 817 820 818 819
274 1 1 1 820 823 821 822
275 1 1 1 823 826 824 825
276 1 1 1 826 829 827 828
277 1 1 1 829 832 830 831
278 1 1 1 832 835 833 834
279 1 1 1 835 838 836 837
280 1 1 1 838 841 839 840
281 1 1 1 841 844 842 843
282 1 1 1 844 847 845 846
283 1 1 1 847 850 848 849
284 1 1 1 850 853 851 852
285 1 1 1 853 856 854 855
286 1 1 1 856 859 857 858
287 1 1 1 859 862 860 861
288 1 1 1 862 865 863 864
289 1 1 1 865 868 866 867
290 1 1 1 868 871 869 870
291 1 1 1 871 874 872 873
292 1 1 1 874 877 875 876
293 1 1 1 877 880 878 879
294 1 1 1 880 883 881 882
295 1 1 1 883 886 884 885
296 1 1 1 886 889 887 888
297 1 1 1 889 892 890 891
298 1 1 1 892 895 893 894
299 1 1 1 895 898 896 897
300 1 1 1 898 901 899 900
301 1 1 1 901 904 902 903
302 1 1 1 904 907 905 906
303 1 1 1 907 910 908 909
304 1 1 1 910 913 911 912
305 1 1 1 913 916 914 915
306 1 1 1 916 919 917 918
307 1 1 1 919 922 920 921
308 1 1 1 922 925 923 924
309 1 1 1 925 928 926 927
310 1 1 1 928 931 929 930
311 1 1 1 931 934 932 933
312 1 1 1 934 937 935 936
313 1 1 1 937 940 938 939
314 1 1 1 940 943 941 942
315 1 1 1 943 946 944 945
316 1 1 1 946 949 947 948
317 1 1 1 949 952 950 951
318 1 1 1 952 955 953 954
319 1 1 1 955 958 956 957
320 1 1 1 958 961 959 960
321 1 1 1 961 964 962 963
322 1 1 1 964 967 965 966
323 1 1 1 967 970 968 969
324 1 1 1 970 973 971 972
325 1 1 1 973 976 974 975
326 1 1 1 976 979 977 978
327 1 1 1 979 982 980 981
328 1 1 1 982 985 983 984
329 1 1 1 985 988 986 987
330 1 1 1 988 991 989 990
331 1 1 1 991 994 992 993
332 1 1 1 994 997 995 996
333 1 1 1 997 1000 998 999
334 1 1 1 1000 1003 1001 1002
335 1 1 1 1003 1006 1004 1005
336 1 1 1 1006 1009 1007 1008
337 1 1 1 1009 1012 1010 1011
338 1 1 1 1012 1015 1013 1014
339 1 1 1 1015 1018 1016 1017
340 1 1 1 1018 1021 1019 1020
341 1 1 1 1021 1024 1022 1023
342 1 1 1 1024 1027 1025 1026
343 1 1 1 1027 1030 1028 1029
344 1 1 1 1030 1033 1031 1032
345 1 1 1 1033 1036 1034 1035
346 1 1 1 1036 1039 1037 1038
347 1 1 1 1039 1042 1040 1041
348 1 1 1 1042 1045 1043 1044
349 1 1 1 1045 1048 1046 1047
350 1 1 1 1048 1051 1049 1050
351 1 1 1 1051 1054 1052 1053
352 1 1 1 1054 1057 1055 1056
353 1 1 1 1057 1060 1058 1059
354 1 1 1 1060 1063 1061 1062
355 1 1 1 1063 1066 1064 1065
356 1 1 1 1066 1069 1067 1068
357 1 1 1 1069 1072 1070 1071
358 1 1 1 1072 1075 1073 1074
359 1 1 1 1075 1078 1076 1077
360 1 1 1 1078 1081 1079 1080
361 1 1 1 1081 1084 1082 1083
362 1 1 1 1084 1087 1085 1086
363 1 1 1 1087 1090 1088 1089
364 1 1 1 1090 1093 1091 1092
365 1 1 1 1093 1096 1094 1095
366 1 1 1 1096 1099 1097 1098
367 1 1 1 1099 1102 1100 1101
368 1 1 1 1102 1105 1103 1104
369 1 1 1 1105 1108 1106 1107
370 1 1 1 1108 1111 1109 1110
371 1 1 1 1111 1114 1112 1113
372 1 1 1 1114 1117 1115 1116
373 1 1 1 1117 1120 1118 1119
374 1 1 1 1120 1123 1121 1122
375 1 1 1 1123 1126 1124 1125
376 1 1 1 1126 1129 1127 1128
377 1 1 1 1129 1132 1130 1131
378 1 1 1 1132 1135 1133 1134
379 1 1 1 1135 1138 1136 1137
380 1 1 1 1138 1141 1139 1140
381 1 1 1 1141 1144 1142 1143
382 1 1 1 1144 1147 1145 1146
383 1 1 1 1147 1150 1148 1149
384 1 1 1 1150 1153 1151 1152
385 1 1 1 1153 1156 1154 1155
386 1 1 1 1156 1159 1157 1158
387 1 1 1 1159 1162 1160 1161
388 1 1 1 1162 1165 1163 1164
389 1 1 1 1165 1168 1166 1167
390 1 1 1 1168 1171 1169 1170
391 1 1 1 1171 1174 1172 1173
392 1 1 1 1174 1177 1175 1176
393 1 1 1 1177 1180 1178 1179
394 1 1 1 1180 1183 1181 1182
395 1 1 1 1183 1186 1184 1185
396 1 1 1 1186 1189 1187 1188
397 1 1 1 1189 1192 1190 1191
398 1 1 1 1192 1195 1193 1194
399 1 1 1 1195 1198 1196 1197
400 1 1 1 1198 1201 1199 1200
401 1 1 1 1201 1204 1202 1203
402 1 1 1 1204 1207 1205 1206
403 1 1 1 1207 1210 1208 1209
404 1 1 1 1210 1213 1211 1212
405 1 1 1 1213 1216 1214 1215
406 1 1 1 1216 1219 1217 1218
407 1 1 1 1219 1222 1220 1221
408 1 1 1 1222 1225 1223 1224
409 1 1 1 1225 1228 1226 1227
410 1 1 1 1228 1231 1229 1230
411 1 1 1 1231 1234 1232 1233
412 1 1 1 1234 1237 1235 1236
413 1 1 1 1237 1240 1238 1239
414 1 1 1 1240 1243 1241 1242
415 1 1 1 1243 1246 1244 1245
416 1 1 1 1246 1249 1247 1248
417 1 1 1 1249 1252 1250 1251
418 1 1 1 1252 1255 1253 1254
419 1 1 1 1255 1258 1256 1257
420 1 1 1 1258 1261 1259 1260
421 1 1 1 1261 1264 1262 1263
422 1 1 1 1264 1267 1265 1266
423 1 1 1 1267 1270 1268 1269
424 1 1 1 1270 1273 1271 1272
425 1 1 1 1273 1276 1274 1275
426 1 1 1 1276 1279 1277 1278
427 1 1 1 1279 1282 1280 1281
428 1 1 1 1282 1285 1283 1284
429 1 1 1 1285 1288 1286 1287
430 1 1 1 1288 1291 1289 1290
431 1 1 1 1291 1294 1292 1293
432 1 1 1 1294 1297 1295 1296
433 1 1 1 1297 1300 1298 1299
434 1 1 1 1300 1303 1301 1302
435 1 1 1 1303 1306 1304 1305
436 1 1 1 1306 1309 1307 1308
437 1 1 1 1309 1312 1310 1311
438 1 1 1 1312 1315 1313 1314
439 1 1 1 1315 1318 1316 1317
440 1 1 1 1318 1321 1319 1320
441 1 1 1 1321 1324 1322 1323
442 1 1 1 1324 1327 1325 1326
443 1 1 1 1327 1330 1328 1329
444 1 1 1 1330 1333 1331 1332
445 1 1 1 1333 1336 1334 1335
446 1 1 1 1336 1339 1337 1338
447 1 1 1 1339 1342 1340 1341
448 1 1 1 1342 1345 1343 1344
449 1 1 1 1345 1348 1346 1347
450 1 1 1 1348 1351 1349 1350
451 1 1 1 1351 1354 1352 1353
452 1 1 1 1354 1357 1355 1356
453 1 1 1 1357 1360 1358 1359
454 1 1 1 1360 1363 1361 1362
455 1 1 1 1363 1366 1364 1365
456 1 1 1 1366 1369 1367 1368
457 1 1 1 1369 1372 1370 1371
458 1 1 1 1372 1375 1373 1374
459 1 1 1 1375 1378 1376 1377
460 1 1 1 1378 1381 1379 1380
461 1 1 1 1381 1384 1382 1383
462 1 1 1 1384 1387 1385 1386
463 1 1 1 1387 1390 1388 1389
464 1 1 1 1390 1393 1391 1392
465 1 1 1 1393 1396 1394 1395
466 1 1 1 1396 1399 1397 1398
467 1 1 1 1399 1402 1400 1401
468 1 1 1 1402 1405 1403 1404
469 1 1 1 1405 1408 1406 1407
470 1 1 1 1408 1411 1409 1410
471 1 1 1 1411 1414 1412 1413
472 1 1 1 1414 1417 1415 1416
473 1 1 1 1417 1420 1418 1419
474 1 1 1 1420 1423 1421 1422
475 1 1 1 1423 1426 1424 1425
476 1 1 1 1426 1429 1427 1428
477 1 1 1 1429 1432 1430 1431
478 1 1 1 1432 1435 1433 1434
479 1 1 1 1435 1438 1436 1437
480 1 1 1 1438 1441 1439 1440
481 1 1 1 1441 1444 1442 1443
482 1 1 1 1444 1447 1445 1446
483 1 1 1 1447 1450 1448 1449
484 1 1 1 1450 1453 1451 1452
485 1 1 1 1453 1456 1454 1455
486 1 1 1 1456 1459 1457 1458
487 1 1 1 1459 1462 1460 1461
488 1 1 1 1462 1465 1463 1464
489 1 1 1 1465 1468 1466 1467
490 1 1 1 1468 1471 1469 1470
491 1 1 1 1471 1474 1472 1473
492 1 1 1 1474 1477 1475 1476
493 1 1 1 1477 1480 1478 1479
494 1 1 1 1480 1483 1481 1482
495 1 1 1 1483 1486 1484 1485
496 1 1 1 1486 1489 1487 1488
497 1 1 1 1489 1492 1490 1491
498 1 1 1 1492 1495 1493 1494
499 1 1 1 1495 1498 1496 1497
500 1 1 1 1498 1501 1499 1500
501 1 1 1 1501 1504 1502 1503
502 1 1 1 1504 1507 1505 1506
503 1 1 1 1507 1510 1508 1509
504 1 1 1 1510 1513 1511 1512
505 1 1 1 1513 1516 1514 1515
506 1 1 1 1516 1519 1517 1518
507 1 1 1 1519 1522 1520 1521
508 1 1 1 1522 1525 1523 1524
509 1 1 1 1525 1528 1526 1527
510 1 1 1 1528 1531 1529 1530
511 1 1 1 1531 1534 1532 1533
512 1 1 1 1534 1537 1535 1536
513 1 1 1 1537 1540 1538 1539
514 1 1 1 1540 1543 1541 1542
515 1 1 1 1543 1546 1544 1545
516 1 1 1 1546 1549 1547 1548
517 1 1 1 1549 1552 1550 1551
518 1 1 1 1552 1555 1553 1554
519 1 1 1 1555 1558 1556 1557
520 1 1 1 1558 1561 1559 1560
521 1 1 1 1561 1564 1562 1563
522 1 1 1 1564 1567 1565 1566
523 1 1 1 1567 1570 1568 1569
524 1 1 1 1570 1573 1571 1572
525 1 1 1 1573 1576 1574 1575
526 1 1 1 1576 1579 1577 1578
527 1 1 1 1579 1582 1580 1581
528 1 1 1 1582 1585 1583 1584
529 1 1 1 1585 1588 1586 1587
530 1 1 1 1588 1591 1589 1590
531 1 1 1 1591 1594 1592 1593
532 1 1 1 1594 1597 1595 1596
533 1 1 1 1597 1600 1598 1599
534 1 1 1 1600 1603 1601 1602
535 1 1 1 1603 1606 1604 1605
536 1 1 1 1606 1609 1607 1608
537 1 1 1 1609 1612 1610 1611
538 1 1 1 1612 1615 1613 1614
539 1 1 1 1615 1618 1616 1617
540 1 1 1 1618 1621 1619 1620
541 1 1 1 1621 1624 1622 1623
542 1 1 1 1624 1627 1625 1626
543 1 1 1 1627 1630 1628 1629
544 1 1 1 1630 1633 1631 1632
545 1 1 1 1633 1636 1634 1635
546 1 1 1 1636 1639 1637 1638
547 1 1 1 1639 1642 1640 1641
548 1 1 1 1642 1645 1643 1644
549 1 1 1 1645 1648 1646 1647
550 1 1 1 1648 1651 1649 1650
551 1 1 1 1651 1654 1652 1653
552 1 1 1 1654 1657 1655 1656
553 1 1 1 1657 1660 1658 1659
554 1 1 1 1660 1663 1661 1662
555 1 1 1 1663 1666 1664 1665
556 1 1 1 1666 1669 1667 1668
557 1 1 1 1669 1672 1670 1671
558 1 1 1 1672 1675 1673 1674
559 1 1 1 1675 1678 1676 1677
560 1 1 1 1678 1681 1679 1680
561 1 1 1 1681 1684 1682 1683
562 1 1 1 1684 1687 1685 1686
563 1 1 1 1687 1690 1688 1689
564 1 1 1 1690 1693 1691 1692
565 1 1 1 1693 1696 1694 1695
566 1 1 1 1696 1699 1697 1698
567 1 1 1 1699 1702 1700 1701
568 1 1 1 1702 1705 1703 1704
569 1 1 1 1705 1708 1706 1707
570 1 1 1 1708 1711 1709 1710
571 1 1 1 1711 1714 1712 1713
572 1 1 1 1714 1717 1715 1716
573 1 1 1 1717 1720 1718 1719
574 1 1 1 1720 1723 1721 1722
575 1 1 1 1723 1726 1724 1725
576 1 1 1 1726 1729 1727 1728
577 1 1 1 1729 1732 1730 1731
578 1 1 1 1732 1735 1733 1734
579 1 1 1 1735 1738 1736 1737
580 1 1 1 1738 1741 1739 1740
581 1 1 1 1741 1744 1742 1743
582 1 1 1 1744 1747 1745 1746
583 1 1 1 1747 1750 1748 1749
584 1 1 1 1750 1753 1751 1752
585 1 1 1 1753 1756 1754 1755
586 1 1 1 1756 1759 1757 1758
587 1 1 1 1759 1762 1760 1761
588 1 1 1 1762 1765 1763 1764
589 1 1 1 1765 1768 1766 1767
590 1 1 1 1768 1771 1769 1770
591 1 1 1 1771 1774 1772 1773
592 1 1 1 1774 1777 1775 1776
593 1 1 1 1777 1780 1778 1779
594 1 1 1 1780 1783 1781 1782
595 1 1 1 1783 1786 1784 1785
596 1 1 1 1786 1789 1787 1788
597 1 1 1 1789 1792 1790 1791
598 1 1 1 1792 1795 1793 1794
599 1 1 1 1795 1798 1796 1797
600 1 1 1 1798 1801 1799 1800
601 1 1 1 1801 1804 1802 1803
602 1 1 1 1804 1807 1805 1806
603 1 1 1 1807 1810 1808 1809
604 1 1 1 1810 1813 1811 1812
605 1 1 1 1813 1816 1814 1815
606 1 1 1 1816 1819 1817 1818
607 1 1 1 1819 1822 1820 1821
608 1 1 1 1822 1825 1823 1824
609 1 1 1 1825 1828 1826 1827
610 1 1 1 1828 1831 1829 1830
611 1 1 1 1831 1834 1832 1833
612 1 1 1 1834 1837 1835 1836
613 1 1 1 1837 1840 1838 1839
614 1 1 1 1840 1843 1841 1842
615 1 1 1 1843 1846 1844 1845
616 1 1 1 1846 1849 1847 1848
617 1 1 1 1849 1852 1850 1851
618 1 1 1 1852 1855 1853 1854
619 1 1 1 1855 1858 1856 1857
620 1 1 1 1858 1861 1859 1860
621 1 1 1 1861 1864 1862 1863
622 1 1 1 1864 1867 1865 1866
623 1 1 1 1867 1870 1868 1869
624 1 1 1 1870 1873 1871 1872
625 1 1 1 1873 1876 1874 1875
626 1 1 1 1876 1879 1877 1878
627 1 1 1 1879 1882 1880 1881
628 1 1 1 1882 1885 1883 1884
629 1 1 1 1885 1888 1886 1887
630 1 1 1 1888 1891 1889 1890
631 1 1 1 1891 1894 1892 1893
632 1 1 1 1894 1897 1895 1896
633 1 1 1 1897 1900 1898 1899
634 1 1 1 1900 1903 1901 1902
635 1 1 1 1903 1906 1904 1905
636 1 1 1 1906 1909 1907 1908
637 1 1 1 1909 1912 1910 1911
638 1 1 1 1912 1915 1913 1914
639 1 1 1 1915 1918 1916 1917
640 1 1 1 1918 1921 1919 1920
641 1 1 1 1921 1924 1922 1923
642 1 1 1 1924 1927 1925 1926
643 1 1 1 1927 1930 1928 1929
644 1 1 1 1930 1933 1931 1932
645 1 1 1 1933 1936 1934 1935
646 1 1 1 1936 1939 1937 1938
647 1 1 1 1939 1942 1940 1941
648 1 1 1 1942 1945 1943 1944
649 1 1 1 1945 1948 1946 1947
650 1 1 1 1948 1951 1949 1950
651 1 1 1 1951 1954 1952 1953
652 1 1 1 1954 1957 1955 1956
653 1 1 1 1957 1960 1958 1959
654 1 1 1 1960 1963 1961 1962
655 1 1 1 1963 1966 1964 1965
656 1 1 1 1966 1969 1967 1968
657 1 1 1 1969 1972 1970 1971
658 1 1 1 1972 1975 1973 1974
659 1 1 1 1975 1978 1976 1977
660 1 1 1 1978 1981 1979 1980
661 1 1 1 1981 1984 1982 1983
662 1 1 1 1984 1987 1985 1986
663 1 1 1 1987 1990 1988 1989
664 1 1 1 1990 1993 1991 1992
665 1 1 1 1993 1996 1994 1995
666 1 1 1 1996 1999 1997 1998
667 1 1 1 1999 2002 2000 2001
668 1 1 1 2002 2005 2003 2004
669 1 1 1 2005 2008 2006 2007
670 1 1 1 2008 2011 2009 2010
671 1 1 1 2011 2014 2012 2013
672 1 1 1 2014 2017 2015 2016
673 1 1 1 2017 2020 2018 2019
674 1 1 1 2020 2023 2021 2022
675 1 1 1 2023 2026 2024 2025
676 1 1 1 2026 2029 2027 2028
677 1 1 1 2029 2032 2030 2031
678 1 1 1 2032 2035 2033 2034
679 1 1 1 2035 2038 2036 2037
680 1 1 1 2038 2041 2039 2040
681 1 1 1 2041 2044 2042 2043
682 1 1 1 2044 2047 2045 2046
683 1 1 1 2047 2050 2048 2049
684 1 1 1 2050 2053 2051 2052
685 1 1 1 2053 2056 2054 2055
686 1 1 1 2056 2059 2057 2058
687 1 1 1 2059 2062 2060 2061
688 1 1 1 2062 2065 2063 2064
689 1 1 1 2065 2068 2066 2067
690 1 1 1 2068 2071 2069 2070
691 1 1 1 2071 2074 2072 2073
692 1 1 1 2074 2077 2075 2076
693 1 1 1 2077 2080 2078 2079
694 1 1 1 2080 2083 2081 2082
695 1 1 1 2083 2086 2084 2085
696 1 1 1 2086 2089 2087 2088
697 1 1 1 2089 2092 2090 2091
698 1 1 1 2092 2095 2093 2094
699 1 1 1 2095 2098 2096 2097
700 1 1 1 2098 2101 2099 2100
701 1 1 1 2101 2104 2102 2103
702 1 1 1 2104 2107 2105 2106
703 1 1 1 2107 2110 2108 2109
704 1 1 1 2110 2113 2111 2112
705 1 1 1 2113 2116 2114 2115
706 1 1 1 2116 2119 2117 2118
707 1 1 1 2119 2122 2120 2121
708 1 1 1 2122 2125 2123 2124
709 1 1 1 2125 2128 2126 2127
710 1 1 1 2128 2131 2129 2130
711 1 1 1 2131 2134 2132 2133
712 1 1 1 2134 2137 2135 2136
713 1 1 1 2137 2140 2138 2139
714 1 1 1 2140 2143 2141 2142
715 1 1 1 2143 2146 2144 2145
716 1 1 1 2146 2149 2147 2148
717 1 1 1 2149 2152 2150 2151
718 1 1 1 2152 2155 2153 2154
719 1 1 1 2155 2158 2156 2157
720 1 1 1 2158 2161 2159 2160
721 1 1 1 2161 2164 2162 2163
722 1 1 1 2164 2167 2165 2166
723 1 1 1 2167 2170 2168 2169
724 1 1 1 2170 2173 2171 2172
725 1 1 1 2173 2176 2174 2175
726 1 1 1 2176 2179 2177 2178
727 1 1 1 2179 2182 2180 2181
728 1 1 1 2182 2185 2183 2184
729 1 1 1 2185 2188 2186 2187
730 1 1 1 2188 2191 2189 2190
731 1 1 1 2191 2194 2192 2193
732 1 1 1 2194 2197 2195 2196
733 1 1 1 2197 2200 2198 2199
734 1 1 1 2200 2203 2201 2202
735 1 1 1 2203 2206 2204 2205
736 1 1 1 2206 2209 2207 2208
737 1 1 1 2209 2212 2210 2211
738 1 1 1 2212 2215 2213 2214
739 1 1 1 2215 2218 2216 2217
740 1 1 1 2218 2221 2219 2220
741 1 1 1 2221 2224 2222 2223
742 1 1 1 2224 2227 2225 2226
743 1 1 1 2227 2230 2228 2229
744 1 1 1 2230 2233 2231 2232
745 1 1 1 2233 2236 2234 2235
746 1 1 1 2236 2239 2237 2238
747 1 1 1 2239 2242 2240 2241
748 1 1 1 2242 2245 2243 2244
749 1 1 1 2245 2248 2246 2247
750 1 1 1 2248 2251 2249 2250
751 1 1 1 2251 2254 2252 2253
752 1 1 1 2254 2257 2255 2256
753 1 1 1 2257 2260 2258 2259
754 1 1 1 2260 2263 2261 2262
755 1 1 1 2263 2266 2264 2265
756 1 1 1 2266 2269 2267 2268
757 1 1 1 2269 2272 2270 2271
758 1 1 1 2272 2275 2273 2274
759 1 1 1 2275 2278 2276 2277
760 1 1 1 2278 2281 2279 2280
761 1 1 1 2281 2284 2282 2283
762 1 1 1 2284 2287 2285 2286
763 1 1 1 2287 2290 2288 2289
764 1 1 1 2290 2293 2291 2292
765 1 1 1 2293 2296 2294 2295
766 1 1 1 2296 2299 2297 2298
767 1 1 1 2299 2302 2300 2301
768 1 1 1 2302 2305 2303 2304
769 1 1 1 2305 2308 2306 2307
770 1 1 1 2308 2311 2309 2310
771 1 1 1 2311 2314 2312 2313
772 1 1 1 2314 2317 2315 2316
773 1 1 1 2317 2320 2318 2319
774 1 1 1 2320 2323 2321 2322
775 1 1 1 2323 2326 2324 2325
776 1 1 1 2326 2329 2327 2328
777 1 1 1 2329 2332 2330 2331
778 1 1 1 2332 2335 2333 2334
779 1 1 1 2335 2338 2336 2337
780 1 1 1 2338 2341 2339 2340
781 1 1 1 2341 2344 2342 2343
782 1 1 1 2344 2347 2345 2346
783 1 1 1 2347 2350 2348 2349
784 1 1 1 2350 2353 2351 2352
785 1 1 1 2353 2356 2354 2355
786 1 1 1 2356 2359 2357 2358
787 1 1 1 2359 2362 2360 2361
788 1 1 1 2362 2365 2363 2364
789 1 1 1 2365 2368 2366 2367
790 1 1 1 2368 2371 2369 2370
791 1 1 1 2371 2374 2372 2373
792 1 1 1 2374 2377 2375 2376
793 1 1 1 2377 2380 2378 2379
794 1 1 1 2380 2383 2381 2382
795 1 1 1 2383 2386 2384 2385
796 1 1 1 2386 2389 2387 2388
797 1 1 1 2389 2392 2390 2391
798 1 1 1 2392 2395 2393 2394
799 1 1 1 2395 2398 2396 2397
800 1 1 1 2398 2401 2399 2400
801 1 1 1 2401 2404 2402 2403
802 1 1 1 2404 2407 2405 2406
803 1 1 1 2407 2410 2408 2409
804 1 1 1 2410 2413 2411 2412
805 1 1 1 2413 2416 2414 2415
806 1 1 1 2416 2419 2417 2418
807 1 1 1 2419 2422 2420 2421
808 1 1 1 2422 2425 2423 2424
809 1 1 1 2425 2428 2426 2427
810 1 1 1 2428 2431 2429 2430
811 1 1 1 2431 2434 2432 2433
812 1 1 1 2434 2437 2435 2436
813 1 1 1 2437 2440 2438 2439
814 1 1 1 2440 2443 2441 2442
815 1 1 1 2443 2446 2444 2445
816 1 1 1 2446 2449 2447 2448
817 1 1 1 2449 2452 2450 2451
818 1 1 1 2452 2455 2453 2454
819 1 1 1 2455 2458 2456 2457
820 1 1 1 2458 2461 2459 2460
821 1 1 1 2461 2464 2462 2463
822 1 1 1 2464 2467 2465 2466
823 1 1 1 2467 2470 2468 2469
824 1 1 1 2470 2473 2471 2472
825 1 1 1 2473 2476 2474 2475
826 1 1 1 2476 2479 2477 2478
827 1 1 1 2479 2482 2480 2481
828 1 1 1 2482 2485 2483 2484
829 1 1 1 2485 2488 2486 2487
830 1 1 1 2488 2491 2489 2490
831 1 1 1 2491 2494 2492 2493
832 1 1 1 2494 2497 2495 2496
833 1 1 1 2497 2500 2498 2499
834 1 1 1 2500 2503 2501 2502
835 1 1 1 2503 2506 2504 2505
836 1 1 1 2506 2509 2507 2508
837 1 1 1 2509 2512 2510 2511
838 1 1 1 2512 2515 2513 2514
839 1 1 1 2515 2518 2516 2517
840 1 1 1 2518 2521 2519 2520
841 1 1 1 2521 2524 2522 2523
842 1 1 1 2524 2527 2525 2526
843 1 1 1 2527 2530 2528 2529
844 1 1 1 2530 2533 2531 2532
845 1 1 1 2533 2536 2534 2535
846 1 1 1 2536 2539 2537 2538
847 1 1 1 2539 2542 2540 2541
848 1 1 1 2542 2545 2543 2544
849 1 1 1 2545 2548 2546 2547
850 1 1 1 2548 2551 2549 2550
851 1 1 1 2551 2554 2552 2553
852 1 1 1 2554 2557 2555 2556
853 1 1 1 2557 2560 2558 2559
854 1 1 1 2560 2563 2561 2562
855 1 1 1 2563 2566 2564 2565
856 1 1 1 2566 2569 2567 2568
857 1 1 1 2569 2572 2570 2571
858 1 1 1 2572 2575 2573 2574
859 1 1 1 2575 2578 2576 2577
860 1 1 1 2578 2581 2579 2580
861 1 1 1 2581 2584 2582 2583
862 1 1 1 2584 2587 2585 2586
863 1 1 1 2587 2590 2588 2589
864 1 1 1 2590 2593 2591 2592
865 1 1 1 2593 2596 2594 2595
866 1 1 1 2596 2599 2597 2598
867 1 1 1 2599 2602 2600 2601
868 1 1 1 2602 2605 2603 2604
869 1 1 1 2605 2608 2606 2607
870 1 1 1 2608 2611 2609 2610
871 1 1 1 2611 2614 2612 2613
872 1 1 1 2614 2617 2615 2616
873 1 1 1 2617 2620 2618 2619
874 1 1 1 2620 2623 2621 2622
875 1 1 1 2623 2626 2624 2625
876 1 1 1 2626 2629 2627 2628
877 1 1 1 2629 2632 2630 2631
878 1 1 1 2632 2635 2633 2634
879 1 1 1 2635 2638 2636 2637
880 1 1 1 2638 2641 2639 2640
881 1 1 1 2641 2644 2642 2643
882 1 1 1 2644 2647 2645 2646
883 1 1 1 2647 2650 2648 2649
884 1 1 1 2650 2653 2651 2652
885 1 1 1 2653 2656 2654 2655
886 1 1 1 2656 2659 2657 2658
887 1 1 1 2659 2662 2660 2661
888 1 1 1 2662 2665 2663 2664
889 1 1 1 2665 2668 2666 2667
890 1 1 1 2668 2671 2669 2670
891 1 1 1 2671 2674 2672 2673
892 1 1 1 2674 2677 2675 2676
893 1 1 1 2677 2680 2678 2679
894 1 1 1 2680 2683 2681 2682
895 1 1 1 2683 2686 2684 2685
896 1 1 1 2686 2689 2687 2688
897 1 1 1 2689 2692 2690 2691
898 1 1 1 2692 2695 2693 2694
899 1 1 1 2695 2698 2696 2697
900 1 1 1 2698 2701 2699 2700
901 1 1 1 2701 2704 2702 2703
902 1 1 1 2704 2707 2705 2706
903 1 1 1 2707 2710 2708 2709
904 1 1 1 2710 2713 2711 2712
905 1 1 1 2713 2716 2714 2715
906 1 1 1 2716 2719 2717 2718
907 1 1 1 2719 2722 2720 2721
908 1 1 1 2722 2725 2723 2724
909 1 1 1 2725 2728 2726 2727
910 1 1 1 2728 2731 2729 2730
911 1 1 1 2731 2734 2732 2733
912 1 1 1 2734 2737 2735 2736
913 1 1 1 2737 2740 2738 2739
914 1 1 1 2740 2743 2741 2742
915 1 1 1 2743 2746 2744 2745
916 1 1 1 2746 2749 2747 2748
917 1 1 1 2749 2752 2750 2751
918 1 1 1 2752 2755 2753 2754
919 1 1 1 2755 2758 2756 2757
920 1 1 1 2758 2761 2759 2760
921 1 1 1 2761 2764 2762 2763
922 1 1 1 2764 2767 2765 2766
923 1 1 1 2767 2770 2768 2769
924 1 1 1 2770 2773 2771 2772
925 1 1 1 2773 2776 2774 2775
926 1 1 1 2776 2779 2777 2778
927 1 1 1 2779 2782 2780 2781
928 1 1 1 2782 2785 2783 2784
929 1 1 1 2785 2788 2786 2787
930 1 1 1 2788 2791 2789 2790
931 1 1 1 2791 2794 2792 2793
932 1 1 1 2794 2797 2795 2796
933 1 1 1 2797 2800 2798 2799
934 1 1 1 2800 2803 2801 2802
935 1 1 1 2803 2806 2804 2805
936 1 1 1 2806 2809 2807 2808
937 1 1 1 2809 2812 2810 2811
938 1 1 1 2812 2815 2813 2814
939 1 1 1 2815 2818 2816 2817
940 1 1 1 2818 2821 2819 2820
941 1 1 1 2821 2824 2822 2823
942 1 1 1 2824 2827 2825 2826
943 1 1 1 2827 2830 2828 2829
944 1 1 1 2830 2833 2831 2832
945 1 1 1 2833 2836 2834 2835
946 1 1 1 2836 2839 2837 2838
947 1 1 1 2839 2842 2840 2841
948 1 1 1 2842 2845 2843 2844
949 1 1 1 2845 2848 2846 2847
950 1 1 1 2848 2851 2849 2850
951 1 1 1 2851 2854 2852 2853
952 1 1 1 2854 2857 2855 2856
953 1 1 1 2857 2860 2858 2859
954 1 1 1 2860 2863 2861 2862
955 1 1 1 2863 2866 2864 2865
956 1 1 1 2866 2869 2867 2868
957 1 1 1 2869 2872 2870 2871
958 1 1 1 2872 2875 2873 2874
959 1 1 1 2875 2878 2876 2877
960 1 1 1 2878 2881 2879 2880
961 1 1 1 2881 2884 2882 2883
962 1 1 1 2884 2887 2885 2886
963 1 1 1 2887 2890 2888 2889
964 1 1 1 2890 2893 2891 2892
965 1 1 1 2893 2896 2894 2895
966 1 1 1 2896 2899 2897 2898
967 1 1 1 2899 2902 2900 2901
968 1 1 1 2902 2905 2903 2904
969 1 1 1 2905 2908 2906 2907
970 1 1 1 2908 2911 2909 2910
971 1 1 1 2911 2914 2912 2913
972 1 1 1 2914 2917 2915 2916
973 1 1 1 2917 2920 2918 2919
974 1 1 1 2920 2923 2921 2922
975 1 1 1 2923 2926 2924 2925
976 1 1 1 2926 2929 2927 2928
977 1 1 1 2929 2932 2930 2931
978 1 1 1 2932 2935 2933 2934
979 1 1 1 2935 2938 2936 2937
980 1 1 1 2938 2941 2939 2940
981 1 1 1 2941 2944 2942 2943
982 1 1 1 2944 2947 2945 2946
983 1 1 1 2947 2950 2948 2949
984 1 1 1 2950 2953 2951 2952
985 1 1 1 2953 2956 2954 2955
986 1 1 1 2956 2959 2957 2958
987 1 1 1 2959 2962 2960 2961
988 1 1 1 2962 2965 2963 2964
989 1 1 1 2965 2968 2966 2967
990 1 1 1 2968 2971 2969 2970
991 1 1 1 2971 2974 2972 2973
992 1 1 1 2974 2977 2975 2976
993 1 1 1 2977 2980 2978 2979
994 1 1 1 2980 2983 2981 2982
995 1 1 1 2983 2986 2984 2985
996 1 1 1 2986 2989 2987 2988
997 1 1 1 2989 2992 2990 2991
998 1 1 1 2992 2995 2993 2994
999 1 1 1 2995 2998 2996 2997
1000 1 1 1 2998 3001 2999 3000
1001 1 1 1 3001 3004 3002 3003
1002 1 1 1 3004 3007 3005 3006
1003 1 1 1 3007 3010 3008 3009
1004 1 1 1 3010 3013 3011 3012
1005 1 1 1 3013 3016 3014 3015
1006 1 1 1 3016 3019 3017 3018
1007 1 1 1 3019 3022 3020 3021
1008 1 1 1 3022 3025 3023 3024
1009 1 1 1 3025 3028 3026 3027
1010 1 1 1 3028 3031 3029 3030
1011 1 1 1 3031 3034 3032 3033
1012 1 1 1 3034 3037 3035 3036
1013 1 1 1 3037 3040 3038 3039
1014 1 1 1 3040 3043 3041 3042
1015 1 1 1 3043 3046 3044 3045
1016 1 1 1 3046 3049 3047 3048
1017 1 1 1 3049 3052 3050 3051
1018 1 1 1 3052 3055 3053 3054
1019 1 1 1 3055 3058 3056 3057
1020 1 1 1 3058 3061 3059 3060
1021 1 1 1 3061 3064 3062 3063
1022 1 1 1 3064 3067 3065 3066
1023 1 1 1 3067 3070 3068 3069
1024 1 1 1 3070 3073 3071 3072
1025 1 1 1 3073 3076 3074 3075
1026 1 1 1 3076 3079 3077 3078
1027 1 1 1 3079 3082 3080 3081
1028 1 1 1 3082 3085 3083 3084
1029 1 1 1 3085 3088 3086 3087
1030 1 1 1 3088 3091 3089 3090
1031 1 1 1 3091 3094 3092 3093
1032 1 1 1 3094 3097 3095 3096
1033 1 1 1 3097 3100 3098 3099
1034 1 1 1 3100 3103 3101 3102
1035 1 1 1 3103 3106 3104 3105
1036 1 1 1 3106 3109 3107 3108
1037 1 1 1 3109 3112 3110 3111
1038 1 1 1 3112 3115 3113 3114
1039 1 1 1 3115 3118 3116 3117
1040 1 1 1 3118 3121 3119 3120
1041 1 1 1 3121 3124 3122 3123
1042 1 1 1 3124 3127 3125 3126
1043 1 1 1 3127 3130 3128 3129
1044 1 1 1 3130 3133 3131 3132
1045 1 1 1 3133 3136 3134 3135
1046 1 1 1 3136 3139 3137 3138
1047 1 1 1 3139 3142 3140 3141
1048 1 1 1 3142 3145 3143 3144
1049 1 1 1 3145 3148 3146 3147
1050 1 1 1 3148 3151 3149 3150
1051 1 1 1 3151 3154 3152 3153
1052 1 1 1 3154 3157 3155 3156
1053 1 1 1 3157 3160 3158 3159
1054 1 1 1 3160 3163 3161 3162
1055 1 1 1 3163 3166 3164 3165
1056 1 1 1 3166 3169 3167 3168
1057 1 1 1 3169 3172 3170 3171
1058 1 1 1 3172 3175 3173 3174
1059 1 1 1 3175 3178 3176 3177
1060 1 1 1 3178 3181 3179 3180
1061 1 1 1 3181 3184 3182 3183
1062 1 1 1 3184 3187 3185 3186
1063 1 1 1 3187 3190 3188 3189
1064 1 1 1 3190 3193 3191 3192
1065 1 1 1 3193 3196 3194 3195
1066 1 1 1 3196 3199 3197 3198
1067 1 1 1 3199 3202 3200 3201
1068 1 1 1 3202 3205 3203 3204
1069 1 1 1 3205 3208 3206 3207
1070 1 1 1 3208 3211 3209 3210
1071 1 1 1 3211 3214 3212 3213
1072 1 1 1 3214 3217 3215 3216
1073 1 1 1 3217 3220 3218 3219
1074 1 1 1 3220 3223 3221 3222
1075 1 1 1 3223 3226 3224 3225
1076 1 1 1 3226 3229 3227 3228
1077 1 1 1 3229 3232 3230 3231
1078 1 1 1 3232 3235 3233 3234
1079 1 1 1 3235 3238 3236 3237
1080 1 1 1 3238 3241 3239 3240
1081 1 1 1 3241 3244 3242 3243
1082 1 1 1 3244 3247 3245 3246
1083 1 1 1 3247 3250 3248 3249
1084 1 1 1 3250 3253 3251 3252
1085 1 1 1 3253 3256 3254 3255
1086 1 1 1 3256 3259 3257 3258
1087 1 1 1 3259 3262 3260 3261
1088 1 1 1 3262 3265 3263 3264
1089 1 1 1 3265 3268 3266 3267
1090 1 1 1 3268 3271 3269 3270
1091 1 1 1 3271 3274 3272 3273
1092 1 1 1 3274 3277 3275 3276
1093 1 1 1 3277 3280 3278 3279
1094 1 1 1 3280 3283 3281 3282
1095 1 1 1 3283 3286 3284 3285
1096 1 1 1 3286 3289 3287 3288
1097 1 1 1 3289 3292 3290 3291
1098 1 1 1 3292 3295 3293 3294
1099 1 1 1 3295 3298 3296 3297
1100 1 1 1 3298 3301 3299 3300
1101 1 1 1 3301 3304 3302 3303
1102 1 1 1 3304 3307 3305 3306
1103 1 1 1 3307 3310 3308 3309
1104 1 1 1 3310 3313 3311 3312
1105 1 1 1 3313 3316 3314 3315
1106 1 1 1 3316 3319 3317 3318
1107 1 1 1 3319 3322 3320 3321
1108 1 1 1 3322 3325 3323 3324
1109 1 1 1 3325 3328 3326 3327
1110 1 1 1 3328 3331 3329 3330
1111 1 1 1 3331 3334 3332 3333
1112 1 1 1 3334 3337 3335 3336
1113 1 1 1 3337 3340 3338 3339
1114 1 1 1 3340 3343 3341 3342
1115 1 1 1 3343 3346 3344 3345
1116 1 1 1 3346 3349 3347 3348
1117 1 1 1 3349 3352 3350 3351
1118 1 1 1 3352 3355 3353 3354
1119 1 1 1 3355 3358 3356 3357
1120 1 1 1 3358 3361 3359 3360
1121 1 1 1 3361 3364 3362 3363
1122 1 1 1 3364 3367 3365 3366
1123 1 1 1 3367 3370 3368 3369
1124 1 1 1 3370 3373 3371 3372
1125 1 1 1 3373 3376 3374 3375
1126 1 1 1 3376 3379 3377 3378
1127 1 1 1 3379 3382 3380 3381
1128 1 1 1 3382 3385 3383 3384
1129 1 1 1 3385 3388 3386 3387
1130 1 1 1 3388 3391 3389 3390
1131 1 1 1 3391 3394 3392 3393
1132 1 1 1 3394 3397 3395 3396
1133 1 1 1 3397 3400 3398 3399
1134 1 1 1 3400 3403 3401 3402
1135 1 1 1 3403 3406 3404 3405
1136 1 1 1 3406 3409 3407 3408
1137 1 1 1 3409 3412 3410 3411
1138 1 1 1 3412 3415 3413 3414
1139 1 1 1 3415 3418 3416 3417
1140 1 1 1 3418 3421 3419 3420
1141 1 1 1 3421 3424 3422 3423
1142 1 1 1 3424 3427 3425 3426
1143 1 1 1 3427 3430 3428 3429
1144 1 1 1 3430 3433 3431 3432
1145 1 1 1 3433 3436 3434 3435
1146 1 1 1 3436 3439 3437 3438
1147 1 1 1 3439 3442 3440 3441
1148 1 1 1 3442 3445 3443 3444
1149 1 1 1 3445 3448 3446 3447
1150 1 1 1 3448 3451 3449 3450
1151 1 1 1 3451 3454 3452 3453
1152 1 1 1 3454 3457 3455 3456
1153 1 1 1 3457 3460 3458 3459
1154 1 1 1 3460 3463 3461 3462
1155 1 1 1 3463 3466 3464 3465
1156 1 1 1 3466 3469 3467 3468
1157 1 1 1 3469 3472 3470 3471
1158 1 1 1 3472 3475 3473 3474
1159 1 1 1 3475 3478 3476 3477
1160 1 1 1 3478 3481 3479 3480
1161 1 1 1 3481 3484 3482 3483
1162 1 1 1 3484 3487 3485 3486
1163 1 1 1 3487 3490 3488 3489
1164 1 1 1 3490 3493 3491 3492
1165 1 1 1 3493 3496 3494 3495
1166 1 1 1 3496 3499 3497 3498
1167 1 1 1 3499 3502 3500 3501
1168 1 1 1 3502 3505 3503 3504
1169 1 1 1 3505 3508 3506 3507
1170 1 1 1 3508 3511 3509 3510
1171 1 1 1 3511 3514 3512 3513
1172 1 1 1 3514 3517 3515 3516
1173 1 1 1 3517 3520 3518 3519
1174 1 1 1 3520 3523 3521 3522
1175 1 1 1 3523 3526 3524 3525
1176 1 1 1 3526 3529 3527 3528
1177 1 1 1 3529 3532 3530 3531
1178 1 1 1 3532 3535 3533 3534
1179 1 1 1 3535 3538 3536 3537
1180 1 1 1 3538 3541 3539 3540
1181 1 1 1 3541 3544 3542 3543
1182 1 1 1 3544 3547 3545 3546
1183 1 1 1 3547 3550 3548 3549
1184 1 1 1 3550 3553 3551 3552
1185 1 1 1 3553 3556 3554 3555
1186 1 1 1 3556 3559 3557 3558
1187 1 1 1 3559 3562 3560 3561
1188 1 1 1 3562 3565 3563 3564
1189 1 1 1 3565 3568 3566 3567
1190 1 1 1 3568 3571 3569 3570
1191 1 1 1 3571 3574 3572 3573
1192 1 1 1 3574 3577 3575 3576
1193 1 1 1 3577 3580 3578 3579
1194 1 1 1 3580 3583 3581 3582
1195 1 1 1 3583 3586 3584 3585
1196 1 1 1 3586 3589 3587 3588
1197 1 1 1 3589 3592 3590 3591
1198 1 1 1 3592 3595 3593 3594
1199 1 1 1 3595 3598 3596 3597
1200 1 1 1 3598 3601 3599 3600
1201 1 1 1 3601 3604 3602 3603
1202 1 1 1 3604 3607 3605 3606
1203 1 1 1 3607 3610 3608 3609
1204 1 1 1 3610 3613 3611 3612
1205 1 1 1 3613 3616 3614 3615
1206 1 1 1 3616 3619 3617 3618
1207 1 1 1 3619 3622 3620 3621
1208 1 1 1 3622 3625 3623 3624
1209 1 1 1 3625 3628 3626 3627
1210 1 1 1 3628 3631 3629 3630
1211 1 1 1 3631 3634 3632 3633
1212 1 1 1 3634 3637 3635 3636
1213 1 1 1 3637 3640 3638 3639
1214 1 1 1 3640 3643 3641 3642
1215 1 1 1 3643 3646 3644 3645
1216 1 1 1 3646 3649 3647 3648
1217 1 1 1 3649 3652 3650 3651
1218 1 1 1 3652 3655 3653 3654
1219 1 1 1 3655 3658 3656 3657
1220 1 1 1 3658 3661 3659 3660
1221 1 1 1 3661 3664 3662 3663
1222 1 1 1 3664 3667 3665 3666
1223 1 1 1 3667 3670 3668 3669
1224 1 1 1 3670 3673 3671 3672
1225 1 1 1 3673 3676 3674 3675
1226 1 1 1 3676 3679 3677 3678
1227 1 1 1 3679 3682 3680 3681
1228 1 1 1 3682 3685 3683 3684
1229 1 1 1 3685 3688 3686 3687
1230 1 1 1 3688 3691 3689 3690
1231 1 1 1 3691 3694 3692 3693
1232 1 1 1 3694 3697 3695 3696
1233 1 1 1 3697 3700 3698 3699
1234 1 1 1 3700 3703 3701 3702
1235 1 1 1 3703 3706 3704 3705
1236 1 1 1 3706 3709 3707 3708
1237 1 1 1 3709 3712 3710 3711
1238 1 1 1 3712 3715 3713 3714
1239 1 1 1 3715 3718 3716 3717
1240 1 1 1 3718 3721 3719 3720
1241 1 1 1 3721 3724 3722 3723
1242 1 1 1 3724 3727 3725 3726
1243 1 1 1 3727 3730 3728 3729
1244 1 1 1 3730 3733 3731 3732
1245 1 1 1 3733 3736 3734 3735
1246 1 1 1 3736 3739 3737 3738
1247 1 1 1 3739 3742 3740 3741
1248 1 1 1 3742 3745 3743 3744
1249 1 1 1 3745 3748 3746 3747
1250 1 1 1 3748 3751 3749 3750
1251 1 1 1 3751 3754 3752 3753
1252 1 1 1 3754 3757 3755 3756
1253 1 1 1 3757 3760 3758 3759
1254 1 1 1 3760 3763 3761 3762
1255 1 1 1 3763 3766 3764 3765
1256 1 1 1 3766 3769 3767 3768
1257 1 1 1 3769 3772 3770 3771
1258 1 1 1 3772 3775 3773 3774
1259 1 1 1 3775 3778 3776 3777
1260 1 1 1 3778 3781 3779 3780
1261 1 1 1 3781 3784 3782 3783
1262 1 1 1 3784 3787 3785 3786
1263 1 1 1 3787 3790 3788 3789
1264 1 1 1 3790 3793 3791 3792
1265 1 1 1 3793 3796 3794 3795
1266 1 1 1 3796 3799 3797 3798
1267 1 1 1 3799 3802 3800 3801
1268 1 1 1 3802 3805 3803 3804
1269 1 1 1 3805 3808 3806 3807
1270 1 1 1 3808 3811 3809 3810
1271 1 1 1 3811 3814 3812 3813
1272 1 1 1 3814 3817 3815 3816
1273 1 1 1 3817 3820 3818 3819
1274 1 1 1 3820 3823 3821 3822
1275 1 1 1 3823 3826 3824 3825
1276 1 1 1 3826 3829 3827 3828
1277 1 1 1 3829 3832 3830 3831
1278 1 1 1 3832 3835 3833 3834
1279 1 1 1 3835 3838 3836 3837
1280 1 1 1 3838 3841 3839 3840
1281 1 1 1 3841 3844 3842 3843
1282 1 1 1 3844 3847 3845 3846
1283 1 1 1 3847 3850 3848 3849
1284 1 1 1 3850 3853 3851 3852
1285 1 1 1 3853 3856 3854 3855
1286 1 1 1 3856 3859 3857 3858
1287 1 1 1 3859 3862 3860 3861
1288 1 1 1 3862 3865 3863 3864
1289 1 1 1 3865 3868 3866 3867
1290 1 1 1 3868 3871 3869 3870
1291 1 1 1 3871 3874 3872 3873
1292 1 1 1 3874 3877 3875 3876
1293 1 1 1 3877 3880 3878 3879
1294 1 1 1 3880 3883 3881 3882
1295 1 1 1 3883 3886 3884 3885
1296 1 1 1 3886 3889 3887 3888
1297 1 1 1 3889 3892 3890 3891
1298 1 1 1 3892 3895 3893 3894
1299 1 1 1 3895 3898 3896 3897
1300 1 1 1 3898 3901 3899 3900
1301 1 1 1 3901 3904 3902 3903
1302 1 1 1 3904 3907 3905 3906
1303 1 1 1 3907 3910 3908 3909
1304 1 1 1 3910 3913 3911 3912
1305 1 1 1 3913 3916 3914 3915
1306 1 1 1 3916 3919 3917 3918
1307 1 1 1 3919 3922 3920 3921
1308 1 1 1 3922 3925 3923 3924
1309 1 1 1 3925 3928 3926 3927
1310 1 1 1 3928 3931 3929 3930
1311 1 1 1 3931 3934 3932 3933
1312 1 1 1 3934 3937 3935 3936
1313 1 1 1 3937 3940 3938 3939
1314 1 1 1 3940 3943 3941 3942
1315 1 1 1 3943 3946 3944 3945
1316 1 1 1 3946 3949 3947 3948
1317 1 1 1 3949 3952 3950 3951
1318 1 1 1 3952 3955 3953 3954
1319 1 1 1 3955 3958 3956 3957
1320 1 1 1 3958 3961 3959 3960
1321 1 1 1 3961 3964 3962 3963
1322 1 1 1 3964 3967 3965 3966
1323 1 1 1 3967 3970 3968 3969
1324 1 1 1 3970 3973 3971 3972
1325 1 1 1 3973 3976 3974 3975
1326 1 1 1 3976 3979 3977 3978
1327 1 1 1 3979 3982 3980 3981
1328 1 1 1 3982 3985 3983 3984
1329 1 1 1 3985 3988 3986 3987
1330 1 1 1 3988 3991 3989 3990
1331 1 1 1 3991 3994 3992 3993
1332 1 1 1 3994 3997 3995 3996
1333 1 1 1 3997 4000 3998 3999
1334 1 1 1 4000 4003 4001 4002
1335 1 1 1 4003 4006 4004 4005
1336 1 1 1 4006 4009 4007 4008
1337 1 1 1 4009 4012 4010 4011
1338 1 1 1 4012 4015 4013 4014
1339 1 1 1 4015 4018 4016 4017
1340 1 1 1 4018 4021 4019 4020
1341 1 1 1 4021 4024 4022 4023
1342 1 1 1 4024 4027 4025 4026
1343 1 1 1 4027 4030 4028 4029
1344 1 1 1 4030 4033 4031 4032
1345 1 1 1 4033 4036 4034 4035
1346 1 1 1 4036 4039 4037 4038
1347 1 1 1 4039 4042 4040 4041
1348 1 1 1 4042 4045 4043 4044
1349 1 1 1 4045 4048 4046 4047
1350 1 1 1 4048 4051 4049 4050
1351 1 1 1 4051 4054 4052 4053
1352 1 1 1 4054 4057 4055 4056
1353 1 1 1 4057 4060 4058 4059
1354 1 1 1 4060 4063 4061 4062
1355 1 1 1 4063 4066 4064 4065
1356 1 1 1 4066 4069 4067 4068
1357 1 1 1 4069 4072 4070 4071
1358 1 1 1 4072 4075 4073 4074
1359 1 1 1 4075 4078 4076 4077
1360 1 1 1 4078 4081 4079 4080
1361 1 1 1 4081 4084 4082 4083
1362 1 1 1 4084 4087 4085 4086
1363 1 1 1 4087 4090 4088 4089
1364 1 1 1 4090 4093 4091 4092
1365 1 1 1 4093 4096 4094 4095
1366 1 1 1 4096 4099 4097 4098
1367 1 1 1 4099 4102 4100 4101
1368 1 1 1 4102 4105 4103 4104
1369 1 1 1 4105 4108 4106 4107
1370 1 1 1 4108 4111 4109 4110
1371 1 1 1 4111 4114 4112 4113
1372 1 1 1 4114 4117 4115 4116
1373 1 1 1 4117 4120 4118 4119
1374 1 1 1 4120 4123 4121 4122
1375 1 1 1 4123 4126 4124 4125
1376 1 1 1 4126 4129 4127 4128
1377 1 1 1 4129 4132 4130 4131
1378 1 1 1 4132 4135 4133 4134
1379 1 1 1 4135 4138 4136 4137
1380 1 1 1 4138 4141 4139 4140
1381 1 1 1 4141 4144 4142 4143
1382 1 1 1 4144 4147 4145 4146
1383 1 1 1 4147 4150 4148 4149
1384 1 1 1 4150 4153 4151 4152
1385 1 1 1 4153 4156 4154 4155
1386 1 1 1 4156 4159 4157 4158
1387 1 1 1 4159 4162 4160 4161
1388 1 1 1 4162 4165 4163 4164
1389 1 1 1 4165 4168 4166 4167
1390 1 1 1 4168 4171 4169 4170
1391 1 1 1 4171 4174 4172 4173
1392 1 1 1 4174 4177 4175 4176
1393 1 1 1 4177 4180 4178 4179
1394 1 1 1 4180 4183 4181 4182
1395 1 1 1 4183 4186 4184 4185
1396 1 1 1 4186 4189 4187 4188
1397 1 1 1 4189 4192 4190 4191
1398 1 1 1 4192 4195 4193 4194
1399 1 1 1 4195 4198 4196 4197
1400 1 1 1 4198 4201 4199 4200
1401 1 1 1 4201 4204 4202 4203
1402 1 1 1 4204 4207 4205 4206
1403 1 1 1 4207 4210 4208 4209
1404 1 1 1 4210 4213 4211 4212
1405 1 1 1 4213 4216 4214 4215
1406 1 1 1 4216 4219 4217 4218
1407 1 1 1 4219 4222 4220 4221
1408 1 1 1 4222 4225 4223 4224
1409 1 1 1 4225 4228 4226 4227
1410 1 1 1 4228 4231 4229 4230
1411 1 1 1 4231 4234 4232 4233
1412 1 1 1 4234 4237 4235 4236
1413 1 1 1 4237 4240 4238 4239
1414 1 1 1 4240 4243 4241 4242
1415 1 1 1 4243 4246 4244 4245
1416 1 1 1 4246 4249 4247 4248
1417 1 1 1 4249 4252 4250 4251
1418 1 1 1 4252 4255 4253 4254
1419 1 1 1 4255 4258 4256 4257
1420 1 1 1 4258 4261 4259 4260
1421 1 1 1 4261 4264 4262 4263
1422 1 1 1 4264 4267 4265 4266
1423 1 1 1 4267 4270 4268 4269
1424 1 1 1 4270 4273 4271 4272
1425 1 1 1 4273 4276 4274 4275
1426 1 1 1 4276 4279 4277 4278
1427 1 1 1 4279 4282 4280 4281
1428 1 1 1 4282 4285 4283 4284
1429 1 1 1 4285 4288 4286 4287
1430 1 1 1 4288 4291 4289 4290
1431 1 1 1 4291 4294 4292 4293
1432 1 1 1 4294 4297 4295 4296
1433 1 1 1 4297 4300 4298 4299
1434 1 1 1 4300 4303 4301 4302
1435 1 1 1 4303 4306 4304 4305
1436 1 1 1 4306 4309 4307 4308
1437 1 1 1 4309 4312 4310 4311
1438 1 1 1 4312 4315 4313 4314
1439 1 1 1 4315 4318 4316 4317
1440 1 1 1 4318 4321 4319 4320
1441 1 1 1 4321 4324 4322 4323
1442 1 1 1 4324 4327 4325 4326
1443 1 1 1 4327 4330 4328 4329
1444 1 1 1 4330 4333 4331 4332
1445 1 1 1 4333 4336 4334 4335
1446 1 1 1 4336 4339 4337 4338
1447 1 1 1 4339 4342 4340 4341
1448 1 1 1 4342 4345 4343 4344
1449 1 1 1 4345 4348 4346 4347
1450 1 1 1 4348 4351 4349 4350
1451 1 1 1 4351 4354 4352 4353
1452 1 1 1 4354 4357 4355 4356
1453 1 1 1 4357 4360 4358 4359
1454 1 1 1 4360 4363 4361 4362
1455 1 1 1 4363 4366 4364 4365
1456 1 1 1 4366 4369 4367 4368
1457 1 1 1 4369 4372 4370 4371
1458 1 1 1 4372 4375 4373 4374
1459 1 1 1 4375 4378 4376 4377
1460 1 1 1 4378 4381 4379 4380
1461 1 1 1 4381 4384 4382 4383
1462 1 1 1 4384 4387 4385 4386
1463 1 1 1 4387 4390 4388 4389
1464 1 1 1 4390 4393 4391 4392
1465 1 1 1 4393 4396 4394 4395
1466 1 1 1 4396 4399 4397 4398
1467 1 1 1 4399 4402 4400 4401
1468 1 1 1 4402 4405 4403 4404
1469 1 1 1 4405 4408 4406 4407
1470 1 1 1 4408 4411 4409 4410
1471 1 1 1 4411 4414 4412 4413
1472 1 1 1 4414 4417 4415 4416
1473 1 1 1 4417 4420 4418 4419
1474 1 1 1 4420 4423 4421 4422
1475 1 1 1 4423 4426 4424 4425
1476 1 1 1 4426 4429 4427 4428
1477 1 1 1 4429 4432 4430 4431
1478 1 1 1 4432 4435 4433 4434
1479 1 1 1 4435 4438 4436 4437
1480 1 1 1 4438 4441 4439 4440
1481 1 1 1 4441 4444 4442 4443
1482 1 1 1 4444 4447 4445 4446
1483 1 1 1 4447 4450 4448 4449
1484 1 1 1 4450 4453 4451 4452
1485 1 1 1 4453 4456 4454 4455
1486 1 1 1 4456 4459 4457 4458
1487 1 1 1 4459 4462 4460 4461
1488 1 1 1 4462 4465 4463 4464
1489 1 1 1 4465 4468 4466 4467
1490 1 1 1 4468 4471 4469 4470
1491 1 1 1 4471 4474 4472 4473
1492 1 1 1 4474 4477 4475 4476
1493 1 1 1 4477 4480 4478 4479
1494 1 1 1 4480 4483 4481 4482
1495 1 1 1 4483 4486 4484 4485
1496 1 1 1 4486 4489 4487 4488
1497 1 1 1 4489 4492 4490 4491
1498 1 1 1 4492 4495 4493 4494
1499 1 1 1 4495 4498 4496 4497
1500 1 1 1 4498 4501 4499 4500
1501 1 1 1 4501 4504 4502 4503
1502 1 1 1 4504 4507 4505 4506
1503 1 1 1 4507 4510 4508 4509
1504 1 1 1 4510 4513 4511 4512
1505 1 1 1 4513 4516 4514 4515
1506 1 1 1 4516 4519 4517 4518
1507 1 1 1 4519 4522 4520 4521
1508 1 1 1 4522 4525 4523 4524
1509 1 1 1 4525 4528 4526 4527
1510 1 1 1 4528 4531 4529 4530
1511 1 1 1 4531 4534 4532 4533
1512 1 1 1 4534 4537 4535 4536
1513 1 1 1 4537 4540 4538 4539
1514 1 1 1 4540 4543 4541 4542
1515 1 1 1 4543 4546 4544 4545
1516 1 1 1 4546 4549 4547 4548
1517 1 1 1 4549 4552 4550 4551
1518 1 1 1 4552 4555 4553 4554
1519 1 1 1 4555 4558 4556 4557
1520 1 1 1 4558 4561 4559 4560
1521 1 1 1 4561 4564 4562 4563
1522 1 1 1 4564 4567 4565 4566
1523 1 1 1 4567 4570 4568 4569
1524 1 1 1 4570 4573 4571 4572
1525 1 1 1 4573 4576 4574 4575
1526 1 1 1 4576 4579 4577 4578
1527 1 1 1 4579 4582 4580 4581
1528 1 1 1 4582 4585 4583 4584
1529 1 1 1 4585 4588 4586 4587
1530 1 1 1 4588 4591 4589 4590
1531 1 1 1 4591 4594 4592 4593
1532 1 1 1 4594 4597 4595 4596
1533 1 1 1 4597 4600 4598 4599
1534 1 1 1 4600 4603 4601 4602
1535 1 1 1 4603 4606 4604 4605
1536 1 1 1 4606 4609 4607 4608
1537 1 1 1 4609 4612 4610 4611
1538 1 1 1 4612 4615 4613 4614
1539 1 1 1 4615 4618 4616 4617
1540 1 1 1 4618 4621 4619 4620
1541 1 1 1 4621 4624 4622 4623
1542 1 1 1 4624 4627 4625 4626
1543 1 1 1 4627 4630 4628 4629
1544 1 1 1 4630 4633 4631 4632
1545 1 1 1 4633 4636 4634 4635
1546 1 1 1 4636 4639 4637 4638
1547 1 1 1 4639 4642 4640 4641
1548 1 1 1 4642 4645 4643 4644
1549 1 1 1 4645 4648 4646 4647
1550 1 1 1 4648 4651 4649 4650
1551 1 1 1 4651 4654 4652 4653
1552 1 1 1 4654 4657 4655 4656
1553 1 1 1 4657 4660 4658 4659
1554 1 1 1 4660 4663 4661 4662
1555 1 1 1 4663 4666 4664 4665
1556 1 1 1 4666 4669 4667 4668
1557 1 1 1 4669 4672 4670 4671
1558 1 1 1 4672 4675 4673 4674
1559 1 1 1 4675 4678 4676 4677
1560 1 1 1 4678 4681 4679 4680
1561 1 1 1 4681 4684 4682 4683
1562 1 1 1 4684 4687 4685 4686
1563 1 1 1 4687 4690 4688 4689
1564 1 1 1 4690 4693 4691 4692
1565 1 1 1 4693 4696 4694 4695
1566 1 1 1 4696 4699 4697 4698
1567 1 1 1 4699 4702 4700 4701
1568 1 1 1 4702 4705 4703 4704
1569 1 1 1 4705 4708 4706 4707
1570 1 1 1 4708 4711 4709 4710
1571 1 1 1 4711 4714 4712 4713
1572 1 1 1 4714 4717 4715 4716
1573 1 1 1 4717 4720 4718 4719
1574 1 1 1 4720 4723 4721 4722
1575 1 1 1 4723 4726 4724 4725
1576 1 1 1 4726 4729 4727 4728
1577 1 1 1 4729 4732 4730 4731
1578 1 1 1 4732 4735 4733 4734
1579 1 1 1 4735 4738 4736 4737
1580 1 1 1 4738 4741 4739 4740
1581 1 1 1 4741 4744 4742 4743
1582 1 1 1 4744 4747 4745 4746
1583 1 1 1 4747 4750 4748 4749
1584 1 1 1 4750 4753 4751 4752
1585 1 1 1 4753 4756 4754 4755
1586 1 1 1 4756 4759 4757 4758
1587 1 1 1 4759 4762 4760 4761
1588 1 1 1 4762 4765 4763 4764
1589 1 1 1 4765 4768 4766 4767
1590 1 1 1 4768 4771 4769 4770
1591 1 1 1 4771 4774 4772 4773
1592 1 1 1 4774 4777 4775 4776
1593 1 1 1 4777 4780 4778 4779
1594 1 1 1 4780 4783 4781 4782
1595 1 1 1 4783 4786 4784 4785
1596 1 1 1 4786 4789 4787 4788
1597 1 1 1 4789 4792 4790 4791
1598 1 1 1 4792 4795 4793 4794
1599 1 1 1 4795 4798 4796 4797
1600 1 1 1 4798 4801 4799 4800
1601 1 1 1 4801 4804 4802 4803
1602 1 1 1 4804 4807 4805 4806
1603 1 1 1 4807 4810 4808 4809
1604 1 1 1 4810 4813 4811 4812
1605 1 1 1 4813 4816 4814 4815
1606 1 1 1 4816 4819 4817 4818
1607 1 1 1 4819 4822 4820 4821
1608 1 1 1 4822 4825 4823 4824
1609 1 1 1 4825 4828 4826 4827
1610 1 1 1 4828 4831 4829 4830
1611 1 1 1 4831 4834 4832 4833
1612 1 1 1 4834 4837 4835 4836
1613 1 1 1 4837 4840 4838 4839
1614 1 1 1 4840 4843 4841 4842
1615 1 1 1 4843 4846 4844 4845
1616 1 1 1 4846 4849 4847 4848
1617 1 1 1 4849 4852 4850 4851
1618 1 1 1 4852 4855 4853 4854
1619 1 1 1 4855 4858 4856 4857
1620 1 1 1 4858 4861 4859 4860
1621 1 1 1 4861 4864 4862 4863
1622 1 1 1 4864 4867 4865 4866
1623 1 1 1 4867 4870 4868 4869
1624 1 1 1 4870 4873 4871 4872
1625 1 1 1 4873 4876 4874 4875
1626 1 1 1 4876 4879 4877 4878
1627 1 1 1 4879 4882 4880 4881
1628 1 1 1 4882 4885 4883 4884
1629 1 1 1 4885 4888 4886 4887
1630 1 1 1 4888 4891 4889 4890
1631 1 1 1 4891 4894 4892 4893
1632 1 1 1 4894 4897 4895 4896
1633 1 1 1 4897 4900 4898 4899
1634 1 1 1 4900 4903 4901 4902
1635 1 1 1 4903 4906 4904 4905
1636 1 1 1 4906 4909 4907 4908
1637 1 1 1 4909 4912 4910 4911
1638 1 1 1 4912 4915 4913 4914
1639 1 1 1 4915 4918 4916 4917
1640 1 1 1 4918 4921 4919 4920
1641 1 1 1 4921 4924 4922 4923
1642 1 1 1 4924 4927 4925 4926
1643 1 1 1 4927 4930 4928 4929
1644 1 1 1 4930 4933 4931 4932
1645 1 1 1 4933 4936 4934 4935
1646 1 1 1 4936 4939 4937 4938
1647 1 1 1 4939 4942 4940 4941
1648 1 1 1 4942 4945 4943 4944
1649 1 1 1 4945 4948 4946 4947
1650 1 1 1 4948 4951 4949 4950
1651 1 1 1 4951 4954 4952 4953
1652 1 1 1 4954 4957 4955 4956
1653 1 1 1 4957 4960 4958 4959
1654 1 1 1 4960 4963 4961 4962
1655 1 1 1 4963 4966 4964 4965
1656 1 1 1 4966 4969 4967 4968
1657 1 1 1 4969 4972 4970 4971
1658 1 1 1 4972 4975 4973 4974
1659 1 1 1 4975 4978 4976 4977
1660 1 1 1 4978 4981 4979 4980
1661 1 1 1 4981 4984 4982 4983
1662 1 1 1 4984 4987 4985 4986
1663 1 1 1 4987 4990 4988 4989
1664 1 1 1 4990 4993 4991 4992
1665 1 1 1 4993 4996 4994 4995
1666 1 1 1 4996 4999 4997 4998
1667 1 1 1 4999 5002 5000 5001
1668 1 1 1 5002 5005 5003 5004
1669 1 1 1 5005 5008 5006 5007
1670 1 1 1 5008 5011 5009 5010
1671 1 1 1 5011 5014 5012 5013
1672 1 1 1 5014 5017 5015 5016
1673 1 1 1 5017 5020 5018 5019
1674 1 1 1 5020 5023 5021 5022
1675 1 1 1 5023 5026 5024 5025
1676 1 1 1 5026 5029 5027 5028
1677 1 1 1 5029 5032 5030 5031
1678 1 1 1 5032 5035 5033 5034
1679 1 1 1 5035 5038 5036 5037
1680 1 1 1 5038 5041 5039 5040
1681 1 1 1 5041 5044 5042 5043
1682 1 1 1 5044 5047 5045 5046
1683 1 1 1 5047 5050 5048 5049
1684 1 1 1 5050 5053 5051 5052
1685 1 1 1 5053 5056 5054 5055
1686 1 1 1 5056 5059 5057 5058
1687 1 1 1 5059 5062 5060 5061
1688 1 1 1 5062 5065 5063 5064
1689 1 1 1 5065 5068 5066 5067
1690 1 1 1 5068 5071 5069 5070
1691 1 1 1 5071 5074 5072 5073
1692 1 1 1 5074 5077 5075 5076
1693 1 1 1 5077 5080 5078 5079
1694 1 1 1 5080 5083 5081 5082
1695 1 1 1 5083 5086 5084 5085
1696 1 1 1 5086 5089 5087 5088
1697 1 1 1 5089 5092 5090 5091
1698 1 1 1 5092 5095 5093 5094
1699 1 1 1 5095 5098 5096 5097
1700 1 1 1 5098 5101 5099 5100
1701 1 1 1 5101 5104 5102 5103
1702 1 1 1 5104 5107 5105 5106
1703 1 1 1 5107 5110 5108 5109
1704 1 1 1 5110 5113 5111 5112
1705 1 1 1 5113 5116 5114 5115
1706 1 1 1 5116 5119 5117 5118
1707 1 1 1 5119 5122 5120 5121
1708 1 1 1 5122 5125 5123 5124
1709 1 1 1 5125 5128 5126 5127
1710 1 1 1 5128 5131 5129 5130
1711 1 1 1 5131 5134 5132 5133
1712 1 1 1 5134 5137 5135 5136
1713 1 1 1 5137 5140 5138 5139
1714 1 1 1 5140 5143 5141 5142
1715 1 1 1 5143 5146 5144 5145
1716 1 1 1 5146 5149 5147 5148
1717 1 1 1 5149 5152 5150 5151
1718 1 1 1 5152 5155 5153 5154
1719 1 1 1 5155 5158 5156 5157
1720 1 1 1 5158 5161 5159 5160
1721 1 1 1 5161 5164 5162 5163
1722 1 1 1 5164 5167 5165 5166
1723 1 1 1 5167 5170 5168 5169
1724 1 1 1 5170 5173 5171 5172
1725 1 1 1 5173 5176 5174 5175
1726 1 1 1 5176 5179 5177 5178
1727 1 1 1 5179 5182 5180 5181
1728 1 1 1 5182 5185 5183 5184
1729 1 1 1 5185 5188 5186 5187
1730 1 1 1 5188 5191 5189 5190
1731 1 1 1 5191 5194 5192 5193
1732 1 1 1 5194 5197 5195 5196
1733 1 1 1 5197 5200 5198 5199
1734 1 1 1 5200 5203 5201 5202
1735 1 1 1 5203 5206 5204 5205
1736 1 1 1 5206 5209 5207 5208
1737 1 1 1 5209 5212 5210 5211
1738 1 1 1 5212 5215 5213 5214
1739 1 1 1 5215 5218 5216 5217
1740 1 1 1 5218 5221 5219 5220
1741 1 1 1 5221 5224 5222 5223
1742 1 1 1 5224 5227 5225 5226
1743 1 1 1 5227 5230 5228 5229
1744 1 1 1 5230 5233 5231 5232
1745 1 1 1 5233 5236 5234 5235
1746 1 1 1 5236 5239 5237 5238
1747 1 1 1 5239 5242 5240 5241
1748 1 1 1 5242 5245 5243 5244
1749 1 1 1 5245 5248 5246 5247
1750 1 1 1 5248 5251 5249 5250
1751 1 1 1 5251 5254 5252 5253
1752 1 1 1 5254 5257 5255 5256
1753 1 1 1 5257 5260 5258 5259
1754 1 1 1 5260 5263 5261 5262
1755 1 1 1 5263 5266 5264 5265
1756 1 1 1 5266 5269 5267 5268
1757 1 1 1 5269 5272 5270 5271
1758 1 1 1 5272 5275 5273 5274
1759 1 1 1 5275 5278 5276 5277
1760 1 1 1 5278 5281 5279 5280
1761 1 1 1 5281 5284 5282 5283
1762 1 1 1 5284 5287 5285 5286
1763 1 1 1 5287 5290 5288 5289
1764 1 1 1 5290 5293 5291 5292
1765 1 1 1 5293 5296 5294 5295
1766 1 1 1 5296 5299 5297 5298
1767 1 1 1 5299 5302 5300 5301
1768 1 1 1 5302 5305 5303 5304
1769 1 1 1 5305 5308 5306 5307
1770 1 1 1 5308 5311 5309 5310
1771 1 1 1 5311 5314 5312 5313
1772 1 1 1 5314 5317 5315 5316
1773 1 1 1 5317 5320 5318 5319
1774 1 1 1 5320 5323 5321 5322
1775 1 1 1 5323 5326 5324 5325
1776 1 1 1 5326 5329 5327 5328
1777 1 1 1 5329 5332 5330 5331
1778 1 1 1 5332 5335 5333 5334
1779 1 1 1 5335 5338 5336 5337
1780 1 1 1 5338 5341 5339 5340
1781 1 1 1 5341 5344 5342 5343
1782 1 1 1 5344 5347 5345 5346
1783 1 1 1 5347 5350 5348 5349
1784 1 1 1 5350 5353 5351 5352
1785 1 1 1 5353 5356 5354 5355
1786 1 1 1 5356 5359 5357 5358
1787 1 1 1 5359 5362 5360 5361
1788 1 1 1 5362 5365 5363 5364
1789 1 1 1 5365 5368 5366 5367
1790 1 1 1 5368 5371 5369 5370
1791 1 1 1 5371 5374 5372 5373
1792 1 1 1 5374 5377 5375 5376
1793 1 1 1 5377 5380 5378 5379
1794 1 1 1 5380 5383 5381 5382
1795 1 1 1 5383 5386 5384 5385
1796 1 1 1 5386 5389 5387 5388
1797 1 1 1 5389 5392 5390 5391
1798 1 1 1 5392 5395 5393 5394
1799 1 1 1 5395 5398 5396 5397
1800 1 1 1 5398 5401 5399 5400
1801 1 1 1 5401 5404 5402 5403
1802 1 1 1 5404 5407 5405 5406
1803 1 1 1 5407 5410 5408 5409
1804 1 1 1 5410 5413 5411 5412
1805 1 1 1 5413 5416 5414 5415
1806 1 1 1 5416 5419 5417 5418
1807 1 1 1 5419 5422 5420 5421
1808 1 1 1 5422 5425 5423 5424
1809 1 1 1 5425 5428 5426 5427
1810 1 1 1 5428 5431 5429 5430
1811 1 1 1 5431 5434 5432 5433
1812 1 1 1 5434 5437 5435 5436
1813 1 1 1 5437 5440 5438 5439
1814 1 1 1 5440 5443 5441 5442
1815 1 1 1 5443 5446 5444 5445
1816 1 1 1 5446 5449 5447 5448
1817 1 1 1 5449 5452 5450 5451
1818 1 1 1 5452 5455 5453 5454
1819 1 1 1 5455 5458 5456 5457
1820 1 1 1 5458 5461 5459 5460
1821 1 1 1 5461 5464 5462 5463
1822 1 1 1 5464 5467 5465 5466
1823 1 1 1 5467 5470 5468 5469
1824 1 1 1 5470 5473 5471 5472
1825 1 1 1 5473 5476 5474 5475
1826 1 1 1 5476 5479 5477 5478
1827 1 1 1 5479 5482 5480 5481
1828 1 1 1 5482 5485 5483 5484
1829 1 1 1 5485 5488 5486 5487
1830 1 1 1 5488 5491 5489 5490
1831 1 1 1 5491 5494 5492 5493
1832 1 1 1 5494 5497 5495 5496
1833 1 1 1 5497 5500 5498 5499
1834 1 1 1 5500 5503 5501 5502
1835 1 1 1 5503 5506 5504 5505
1836 1 1 1 5506 5509 5507 5508
1837 1 1 1 5509 5512 5510 5511
1838 1 1 1 5512 5515 5513 5514
1839 1 1 1 5515 5518 5516 5517
1840 1 1 1 5518 5521 5519 5520
1841 1 1 1 5521 5524 5522 5523
1842 1 1 1 5524 5527 5525 5526
1843 1 1 1 5527 5530 5528 5529
1844 1 1 1 5530 5533 5531 5532
1845 1 1 1 5533 5536 5534 5535
1846 1 1 1 5536 5539 5537 5538
1847 1 1 1 5539 5542 5540 5541
1848 1 1 1 5542 5545 5543 5544
1849 1 1 1 5545 5548 5546 5547
1850 1 1 1 5548 5551 5549 5550
1851 1 1 1 5551 5554 5552 5553
1852 1 1 1 5554 5557 5555 5556
1853 1 1 1 5557 5560 5558 5559
1854 1 1 1 5560 5563 5561 5562
1855 1 1 1 5563 5566 5564 5565
1856 1 1 1 5566 5569 5567 5568
1857 1 1 1 5569 5572 5570 5571
1858 1 1 1 5572 5575 5573 5574
1859 1 1 1 5575 5578 5576 5577
1860 1 1 1 5578 5581 5579 5580
1861 1 1 1 5581 5584 5582 5583
1862 1 1 1 5584 5587 5585 5586
1863 1 1 1 5587 5590 5588 5589
1864 1 1 1 5590 5593 5591 5592
1865 1 1 1 5593 5596 5594 5595
1866 1 1 1 5596 5599 5597 5598
1867 1 1 1 5599 5602 5600 5601
1868 1 1 1 5602 5605 5603 5604
1869 1 1 1 5605 5608 5606 5607
1870 1 1 1 5608 5611 5609 5610
1871 1 1 1 5611 5614 5612 5613
1872 1 1 1 5614 5617 5615 5616
1873 1 1 1 5617 5620 5618 5619
1874 1 1 1 5620 5623 5621 5622
1875 1 1 1 5623 5626 5624 5625
1876 1 1 1 5626 5629 5627 5628
1877 1 1 1 5629 5632 5630 5631
1878 1 1 1 5632 5635 5633 5634
1879 1 1 1 5635 5638 5636 5637
1880 1 1 1 5638 5641 5639 5640
1881 1 1 1 5641 5644 5642 5643
1882 1 1 1 5644 5647 5645 5646
1883 1 1 1 5647 5650 5648 5649
1884 1 1 1 5650 5653 5651 5652
1885 1 1 1 5653 5656 5654 5655
1886 1 1 1 5656 5659 5657 5658
1887 1 1 1 5659 5662 5660 5661
1888 1 1 1 5662 5665 5663 5664
1889 1 1 1 5665 5668 5666 5667
1890 1 1 1 5668 5671 5669 5670
1891 1 1 1 5671 5674 5672 5673
1892 1 1 1 5674 5677 5675 5676
1893 1 1 1 5677 5680 5678 5679
1894 1 1 1 5680 5683 5681 5682
1895 1 1 1 5683 5686 5684 5685
1896 1 1 1 5686 5689 5687 5688
1897 1 1 1 5689 5692 5690 5691
1898 1 1 1 5692 5695 5693 5694
1899 1 1 1 5695 5698 5696 5697
1900 1 1 1 5698 5701 5699 5700
1901 1 1 1 5701 5704 5702 5703
1902 1 1 1 5704 5707 5705 5706
1903 1 1 1 5707 5710 5708 5709
1904 1 1 1 5710 5713 5711 5712
1905 1 1 1 5713 5716 5714 5715
1906 1 1 1 5716 5719 5717 5718
1907 1 1 1 5719 5722 5720 5721
1908 1 1 1 5722 5725 5723 5724
1909 1 1 1 5725 5728 5726 5727
1910 1 1 1 5728 5731 5729 5730
1911 1 1 1 5731 5734 5732 5733
1912 1 1 1 5734 5737 5735 5736
1913 1 1 1 5737 5740 5738 5739
1914 1 1 1 5740 5743 5741 5742
1915 1 1 1 5743 5746 5744 5745
1916 1 1 1 5746 5749 5747 5748
1917 1 1 1 5749 5752 5750 5751
1918 1 1 1 5752 5755 5753 5754
1919 1 1 1 5755 5758 5756 5757
1920 1 1 1 5758 5761 5759 5760
1921 1 1 1 5761 5764 5762 5763
1922 1 1 1 5764 5767 5765 5766
1923 1 1 1 5767 5770 5768 5769
1924 1 1 1 5770 5773 5771 5772
1925 1 1 1 5773 5776 5774 5775
1926 1 1 1 5776 5779 5777 5778
1927 1 1 1 5779 5782 5780 5781
1928 1 1 1 5782 5785 5783 5784
1929 1 1 1 5785 5788 5786 5787
1930 1 1 1 5788 5791 5789 5790
1931 1 1 1 5791 5794 5792 5793
1932 1 1 1 5794 5797 5795 5796
1933 1 1 1 5797 5800 5798 5799
1934 1 1 1 5800 5803 5801 5802
1935 1 1 1 5803 5806 5804 5805
1936 1 1 1 5806 5809 5807 5808
1937 1 1 1 5809 5812 5810 5811
1938 1 1 1 5812 5815 5813 5814
1939 1 1 1 5815 5818 5816 5817
1940 1 1 1 5818 5821 5819 5820
1941 1 1 1 5821 5824 5822 5823
1942 1 1 1 5824 5827 5825 5826
1943 1 1 1 5827 5830 5828 5829
1944 1 1 1 5830 5833 5831 5832
1945 1 1 1 5833 5836 5834 5835
1946 1 1 1 5836 5839 5837 5838
1947 1 1 1 5839 5842 5840 5841
1948 1 1 1 5842 5845 5843 5844
1949 1 1 1 5845 5848 5846 5847
1950 1 1 1 5848 5851 5849 5850
1951 1 1 1 5851 5854 5852 5853
1952 1 1 1 5854 5857 5855 5856
1953 1 1 1 5857 5860 5858 5859
1954 1 1 1 5860 5863 5861 5862
1955 1 1 1 5863 5866 5864 5865
1956 1 1 1 5866 5869 5867 5868
1957 1 1 1 5869 5872 5870 5871
1958 1 1 1 5872 5875 5873 5874
1959 1 1 1 5875 5878 5876 5877
1960 1 1 1 5878 5881 5879 5880
1961 1 1 1 5881 5884 5882 5883
1962 1 1 1 5884 5887 5885 5886
1963 1 1 1 5887 5890 5888 5889
1964 1 1 1 5890 5893 5891 5892
1965 1 1 1 5893 5896 5894 5895
1966 1 1 1 5896 5899 5897 5898
1967 1 1 1 5899 5902 5900 5901
1968 1 1 1 5902 5905 5903 5904
1969 1 1 1 5905 5908 5906 5907
1970 1 1 1 5908 5911 5909 5910
1971 1 1 1 5911 5914 5912 5913
1972 1 1 1 5914 5917 5915 5916
1973 1 1 1 5917 5920 5918 5919
1974 1 1 1 5920 5923 5921 5922
1975 1 1 1 5923 5926 5924 5925
1976 1 1 1 5926 5929 5927 5928
1977 1 1 1 5929 5932 5930 5931
1978 1 1 1 5932 5935 5933 5934
1979 1 1 1 5935 5938 5936 5937
1980 1 1 1 5938 5941 5939 5940
1981 1 1 1 5941 5944 5942 5943
1982 1 1 1 5944 5947 5945 5946
1983 1 1 1 5947 5950 5948 5949
1984 1 1 1 5950 5953 5951 5952
1985 1 1 1 5953 5956 5954 5955
1986 1 1 1 5956 5959 5957 5958
1987 1 1 1 5959 5962 5960 5961
1988 1 1 1 5962 5965 5963 5964
1989 1 1 1 5965 5968 5966 5967
1990 1 1 1 5968 5971 5969 5970
1991 1 1 1 5971 5974 5972 5973
1992 1 1 1 5974 5977 5975 5976
1993 1 1 1 5977 5980 5978 5979
1994 1 1 1 5980 5983 5981 5982
1995 1 1 1 5983 5986 5984 5985
1996 1 1 1 5986 5989 5987 5988
1997 1 1 1 5989 5992 5990 5991
1998 1 1 1 5992 5995 5993 5994
1999 1 1 1 5995 5998 5996 5997
2000 1 1 1 5998 6001 5999 6000
2001 1 1 1 6001 6004 6002 6003
2002 1 1 1 6004 6007 6005 6006
2003 1 1 1 6007 6010 6008 6009
2004 1 1 1 6010 6013 6011 6012
2005 1 1 1 6013 6016 6014 6015
2006 1 1 1 6016 6019 6017 6018
2007 1 1 1 6019 6022 6020 6021
2008 1 1 1 6022 6025 6023 6024
2009 1 1 1 6025 6028 6026 6027
2010 1 1 1 6028 6031 6029 6030
2011 1 1 1 6031 6034 6032 6033
2012 1 1 1 6034 6037 6035 6036
2013 1 1 1 6037 6040 6038 6039
2014 1 1 1 6040 6043 6041 6042
2015 1 1 1 6043 6046 6044 6045
2016 1 1 1 6046 6049 6047 6048
2017 1 1 1 6049 6052 6050 6051
2018 1 1 1 6052 6055 6053 6054
2019 1 1 1 6055 6058 6056 6057
2020 1 1 1 6058 6061 6059 6060
2021 1 1 1 6061 6064 6062 6063
2022 1 1 1 6064 6067 6065 6066
2023 1 1 1 6067 6070 6068 6069
2024 1 1 1 6070 6073 6071 6072
2025 1 1 1 6073 6076 6074 6075
2026 1 1 1 6076 6079 6077 6078
2027 1 1 1 6079 6082 6080 6081
2028 1 1 1 6082 6085 6083 6084
2029 1 1 1 6085 6088 6086 6087
2030 1 1 1 6088 6091 6089 6090
2031 1 1 1 6091 6094 6092 6093
2032 1 1 1 6094 6097 6095 6096
2033 1 1 1 6097 6100 6098 6099
2034 1 1 1 6100 6103 6101 6102
2035 1 1 1 6103 6106 6104 6105
2036 1 1 1 6106 6109 6107 6108
2037 1 1 1 6109 6112 6110 6111
2038 1 1 1 6112 6115 6113 6114
2039 1 1 1 6115 6118 6116 6117
2040 1 1 1 6118 6121 6119 6120
2041 1 1 1 6121 6124 6122 6123
2042 1 1 1 6124 6127 6125 6126
2043 1 1 1 6127 6130 6128 6129
2044 1 1 1 6130 6133 6131 6132
2045 1 1 1 6133 6136 6134 6135
2046 1 1 1 6136 6139 6137 6138
2047 1 1 1 6139 6142 6140 6141
2048 1 1 1 6142 6145 6143 6144
