1 1 1 1 1 3 2
2 1 1 1 3 5 4
3 1 1 1 5 7 6
4 1 1 1 7 9 8
5 1 1 1 9 11 10
6 1 1 1 11 13 12
7 1 1 1 13 15 14
8 1 1 1 15 17 16
9 1 1 1 17 19 18
10 1 1 1 19 21 20
11 1 1 1 21 23 22
12 1 1 1 23 25 24
13 1 1 1 25 27 26
14 1 1 1 27 29 28
15 1 1 1 29 31 30
16 1 1 1 31 33 32
17 1 1 1 33 35 34
18 1 1 1 35 37 36
19 1 1 1 37 39 38
20 1 1 1 39 41 40
21 1 1 1 41 43 42
22 1 1 1 43 45 44
23 1 1 1 45 47 46
24 1 1 1 47 49 48
25 1 1 1 49 51 50
26 1 1 1 51 53 52
27 1 1 1 53 55 54
28 1 1 1 55 57 56
29 1 1 1 57 59 58
30 1 1 1 59 61 60
31 1 1 1 61 63 62
32 1 1 1 63 65 64
33 1 1 1 65 67 66
34 1 1 1 67 69 68
35 1 1 1 69 71 70
36 1 1 1 71 73 72
37 1 1 1 73 75 74
38 1 1 1 75 77 76
39 1 1 1 77 79 78
40 1 1 1 79 81 80
41 1 1 1 81 83 82
42 1 1 1 83 85 84
43 1 1 1 85 87 86
44 1 1 1 87 89 88
45 1 1 1 89 91 90
46 1 1 1 91 93 92
47 1 1 1 93 95 94
48 1 1 1 95 97 96
49 1 1 1 97 99 98
50 1 1 1 99 101 100
51 1 1 1 101 103 102
52 1 1 1 103 105 104
53 1 1 1 105 107 106
54 1 1 1 107 109 108
55 1 1 1 109 111 110
56 1 1 1 111 113 112
57 1 1 1 113 115 114
58 1 1 1 115 117 116
59 1 1 1 117 119 118
60 1 1 1 119 121 120
61 1 1 1 121 123 122
62 1 1 1 123 125 124
63 1 1 1 125 127 126
64 1 1 1 127 129 128
65 1 1 1 129 131 130
66 1 1 1 131 133 132
67 1 1 1 133 135 134
68 1 1 1 135 137 136
69 1 1 1 137 139 138
70 1 1 1 139 141 140
71 1 1 1 141 143 142
72 1 1 1 143 145 144
73 1 1 1 145 147 146
74 1 1 1 147 149 148
75 1 1 1 149 151 150
76 1 1 1 151 153 152
77 1 1 1 153 155 154
78 1 1 1 155 157 156
79 1 1 1 157 159 158
80 1 1 1 159 161 160
81 1 1 1 161 163 162
82 1 1 1 163 165 164
83 1 1 1 165 167 166
84 1 1 1 167 169 168
85 1 1 1 169 171 170
86 1 1 1 171 173 172
87 1 1 1 173 175 174
88 1 1 1 175 177 176
89 1 1 1 177 179 178
90 1 1 1 179 181 180
91 1 1 1 181 183 182
92 1 1 1 183 185 184
93 1 1 1 185 187 186
94 1 1 1 187 189 188
95 1 1 1 189 191 190
96 1 1 1 191 193 192
97 1 1 1 193 195 194
98 1 1 1 195 197 196
99 1 1 1 197 199 198
100 1 1 1 199 201 200
101 1 1 1 201 203 202
102 1 1 1 203 205 204
103 1 1 1 205 207 206
104 1 1 1 207 209 208
105 1 1 1 209 211 210
106 1 1 1 211 213 212
107 1 1 1 213 215 214
108 1 1 1 215 217 216
109 1 1 1 217 219 218
110 1 1 1 219 221 220
111 1 1 1 221 223 222
112 1 1 1 223 225 224
113 1 1 1 225 227 226
114 1 1 1 227 229 228
115 1 1 1 229 231 230
116 1 1 1 231 233 232
117 1 1 1 233 235 234
118 1 1 1 235 237 236
119 1 1 1 237 239 238
120 1 1 1 239 241 240
121 1 1 1 241 243 242
122 1 1 1 243 245 244
123 1 1 1 245 247 246
124 1 1 1 247 249 248
125 1 1 1 249 251 250
126 1 1 1 251 253 252
127 1 1 1 253 255 254
128 1 1 1 255 257 256
