1 1 1 1 1 3 2
2 1 1 1 3 5 4
3 1 1 1 5 7 6
4 1 1 1 7 9 8
5 1 1 1 9 11 10
6 1 1 1 11 13 12
7 1 1 1 13 15 14
8 1 1 1 15 17 16
9 1 1 1 17 19 18
10 1 1 1 19 21 20
11 1 1 1 21 23 22
12 1 1 1 23 25 24
13 1 1 1 25 27 26
14 1 1 1 27 29 28
15 1 1 1 29 31 30
16 1 1 1 31 33 32
17 1 1 1 33 35 34
18 1 1 1 35 37 36
19 1 1 1 37 39 38
20 1 1 1 39 41 40
21 1 1 1 41 43 42
22 1 1 1 43 45 44
23 1 1 1 45 47 46
24 1 1 1 47 49 48
25 1 1 1 49 51 50
26 1 1 1 51 53 52
27 1 1 1 53 55 54
28 1 1 1 55 57 56
29 1 1 1 57 59 58
30 1 1 1 59 61 60
31 1 1 1 61 63 62
32 1 1 1 63 65 64
33 1 1 1 65 67 66
34 1 1 1 67 69 68
35 1 1 1 69 71 70
36 1 1 1 71 73 72
37 1 1 1 73 75 74
38 1 1 1 75 77 76
39 1 1 1 77 79 78
40 1 1 1 79 81 80
41 1 1 1 81 83 82
42 1 1 1 83 85 84
43 1 1 1 85 87 86
44 1 1 1 87 89 88
45 1 1 1 89 91 90
46 1 1 1 91 93 92
47 1 1 1 93 95 94
48 1 1 1 95 97 96
49 1 1 1 97 99 98
50 1 1 1 99 101 100
51 1 1 1 101 103 102
52 1 1 1 103 105 104
53 1 1 1 105 107 106
54 1 1 1 107 109 108
55 1 1 1 109 111 110
56 1 1 1 111 113 112
57 1 1 1 113 115 114
58 1 1 1 115 117 116
59 1 1 1 117 119 118
60 1 1 1 119 121 120
61 1 1 1 121 123 122
62 1 1 1 123 125 124
63 1 1 1 125 127 126
64 1 1 1 127 129 128
65 1 1 1 129 131 130
66 1 1 1 131 133 132
67 1 1 1 133 135 134
68 1 1 1 135 137 136
69 1 1 1 137 139 138
70 1 1 1 139 141 140
71 1 1 1 141 143 142
72 1 1 1 143 145 144
73 1 1 1 145 147 146
74 1 1 1 147 149 148
75 1 1 1 149 151 150
76 1 1 1 151 153 152
77 1 1 1 153 155 154
78 1 1 1 155 157 156
79 1 1 1 157 159 158
80 1 1 1 159 161 160
81 1 1 1 161 163 162
82 1 1 1 163 165 164
83 1 1 1 165 167 166
84 1 1 1 167 169 168
85 1 1 1 169 171 170
86 1 1 1 171 173 172
87 1 1 1 173 175 174
88 1 1 1 175 177 176
89 1 1 1 177 179 178
90 1 1 1 179 181 180
91 1 1 1 181 183 182
92 1 1 1 183 185 184
93 1 1 1 185 187 186
94 1 1 1 187 189 188
95 1 1 1 189 191 190
96 1 1 1 191 193 192
97 1 1 1 193 195 194
98 1 1 1 195 197 196
99 1 1 1 197 199 198
100 1 1 1 199 201 200
101 1 1 1 201 203 202
102 1 1 1 203 205 204
103 1 1 1 205 207 206
104 1 1 1 207 209 208
105 1 1 1 209 211 210
106 1 1 1 211 213 212
107 1 1 1 213 215 214
108 1 1 1 215 217 216
109 1 1 1 217 219 218
110 1 1 1 219 221 220
111 1 1 1 221 223 222
112 1 1 1 223 225 224
113 1 1 1 225 227 226
114 1 1 1 227 229 228
115 1 1 1 229 231 230
116 1 1 1 231 233 232
117 1 1 1 233 235 234
118 1 1 1 235 237 236
119 1 1 1 237 239 238
120 1 1 1 239 241 240
121 1 1 1 241 243 242
122 1 1 1 243 245 244
123 1 1 1 245 247 246
124 1 1 1 247 249 248
125 1 1 1 249 251 250
126 1 1 1 251 253 252
127 1 1 1 253 255 254
128 1 1 1 255 257 256
129 1 1 1 257 259 258
130 1 1 1 259 261 260
131 1 1 1 261 263 262
132 1 1 1 263 265 264
133 1 1 1 265 267 266
134 1 1 1 267 269 268
135 1 1 1 269 271 270
136 1 1 1 271 273 272
137 1 1 1 273 275 274
138 1 1 1 275 277 276
139 1 1 1 277 279 278
140 1 1 1 279 281 280
141 1 1 1 281 283 282
142 1 1 1 283 285 284
143 1 1 1 285 287 286
144 1 1 1 287 289 288
145 1 1 1 289 291 290
146 1 1 1 291 293 292
147 1 1 1 293 295 294
148 1 1 1 295 297 296
149 1 1 1 297 299 298
150 1 1 1 299 301 300
151 1 1 1 301 303 302
152 1 1 1 303 305 304
153 1 1 1 305 307 306
154 1 1 1 307 309 308
155 1 1 1 309 311 310
156 1 1 1 311 313 312
157 1 1 1 313 315 314
158 1 1 1 315 317 316
159 1 1 1 317 319 318
160 1 1 1 319 321 320
161 1 1 1 321 323 322
162 1 1 1 323 325 324
163 1 1 1 325 327 326
164 1 1 1 327 329 328
165 1 1 1 329 331 330
166 1 1 1 331 333 332
167 1 1 1 333 335 334
168 1 1 1 335 337 336
169 1 1 1 337 339 338
170 1 1 1 339 341 340
171 1 1 1 341 343 342
172 1 1 1 343 345 344
173 1 1 1 345 347 346
174 1 1 1 347 349 348
175 1 1 1 349 351 350
176 1 1 1 351 353 352
177 1 1 1 353 355 354
178 1 1 1 355 357 356
179 1 1 1 357 359 358
180 1 1 1 359 361 360
181 1 1 1 361 363 362
182 1 1 1 363 365 364
183 1 1 1 365 367 366
184 1 1 1 367 369 368
185 1 1 1 369 371 370
186 1 1 1 371 373 372
187 1 1 1 373 375 374
188 1 1 1 375 377 376
189 1 1 1 377 379 378
190 1 1 1 379 381 380
191 1 1 1 381 383 382
192 1 1 1 383 385 384
193 1 1 1 385 387 386
194 1 1 1 387 389 388
195 1 1 1 389 391 390
196 1 1 1 391 393 392
197 1 1 1 393 395 394
198 1 1 1 395 397 396
199 1 1 1 397 399 398
200 1 1 1 399 401 400
201 1 1 1 401 403 402
202 1 1 1 403 405 404
203 1 1 1 405 407 406
204 1 1 1 407 409 408
205 1 1 1 409 411 410
206 1 1 1 411 413 412
207 1 1 1 413 415 414
208 1 1 1 415 417 416
209 1 1 1 417 419 418
210 1 1 1 419 421 420
211 1 1 1 421 423 422
212 1 1 1 423 425 424
213 1 1 1 425 427 426
214 1 1 1 427 429 428
215 1 1 1 429 431 430
216 1 1 1 431 433 432
217 1 1 1 433 435 434
218 1 1 1 435 437 436
219 1 1 1 437 439 438
220 1 1 1 439 441 440
221 1 1 1 441 443 442
222 1 1 1 443 445 444
223 1 1 1 445 447 446
224 1 1 1 447 449 448
225 1 1 1 449 451 450
226 1 1 1 451 453 452
227 1 1 1 453 455 454
228 1 1 1 455 457 456
229 1 1 1 457 459 458
230 1 1 1 459 461 460
231 1 1 1 461 463 462
232 1 1 1 463 465 464
233 1 1 1 465 467 466
234 1 1 1 467 469 468
235 1 1 1 469 471 470
236 1 1 1 471 473 472
237 1 1 1 473 475 474
238 1 1 1 475 477 476
239 1 1 1 477 479 478
240 1 1 1 479 481 480
241 1 1 1 481 483 482
242 1 1 1 483 485 484
243 1 1 1 485 487 486
244 1 1 1 487 489 488
245 1 1 1 489 491 490
246 1 1 1 491 493 492
247 1 1 1 493 495 494
248 1 1 1 495 497 496
249 1 1 1 497 499 498
250 1 1 1 499 501 500
251 1 1 1 501 503 502
252 1 1 1 503 505 504
253 1 1 1 505 507 506
254 1 1 1 507 509 508
255 1 1 1 509 511 510
256 1 1 1 511 513 512
257 1 1 1 513 515 514
258 1 1 1 515 517 516
259 1 1 1 517 519 518
260 1 1 1 519 521 520
261 1 1 1 521 523 522
262 1 1 1 523 525 524
263 1 1 1 525 527 526
264 1 1 1 527 529 528
265 1 1 1 529 531 530
266 1 1 1 531 533 532
267 1 1 1 533 535 534
268 1 1 1 535 537 536
269 1 1 1 537 539 538
270 1 1 1 539 541 540
271 1 1 1 541 543 542
272 1 1 1 543 545 544
273 1 1 1 545 547 546
274 1 1 1 547 549 548
275 1 1 1 549 551 550
276 1 1 1 551 553 552
277 1 1 1 553 555 554
278 1 1 1 555 557 556
279 1 1 1 557 559 558
280 1 1 1 559 561 560
281 1 1 1 561 563 562
282 1 1 1 563 565 564
283 1 1 1 565 567 566
284 1 1 1 567 569 568
285 1 1 1 569 571 570
286 1 1 1 571 573 572
287 1 1 1 573 575 574
288 1 1 1 575 577 576
289 1 1 1 577 579 578
290 1 1 1 579 581 580
291 1 1 1 581 583 582
292 1 1 1 583 585 584
293 1 1 1 585 587 586
294 1 1 1 587 589 588
295 1 1 1 589 591 590
296 1 1 1 591 593 592
297 1 1 1 593 595 594
298 1 1 1 595 597 596
299 1 1 1 597 599 598
300 1 1 1 599 601 600
301 1 1 1 601 603 602
302 1 1 1 603 605 604
303 1 1 1 605 607 606
304 1 1 1 607 609 608
305 1 1 1 609 611 610
306 1 1 1 611 613 612
307 1 1 1 613 615 614
308 1 1 1 615 617 616
309 1 1 1 617 619 618
310 1 1 1 619 621 620
311 1 1 1 621 623 622
312 1 1 1 623 625 624
313 1 1 1 625 627 626
314 1 1 1 627 629 628
315 1 1 1 629 631 630
316 1 1 1 631 633 632
317 1 1 1 633 635 634
318 1 1 1 635 637 636
319 1 1 1 637 639 638
320 1 1 1 639 641 640
321 1 1 1 641 643 642
322 1 1 1 643 645 644
323 1 1 1 645 647 646
324 1 1 1 647 649 648
325 1 1 1 649 651 650
326 1 1 1 651 653 652
327 1 1 1 653 655 654
328 1 1 1 655 657 656
329 1 1 1 657 659 658
330 1 1 1 659 661 660
331 1 1 1 661 663 662
332 1 1 1 663 665 664
333 1 1 1 665 667 666
334 1 1 1 667 669 668
335 1 1 1 669 671 670
336 1 1 1 671 673 672
337 1 1 1 673 675 674
338 1 1 1 675 677 676
339 1 1 1 677 679 678
340 1 1 1 679 681 680
341 1 1 1 681 683 682
342 1 1 1 683 685 684
343 1 1 1 685 687 686
344 1 1 1 687 689 688
345 1 1 1 689 691 690
346 1 1 1 691 693 692
347 1 1 1 693 695 694
348 1 1 1 695 697 696
349 1 1 1 697 699 698
350 1 1 1 699 701 700
351 1 1 1 701 703 702
352 1 1 1 703 705 704
353 1 1 1 705 707 706
354 1 1 1 707 709 708
355 1 1 1 709 711 710
356 1 1 1 711 713 712
357 1 1 1 713 715 714
358 1 1 1 715 717 716
359 1 1 1 717 719 718
360 1 1 1 719 721 720
361 1 1 1 721 723 722
362 1 1 1 723 725 724
363 1 1 1 725 727 726
364 1 1 1 727 729 728
365 1 1 1 729 731 730
366 1 1 1 731 733 732
367 1 1 1 733 735 734
368 1 1 1 735 737 736
369 1 1 1 737 739 738
370 1 1 1 739 741 740
371 1 1 1 741 743 742
372 1 1 1 743 745 744
373 1 1 1 745 747 746
374 1 1 1 747 749 748
375 1 1 1 749 751 750
376 1 1 1 751 753 752
377 1 1 1 753 755 754
378 1 1 1 755 757 756
379 1 1 1 757 759 758
380 1 1 1 759 761 760
381 1 1 1 761 763 762
382 1 1 1 763 765 764
383 1 1 1 765 767 766
384 1 1 1 767 769 768
385 1 1 1 769 771 770
386 1 1 1 771 773 772
387 1 1 1 773 775 774
388 1 1 1 775 777 776
389 1 1 1 777 779 778
390 1 1 1 779 781 780
391 1 1 1 781 783 782
392 1 1 1 783 785 784
393 1 1 1 785 787 786
394 1 1 1 787 789 788
395 1 1 1 789 791 790
396 1 1 1 791 793 792
397 1 1 1 793 795 794
398 1 1 1 795 797 796
399 1 1 1 797 799 798
400 1 1 1 799 801 800
401 1 1 1 801 803 802
402 1 1 1 803 805 804
403 1 1 1 805 807 806
404 1 1 1 807 809 808
405 1 1 1 809 811 810
406 1 1 1 811 813 812
407 1 1 1 813 815 814
408 1 1 1 815 817 816
409 1 1 1 817 819 818
410 1 1 1 819 821 820
411 1 1 1 821 823 822
412 1 1 1 823 825 824
413 1 1 1 825 827 826
414 1 1 1 827 829 828
415 1 1 1 829 831 830
416 1 1 1 831 833 832
417 1 1 1 833 835 834
418 1 1 1 835 837 836
419 1 1 1 837 839 838
420 1 1 1 839 841 840
421 1 1 1 841 843 842
422 1 1 1 843 845 844
423 1 1 1 845 847 846
424 1 1 1 847 849 848
425 1 1 1 849 851 850
426 1 1 1 851 853 852
427 1 1 1 853 855 854
428 1 1 1 855 857 856
429 1 1 1 857 859 858
430 1 1 1 859 861 860
431 1 1 1 861 863 862
432 1 1 1 863 865 864
433 1 1 1 865 867 866
434 1 1 1 867 869 868
435 1 1 1 869 871 870
436 1 1 1 871 873 872
437 1 1 1 873 875 874
438 1 1 1 875 877 876
439 1 1 1 877 879 878
440 1 1 1 879 881 880
441 1 1 1 881 883 882
442 1 1 1 883 885 884
443 1 1 1 885 887 886
444 1 1 1 887 889 888
445 1 1 1 889 891 890
446 1 1 1 891 893 892
447 1 1 1 893 895 894
448 1 1 1 895 897 896
449 1 1 1 897 899 898
450 1 1 1 899 901 900
451 1 1 1 901 903 902
452 1 1 1 903 905 904
453 1 1 1 905 907 906
454 1 1 1 907 909 908
455 1 1 1 909 911 910
456 1 1 1 911 913 912
457 1 1 1 913 915 914
458 1 1 1 915 917 916
459 1 1 1 917 919 918
460 1 1 1 919 921 920
461 1 1 1 921 923 922
462 1 1 1 923 925 924
463 1 1 1 925 927 926
464 1 1 1 927 929 928
465 1 1 1 929 931 930
466 1 1 1 931 933 932
467 1 1 1 933 935 934
468 1 1 1 935 937 936
469 1 1 1 937 939 938
470 1 1 1 939 941 940
471 1 1 1 941 943 942
472 1 1 1 943 945 944
473 1 1 1 945 947 946
474 1 1 1 947 949 948
475 1 1 1 949 951 950
476 1 1 1 951 953 952
477 1 1 1 953 955 954
478 1 1 1 955 957 956
479 1 1 1 957 959 958
480 1 1 1 959 961 960
481 1 1 1 961 963 962
482 1 1 1 963 965 964
483 1 1 1 965 967 966
484 1 1 1 967 969 968
485 1 1 1 969 971 970
486 1 1 1 971 973 972
487 1 1 1 973 975 974
488 1 1 1 975 977 976
489 1 1 1 977 979 978
490 1 1 1 979 981 980
491 1 1 1 981 983 982
492 1 1 1 983 985 984
493 1 1 1 985 987 986
494 1 1 1 987 989 988
495 1 1 1 989 991 990
496 1 1 1 991 993 992
497 1 1 1 993 995 994
498 1 1 1 995 997 996
499 1 1 1 997 999 998
500 1 1 1 999 1001 1000
501 1 1 1 1001 1003 1002
502 1 1 1 1003 1005 1004
503 1 1 1 1005 1007 1006
504 1 1 1 1007 1009 1008
505 1 1 1 1009 1011 1010
506 1 1 1 1011 1013 1012
507 1 1 1 1013 1015 1014
508 1 1 1 1015 1017 1016
509 1 1 1 1017 1019 1018
510 1 1 1 1019 1021 1020
511 1 1 1 1021 1023 1022
512 1 1 1 1023 1025 1024
513 1 1 1 1025 1027 1026
514 1 1 1 1027 1029 1028
515 1 1 1 1029 1031 1030
516 1 1 1 1031 1033 1032
517 1 1 1 1033 1035 1034
518 1 1 1 1035 1037 1036
519 1 1 1 1037 1039 1038
520 1 1 1 1039 1041 1040
521 1 1 1 1041 1043 1042
522 1 1 1 1043 1045 1044
523 1 1 1 1045 1047 1046
524 1 1 1 1047 1049 1048
525 1 1 1 1049 1051 1050
526 1 1 1 1051 1053 1052
527 1 1 1 1053 1055 1054
528 1 1 1 1055 1057 1056
529 1 1 1 1057 1059 1058
530 1 1 1 1059 1061 1060
531 1 1 1 1061 1063 1062
532 1 1 1 1063 1065 1064
533 1 1 1 1065 1067 1066
534 1 1 1 1067 1069 1068
535 1 1 1 1069 1071 1070
536 1 1 1 1071 1073 1072
537 1 1 1 1073 1075 1074
538 1 1 1 1075 1077 1076
539 1 1 1 1077 1079 1078
540 1 1 1 1079 1081 1080
541 1 1 1 1081 1083 1082
542 1 1 1 1083 1085 1084
543 1 1 1 1085 1087 1086
544 1 1 1 1087 1089 1088
545 1 1 1 1089 1091 1090
546 1 1 1 1091 1093 1092
547 1 1 1 1093 1095 1094
548 1 1 1 1095 1097 1096
549 1 1 1 1097 1099 1098
550 1 1 1 1099 1101 1100
551 1 1 1 1101 1103 1102
552 1 1 1 1103 1105 1104
553 1 1 1 1105 1107 1106
554 1 1 1 1107 1109 1108
555 1 1 1 1109 1111 1110
556 1 1 1 1111 1113 1112
557 1 1 1 1113 1115 1114
558 1 1 1 1115 1117 1116
559 1 1 1 1117 1119 1118
560 1 1 1 1119 1121 1120
561 1 1 1 1121 1123 1122
562 1 1 1 1123 1125 1124
563 1 1 1 1125 1127 1126
564 1 1 1 1127 1129 1128
565 1 1 1 1129 1131 1130
566 1 1 1 1131 1133 1132
567 1 1 1 1133 1135 1134
568 1 1 1 1135 1137 1136
569 1 1 1 1137 1139 1138
570 1 1 1 1139 1141 1140
571 1 1 1 1141 1143 1142
572 1 1 1 1143 1145 1144
573 1 1 1 1145 1147 1146
574 1 1 1 1147 1149 1148
575 1 1 1 1149 1151 1150
576 1 1 1 1151 1153 1152
577 1 1 1 1153 1155 1154
578 1 1 1 1155 1157 1156
579 1 1 1 1157 1159 1158
580 1 1 1 1159 1161 1160
581 1 1 1 1161 1163 1162
582 1 1 1 1163 1165 1164
583 1 1 1 1165 1167 1166
584 1 1 1 1167 1169 1168
585 1 1 1 1169 1171 1170
586 1 1 1 1171 1173 1172
587 1 1 1 1173 1175 1174
588 1 1 1 1175 1177 1176
589 1 1 1 1177 1179 1178
590 1 1 1 1179 1181 1180
591 1 1 1 1181 1183 1182
592 1 1 1 1183 1185 1184
593 1 1 1 1185 1187 1186
594 1 1 1 1187 1189 1188
595 1 1 1 1189 1191 1190
596 1 1 1 1191 1193 1192
597 1 1 1 1193 1195 1194
598 1 1 1 1195 1197 1196
599 1 1 1 1197 1199 1198
600 1 1 1 1199 1201 1200
601 1 1 1 1201 1203 1202
602 1 1 1 1203 1205 1204
603 1 1 1 1205 1207 1206
604 1 1 1 1207 1209 1208
605 1 1 1 1209 1211 1210
606 1 1 1 1211 1213 1212
607 1 1 1 1213 1215 1214
608 1 1 1 1215 1217 1216
609 1 1 1 1217 1219 1218
610 1 1 1 1219 1221 1220
611 1 1 1 1221 1223 1222
612 1 1 1 1223 1225 1224
613 1 1 1 1225 1227 1226
614 1 1 1 1227 1229 1228
615 1 1 1 1229 1231 1230
616 1 1 1 1231 1233 1232
617 1 1 1 1233 1235 1234
618 1 1 1 1235 1237 1236
619 1 1 1 1237 1239 1238
620 1 1 1 1239 1241 1240
621 1 1 1 1241 1243 1242
622 1 1 1 1243 1245 1244
623 1 1 1 1245 1247 1246
624 1 1 1 1247 1249 1248
625 1 1 1 1249 1251 1250
626 1 1 1 1251 1253 1252
627 1 1 1 1253 1255 1254
628 1 1 1 1255 1257 1256
629 1 1 1 1257 1259 1258
630 1 1 1 1259 1261 1260
631 1 1 1 1261 1263 1262
632 1 1 1 1263 1265 1264
633 1 1 1 1265 1267 1266
634 1 1 1 1267 1269 1268
635 1 1 1 1269 1271 1270
636 1 1 1 1271 1273 1272
637 1 1 1 1273 1275 1274
638 1 1 1 1275 1277 1276
639 1 1 1 1277 1279 1278
640 1 1 1 1279 1281 1280
641 1 1 1 1281 1283 1282
642 1 1 1 1283 1285 1284
643 1 1 1 1285 1287 1286
644 1 1 1 1287 1289 1288
645 1 1 1 1289 1291 1290
646 1 1 1 1291 1293 1292
647 1 1 1 1293 1295 1294
648 1 1 1 1295 1297 1296
649 1 1 1 1297 1299 1298
650 1 1 1 1299 1301 1300
651 1 1 1 1301 1303 1302
652 1 1 1 1303 1305 1304
653 1 1 1 1305 1307 1306
654 1 1 1 1307 1309 1308
655 1 1 1 1309 1311 1310
656 1 1 1 1311 1313 1312
657 1 1 1 1313 1315 1314
658 1 1 1 1315 1317 1316
659 1 1 1 1317 1319 1318
660 1 1 1 1319 1321 1320
661 1 1 1 1321 1323 1322
662 1 1 1 1323 1325 1324
663 1 1 1 1325 1327 1326
664 1 1 1 1327 1329 1328
665 1 1 1 1329 1331 1330
666 1 1 1 1331 1333 1332
667 1 1 1 1333 1335 1334
668 1 1 1 1335 1337 1336
669 1 1 1 1337 1339 1338
670 1 1 1 1339 1341 1340
671 1 1 1 1341 1343 1342
672 1 1 1 1343 1345 1344
673 1 1 1 1345 1347 1346
674 1 1 1 1347 1349 1348
675 1 1 1 1349 1351 1350
676 1 1 1 1351 1353 1352
677 1 1 1 1353 1355 1354
678 1 1 1 1355 1357 1356
679 1 1 1 1357 1359 1358
680 1 1 1 1359 1361 1360
681 1 1 1 1361 1363 1362
682 1 1 1 1363 1365 1364
683 1 1 1 1365 1367 1366
684 1 1 1 1367 1369 1368
685 1 1 1 1369 1371 1370
686 1 1 1 1371 1373 1372
687 1 1 1 1373 1375 1374
688 1 1 1 1375 1377 1376
689 1 1 1 1377 1379 1378
690 1 1 1 1379 1381 1380
691 1 1 1 1381 1383 1382
692 1 1 1 1383 1385 1384
693 1 1 1 1385 1387 1386
694 1 1 1 1387 1389 1388
695 1 1 1 1389 1391 1390
696 1 1 1 1391 1393 1392
697 1 1 1 1393 1395 1394
698 1 1 1 1395 1397 1396
699 1 1 1 1397 1399 1398
700 1 1 1 1399 1401 1400
701 1 1 1 1401 1403 1402
702 1 1 1 1403 1405 1404
703 1 1 1 1405 1407 1406
704 1 1 1 1407 1409 1408
705 1 1 1 1409 1411 1410
706 1 1 1 1411 1413 1412
707 1 1 1 1413 1415 1414
708 1 1 1 1415 1417 1416
709 1 1 1 1417 1419 1418
710 1 1 1 1419 1421 1420
711 1 1 1 1421 1423 1422
712 1 1 1 1423 1425 1424
713 1 1 1 1425 1427 1426
714 1 1 1 1427 1429 1428
715 1 1 1 1429 1431 1430
716 1 1 1 1431 1433 1432
717 1 1 1 1433 1435 1434
718 1 1 1 1435 1437 1436
719 1 1 1 1437 1439 1438
720 1 1 1 1439 1441 1440
721 1 1 1 1441 1443 1442
722 1 1 1 1443 1445 1444
723 1 1 1 1445 1447 1446
724 1 1 1 1447 1449 1448
725 1 1 1 1449 1451 1450
726 1 1 1 1451 1453 1452
727 1 1 1 1453 1455 1454
728 1 1 1 1455 1457 1456
729 1 1 1 1457 1459 1458
730 1 1 1 1459 1461 1460
731 1 1 1 1461 1463 1462
732 1 1 1 1463 1465 1464
733 1 1 1 1465 1467 1466
734 1 1 1 1467 1469 1468
735 1 1 1 1469 1471 1470
736 1 1 1 1471 1473 1472
737 1 1 1 1473 1475 1474
738 1 1 1 1475 1477 1476
739 1 1 1 1477 1479 1478
740 1 1 1 1479 1481 1480
741 1 1 1 1481 1483 1482
742 1 1 1 1483 1485 1484
743 1 1 1 1485 1487 1486
744 1 1 1 1487 1489 1488
745 1 1 1 1489 1491 1490
746 1 1 1 1491 1493 1492
747 1 1 1 1493 1495 1494
748 1 1 1 1495 1497 1496
749 1 1 1 1497 1499 1498
750 1 1 1 1499 1501 1500
751 1 1 1 1501 1503 1502
752 1 1 1 1503 1505 1504
753 1 1 1 1505 1507 1506
754 1 1 1 1507 1509 1508
755 1 1 1 1509 1511 1510
756 1 1 1 1511 1513 1512
757 1 1 1 1513 1515 1514
758 1 1 1 1515 1517 1516
759 1 1 1 1517 1519 1518
760 1 1 1 1519 1521 1520
761 1 1 1 1521 1523 1522
762 1 1 1 1523 1525 1524
763 1 1 1 1525 1527 1526
764 1 1 1 1527 1529 1528
765 1 1 1 1529 1531 1530
766 1 1 1 1531 1533 1532
767 1 1 1 1533 1535 1534
