1 1 1 1 1 5 2 3 4
2 1 1 1 5 9 6 7 8
3 1 1 1 9 13 10 11 12
4 1 1 1 13 17 14 15 16
5 1 1 1 17 21 18 19 20
6 1 1 1 21 25 22 23 24
7 1 1 1 25 29 26 27 28
8 1 1 1 29 33 30 31 32
9 1 1 1 33 37 34 35 36
10 1 1 1 37 41 38 39 40
11 1 1 1 41 45 42 43 44
12 1 1 1 45 49 46 47 48
13 1 1 1 49 53 50 51 52
14 1 1 1 53 57 54 55 56
15 1 1 1 57 61 58 59 60
16 1 1 1 61 65 62 63 64
17 1 1 1 65 69 66 67 68
18 1 1 1 69 73 70 71 72
19 1 1 1 73 77 74 75 76
20 1 1 1 77 81 78 79 80
21 1 1 1 81 85 82 83 84
22 1 1 1 85 89 86 87 88
23 1 1 1 89 93 90 91 92
24 1 1 1 93 97 94 95 96
25 1 1 1 97 101 98 99 100
26 1 1 1 101 105 102 103 104
27 1 1 1 105 109 106 107 108
28 1 1 1 109 113 110 111 112
29 1 1 1 113 117 114 115 116
30 1 1 1 117 121 118 119 120
31 1 1 1 121 125 122 123 124
32 1 1 1 125 129 126 127 128
33 1 1 1 129 133 130 131 132
34 1 1 1 133 137 134 135 136
35 1 1 1 137 141 138 139 140
36 1 1 1 141 145 142 143 144
37 1 1 1 145 149 146 147 148
38 1 1 1 149 153 150 151 152
39 1 1 1 153 157 154 155 156
40 1 1 1 157 161 158 159 160
41 1 1 1 161 165 162 163 164
42 1 1 1 165 169 166 167 168
43 1 1 1 169 173 170 171 172
44 1 1 1 173 177 174 175 176
45 1 1 1 177 181 178 179 180
46 1 1 1 181 185 182 183 184
47 1 1 1 185 189 186 187 188
48 1 1 1 189 193 190 191 192
49 1 1 1 193 197 194 195 196
50 1 1 1 197 201 198 199 200
51 1 1 1 201 205 202 203 204
52 1 1 1 205 209 206 207 208
53 1 1 1 209 213 210 211 212
54 1 1 1 213 217 214 215 216
55 1 1 1 217 221 218 219 220
56 1 1 1 221 225 222 223 224
57 1 1 1 225 229 226 227 228
58 1 1 1 229 233 230 231 232
59 1 1 1 233 237 234 235 236
60 1 1 1 237 241 238 239 240
61 1 1 1 241 245 242 243 244
62 1 1 1 245 249 246 247 248
63 1 1 1 249 253 250 251 252
64 1 1 1 253 257 254 255 256
65 1 1 1 257 261 258 259 260
66 1 1 1 261 265 262 263 264
67 1 1 1 265 269 266 267 268
68 1 1 1 269 273 270 271 272
69 1 1 1 273 277 274 275 276
70 1 1 1 277 281 278 279 280
71 1 1 1 281 285 282 283 284
72 1 1 1 285 289 286 287 288
73 1 1 1 289 293 290 291 292
74 1 1 1 293 297 294 295 296
75 1 1 1 297 301 298 299 300
76 1 1 1 301 305 302 303 304
77 1 1 1 305 309 306 307 308
78 1 1 1 309 313 310 311 312
79 1 1 1 313 317 314 315 316
80 1 1 1 317 321 318 319 320
81 1 1 1 321 325 322 323 324
82 1 1 1 325 329 326 327 328
83 1 1 1 329 333 330 331 332
84 1 1 1 333 337 334 335 336
85 1 1 1 337 341 338 339 340
86 1 1 1 341 345 342 343 344
87 1 1 1 345 349 346 347 348
88 1 1 1 349 353 350 351 352
89 1 1 1 353 357 354 355 356
90 1 1 1 357 361 358 359 360
91 1 1 1 361 365 362 363 364
92 1 1 1 365 369 366 367 368
93 1 1 1 369 373 370 371 372
94 1 1 1 373 377 374 375 376
95 1 1 1 377 381 378 379 380
96 1 1 1 381 385 382 383 384
97 1 1 1 385 389 386 387 388
98 1 1 1 389 393 390 391 392
99 1 1 1 393 397 394 395 396
100 1 1 1 397 401 398 399 400
101 1 1 1 401 405 402 403 404
102 1 1 1 405 409 406 407 408
103 1 1 1 409 413 410 411 412
104 1 1 1 413 417 414 415 416
105 1 1 1 417 421 418 419 420
106 1 1 1 421 425 422 423 424
107 1 1 1 425 429 426 427 428
108 1 1 1 429 433 430 431 432
109 1 1 1 433 437 434 435 436
110 1 1 1 437 441 438 439 440
111 1 1 1 441 445 442 443 444
112 1 1 1 445 449 446 447 448
113 1 1 1 449 453 450 451 452
114 1 1 1 453 457 454 455 456
115 1 1 1 457 461 458 459 460
116 1 1 1 461 465 462 463 464
117 1 1 1 465 469 466 467 468
118 1 1 1 469 473 470 471 472
119 1 1 1 473 477 474 475 476
120 1 1 1 477 481 478 479 480
121 1 1 1 481 485 482 483 484
122 1 1 1 485 489 486 487 488
123 1 1 1 489 493 490 491 492
124 1 1 1 493 497 494 495 496
125 1 1 1 497 501 498 499 500
126 1 1 1 501 505 502 503 504
127 1 1 1 505 509 506 507 508
128 1 1 1 509 513 510 511 512
129 1 1 1 513 517 514 515 516
130 1 1 1 517 521 518 519 520
131 1 1 1 521 525 522 523 524
132 1 1 1 525 529 526 527 528
133 1 1 1 529 533 530 531 532
134 1 1 1 533 537 534 535 536
135 1 1 1 537 541 538 539 540
136 1 1 1 541 545 542 543 544
137 1 1 1 545 549 546 547 548
138 1 1 1 549 553 550 551 552
139 1 1 1 553 557 554 555 556
140 1 1 1 557 561 558 559 560
141 1 1 1 561 565 562 563 564
142 1 1 1 565 569 566 567 568
143 1 1 1 569 573 570 571 572
144 1 1 1 573 577 574 575 576
145 1 1 1 577 581 578 579 580
146 1 1 1 581 585 582 583 584
147 1 1 1 585 589 586 587 588
148 1 1 1 589 593 590 591 592
149 1 1 1 593 597 594 595 596
150 1 1 1 597 601 598 599 600
151 1 1 1 601 605 602 603 604
152 1 1 1 605 609 606 607 608
153 1 1 1 609 613 610 611 612
154 1 1 1 613 617 614 615 616
155 1 1 1 617 621 618 619 620
156 1 1 1 621 625 622 623 624
157 1 1 1 625 629 626 627 628
158 1 1 1 629 633 630 631 632
159 1 1 1 633 637 634 635 636
160 1 1 1 637 641 638 639 640
161 1 1 1 641 645 642 643 644
162 1 1 1 645 649 646 647 648
163 1 1 1 649 653 650 651 652
164 1 1 1 653 657 654 655 656
165 1 1 1 657 661 658 659 660
166 1 1 1 661 665 662 663 664
167 1 1 1 665 669 666 667 668
168 1 1 1 669 673 670 671 672
169 1 1 1 673 677 674 675 676
170 1 1 1 677 681 678 679 680
171 1 1 1 681 685 682 683 684
172 1 1 1 685 689 686 687 688
173 1 1 1 689 693 690 691 692
174 1 1 1 693 697 694 695 696
175 1 1 1 697 701 698 699 700
176 1 1 1 701 705 702 703 704
177 1 1 1 705 709 706 707 708
178 1 1 1 709 713 710 711 712
179 1 1 1 713 717 714 715 716
180 1 1 1 717 721 718 719 720
181 1 1 1 721 725 722 723 724
182 1 1 1 725 729 726 727 728
183 1 1 1 729 733 730 731 732
184 1 1 1 733 737 734 735 736
185 1 1 1 737 741 738 739 740
186 1 1 1 741 745 742 743 744
187 1 1 1 745 749 746 747 748
188 1 1 1 749 753 750 751 752
189 1 1 1 753 757 754 755 756
190 1 1 1 757 761 758 759 760
191 1 1 1 761 765 762 763 764
192 1 1 1 765 769 766 767 768
193 1 1 1 769 773 770 771 772
194 1 1 1 773 777 774 775 776
195 1 1 1 777 781 778 779 780
196 1 1 1 781 785 782 783 784
197 1 1 1 785 789 786 787 788
198 1 1 1 789 793 790 791 792
199 1 1 1 793 797 794 795 796
200 1 1 1 797 801 798 799 800
201 1 1 1 801 805 802 803 804
202 1 1 1 805 809 806 807 808
203 1 1 1 809 813 810 811 812
204 1 1 1 813 817 814 815 816
205 1 1 1 817 821 818 819 820
206 1 1 1 821 825 822 823 824
207 1 1 1 825 829 826 827 828
208 1 1 1 829 833 830 831 832
209 1 1 1 833 837 834 835 836
210 1 1 1 837 841 838 839 840
211 1 1 1 841 845 842 843 844
212 1 1 1 845 849 846 847 848
213 1 1 1 849 853 850 851 852
214 1 1 1 853 857 854 855 856
215 1 1 1 857 861 858 859 860
216 1 1 1 861 865 862 863 864
217 1 1 1 865 869 866 867 868
218 1 1 1 869 873 870 871 872
219 1 1 1 873 877 874 875 876
220 1 1 1 877 881 878 879 880
221 1 1 1 881 885 882 883 884
222 1 1 1 885 889 886 887 888
223 1 1 1 889 893 890 891 892
224 1 1 1 893 897 894 895 896
225 1 1 1 897 901 898 899 900
226 1 1 1 901 905 902 903 904
227 1 1 1 905 909 906 907 908
228 1 1 1 909 913 910 911 912
229 1 1 1 913 917 914 915 916
230 1 1 1 917 921 918 919 920
231 1 1 1 921 925 922 923 924
232 1 1 1 925 929 926 927 928
233 1 1 1 929 933 930 931 932
234 1 1 1 933 937 934 935 936
235 1 1 1 937 941 938 939 940
236 1 1 1 941 945 942 943 944
237 1 1 1 945 949 946 947 948
238 1 1 1 949 953 950 951 952
239 1 1 1 953 957 954 955 956
240 1 1 1 957 961 958 959 960
241 1 1 1 961 965 962 963 964
242 1 1 1 965 969 966 967 968
243 1 1 1 969 973 970 971 972
244 1 1 1 973 977 974 975 976
245 1 1 1 977 981 978 979 980
246 1 1 1 981 985 982 983 984
247 1 1 1 985 989 986 987 988
248 1 1 1 989 993 990 991 992
249 1 1 1 993 997 994 995 996
250 1 1 1 997 1001 998 999 1000
251 1 1 1 1001 1005 1002 1003 1004
252 1 1 1 1005 1009 1006 1007 1008
253 1 1 1 1009 1013 1010 1011 1012
254 1 1 1 1013 1017 1014 1015 1016
255 1 1 1 1017 1021 1018 1019 1020
256 1 1 1 1021 1025 1022 1023 1024
257 1 1 1 1025 1029 1026 1027 1028
258 1 1 1 1029 1033 1030 1031 1032
259 1 1 1 1033 1037 1034 1035 1036
260 1 1 1 1037 1041 1038 1039 1040
261 1 1 1 1041 1045 1042 1043 1044
262 1 1 1 1045 1049 1046 1047 1048
263 1 1 1 1049 1053 1050 1051 1052
264 1 1 1 1053 1057 1054 1055 1056
265 1 1 1 1057 1061 1058 1059 1060
266 1 1 1 1061 1065 1062 1063 1064
267 1 1 1 1065 1069 1066 1067 1068
268 1 1 1 1069 1073 1070 1071 1072
269 1 1 1 1073 1077 1074 1075 1076
270 1 1 1 1077 1081 1078 1079 1080
271 1 1 1 1081 1085 1082 1083 1084
272 1 1 1 1085 1089 1086 1087 1088
273 1 1 1 1089 1093 1090 1091 1092
274 1 1 1 1093 1097 1094 1095 1096
275 1 1 1 1097 1101 1098 1099 1100
276 1 1 1 1101 1105 1102 1103 1104
277 1 1 1 1105 1109 1106 1107 1108
278 1 1 1 1109 1113 1110 1111 1112
279 1 1 1 1113 1117 1114 1115 1116
280 1 1 1 1117 1121 1118 1119 1120
281 1 1 1 1121 1125 1122 1123 1124
282 1 1 1 1125 1129 1126 1127 1128
283 1 1 1 1129 1133 1130 1131 1132
284 1 1 1 1133 1137 1134 1135 1136
285 1 1 1 1137 1141 1138 1139 1140
286 1 1 1 1141 1145 1142 1143 1144
287 1 1 1 1145 1149 1146 1147 1148
288 1 1 1 1149 1153 1150 1151 1152
289 1 1 1 1153 1157 1154 1155 1156
290 1 1 1 1157 1161 1158 1159 1160
291 1 1 1 1161 1165 1162 1163 1164
292 1 1 1 1165 1169 1166 1167 1168
293 1 1 1 1169 1173 1170 1171 1172
294 1 1 1 1173 1177 1174 1175 1176
295 1 1 1 1177 1181 1178 1179 1180
296 1 1 1 1181 1185 1182 1183 1184
297 1 1 1 1185 1189 1186 1187 1188
298 1 1 1 1189 1193 1190 1191 1192
299 1 1 1 1193 1197 1194 1195 1196
300 1 1 1 1197 1201 1198 1199 1200
301 1 1 1 1201 1205 1202 1203 1204
302 1 1 1 1205 1209 1206 1207 1208
303 1 1 1 1209 1213 1210 1211 1212
304 1 1 1 1213 1217 1214 1215 1216
305 1 1 1 1217 1221 1218 1219 1220
306 1 1 1 1221 1225 1222 1223 1224
307 1 1 1 1225 1229 1226 1227 1228
308 1 1 1 1229 1233 1230 1231 1232
309 1 1 1 1233 1237 1234 1235 1236
310 1 1 1 1237 1241 1238 1239 1240
311 1 1 1 1241 1245 1242 1243 1244
312 1 1 1 1245 1249 1246 1247 1248
313 1 1 1 1249 1253 1250 1251 1252
314 1 1 1 1253 1257 1254 1255 1256
315 1 1 1 1257 1261 1258 1259 1260
316 1 1 1 1261 1265 1262 1263 1264
317 1 1 1 1265 1269 1266 1267 1268
318 1 1 1 1269 1273 1270 1271 1272
319 1 1 1 1273 1277 1274 1275 1276
320 1 1 1 1277 1281 1278 1279 1280
321 1 1 1 1281 1285 1282 1283 1284
322 1 1 1 1285 1289 1286 1287 1288
323 1 1 1 1289 1293 1290 1291 1292
324 1 1 1 1293 1297 1294 1295 1296
325 1 1 1 1297 1301 1298 1299 1300
326 1 1 1 1301 1305 1302 1303 1304
327 1 1 1 1305 1309 1306 1307 1308
328 1 1 1 1309 1313 1310 1311 1312
329 1 1 1 1313 1317 1314 1315 1316
330 1 1 1 1317 1321 1318 1319 1320
331 1 1 1 1321 1325 1322 1323 1324
332 1 1 1 1325 1329 1326 1327 1328
333 1 1 1 1329 1333 1330 1331 1332
334 1 1 1 1333 1337 1334 1335 1336
335 1 1 1 1337 1341 1338 1339 1340
336 1 1 1 1341 1345 1342 1343 1344
337 1 1 1 1345 1349 1346 1347 1348
338 1 1 1 1349 1353 1350 1351 1352
339 1 1 1 1353 1357 1354 1355 1356
340 1 1 1 1357 1361 1358 1359 1360
341 1 1 1 1361 1365 1362 1363 1364
342 1 1 1 1365 1369 1366 1367 1368
343 1 1 1 1369 1373 1370 1371 1372
344 1 1 1 1373 1377 1374 1375 1376
345 1 1 1 1377 1381 1378 1379 1380
346 1 1 1 1381 1385 1382 1383 1384
347 1 1 1 1385 1389 1386 1387 1388
348 1 1 1 1389 1393 1390 1391 1392
349 1 1 1 1393 1397 1394 1395 1396
350 1 1 1 1397 1401 1398 1399 1400
351 1 1 1 1401 1405 1402 1403 1404
352 1 1 1 1405 1409 1406 1407 1408
353 1 1 1 1409 1413 1410 1411 1412
354 1 1 1 1413 1417 1414 1415 1416
355 1 1 1 1417 1421 1418 1419 1420
356 1 1 1 1421 1425 1422 1423 1424
357 1 1 1 1425 1429 1426 1427 1428
358 1 1 1 1429 1433 1430 1431 1432
359 1 1 1 1433 1437 1434 1435 1436
360 1 1 1 1437 1441 1438 1439 1440
361 1 1 1 1441 1445 1442 1443 1444
362 1 1 1 1445 1449 1446 1447 1448
363 1 1 1 1449 1453 1450 1451 1452
364 1 1 1 1453 1457 1454 1455 1456
365 1 1 1 1457 1461 1458 1459 1460
366 1 1 1 1461 1465 1462 1463 1464
367 1 1 1 1465 1469 1466 1467 1468
368 1 1 1 1469 1473 1470 1471 1472
369 1 1 1 1473 1477 1474 1475 1476
370 1 1 1 1477 1481 1478 1479 1480
371 1 1 1 1481 1485 1482 1483 1484
372 1 1 1 1485 1489 1486 1487 1488
373 1 1 1 1489 1493 1490 1491 1492
374 1 1 1 1493 1497 1494 1495 1496
375 1 1 1 1497 1501 1498 1499 1500
376 1 1 1 1501 1505 1502 1503 1504
377 1 1 1 1505 1509 1506 1507 1508
378 1 1 1 1509 1513 1510 1511 1512
379 1 1 1 1513 1517 1514 1515 1516
380 1 1 1 1517 1521 1518 1519 1520
381 1 1 1 1521 1525 1522 1523 1524
382 1 1 1 1525 1529 1526 1527 1528
383 1 1 1 1529 1533 1530 1531 1532
384 1 1 1 1533 1537 1534 1535 1536
385 1 1 1 1537 1541 1538 1539 1540
386 1 1 1 1541 1545 1542 1543 1544
387 1 1 1 1545 1549 1546 1547 1548
388 1 1 1 1549 1553 1550 1551 1552
389 1 1 1 1553 1557 1554 1555 1556
390 1 1 1 1557 1561 1558 1559 1560
391 1 1 1 1561 1565 1562 1563 1564
392 1 1 1 1565 1569 1566 1567 1568
393 1 1 1 1569 1573 1570 1571 1572
394 1 1 1 1573 1577 1574 1575 1576
395 1 1 1 1577 1581 1578 1579 1580
396 1 1 1 1581 1585 1582 1583 1584
397 1 1 1 1585 1589 1586 1587 1588
398 1 1 1 1589 1593 1590 1591 1592
399 1 1 1 1593 1597 1594 1595 1596
400 1 1 1 1597 1601 1598 1599 1600
401 1 1 1 1601 1605 1602 1603 1604
402 1 1 1 1605 1609 1606 1607 1608
403 1 1 1 1609 1613 1610 1611 1612
404 1 1 1 1613 1617 1614 1615 1616
405 1 1 1 1617 1621 1618 1619 1620
406 1 1 1 1621 1625 1622 1623 1624
407 1 1 1 1625 1629 1626 1627 1628
408 1 1 1 1629 1633 1630 1631 1632
409 1 1 1 1633 1637 1634 1635 1636
410 1 1 1 1637 1641 1638 1639 1640
411 1 1 1 1641 1645 1642 1643 1644
412 1 1 1 1645 1649 1646 1647 1648
413 1 1 1 1649 1653 1650 1651 1652
414 1 1 1 1653 1657 1654 1655 1656
415 1 1 1 1657 1661 1658 1659 1660
416 1 1 1 1661 1665 1662 1663 1664
417 1 1 1 1665 1669 1666 1667 1668
418 1 1 1 1669 1673 1670 1671 1672
419 1 1 1 1673 1677 1674 1675 1676
420 1 1 1 1677 1681 1678 1679 1680
421 1 1 1 1681 1685 1682 1683 1684
422 1 1 1 1685 1689 1686 1687 1688
423 1 1 1 1689 1693 1690 1691 1692
424 1 1 1 1693 1697 1694 1695 1696
425 1 1 1 1697 1701 1698 1699 1700
426 1 1 1 1701 1705 1702 1703 1704
427 1 1 1 1705 1709 1706 1707 1708
428 1 1 1 1709 1713 1710 1711 1712
429 1 1 1 1713 1717 1714 1715 1716
430 1 1 1 1717 1721 1718 1719 1720
431 1 1 1 1721 1725 1722 1723 1724
432 1 1 1 1725 1729 1726 1727 1728
433 1 1 1 1729 1733 1730 1731 1732
434 1 1 1 1733 1737 1734 1735 1736
435 1 1 1 1737 1741 1738 1739 1740
436 1 1 1 1741 1745 1742 1743 1744
437 1 1 1 1745 1749 1746 1747 1748
438 1 1 1 1749 1753 1750 1751 1752
439 1 1 1 1753 1757 1754 1755 1756
440 1 1 1 1757 1761 1758 1759 1760
441 1 1 1 1761 1765 1762 1763 1764
442 1 1 1 1765 1769 1766 1767 1768
443 1 1 1 1769 1773 1770 1771 1772
444 1 1 1 1773 1777 1774 1775 1776
445 1 1 1 1777 1781 1778 1779 1780
446 1 1 1 1781 1785 1782 1783 1784
447 1 1 1 1785 1789 1786 1787 1788
448 1 1 1 1789 1793 1790 1791 1792
449 1 1 1 1793 1797 1794 1795 1796
450 1 1 1 1797 1801 1798 1799 1800
451 1 1 1 1801 1805 1802 1803 1804
452 1 1 1 1805 1809 1806 1807 1808
453 1 1 1 1809 1813 1810 1811 1812
454 1 1 1 1813 1817 1814 1815 1816
455 1 1 1 1817 1821 1818 1819 1820
456 1 1 1 1821 1825 1822 1823 1824
457 1 1 1 1825 1829 1826 1827 1828
458 1 1 1 1829 1833 1830 1831 1832
459 1 1 1 1833 1837 1834 1835 1836
460 1 1 1 1837 1841 1838 1839 1840
461 1 1 1 1841 1845 1842 1843 1844
462 1 1 1 1845 1849 1846 1847 1848
463 1 1 1 1849 1853 1850 1851 1852
464 1 1 1 1853 1857 1854 1855 1856
465 1 1 1 1857 1861 1858 1859 1860
466 1 1 1 1861 1865 1862 1863 1864
467 1 1 1 1865 1869 1866 1867 1868
468 1 1 1 1869 1873 1870 1871 1872
469 1 1 1 1873 1877 1874 1875 1876
470 1 1 1 1877 1881 1878 1879 1880
471 1 1 1 1881 1885 1882 1883 1884
472 1 1 1 1885 1889 1886 1887 1888
473 1 1 1 1889 1893 1890 1891 1892
474 1 1 1 1893 1897 1894 1895 1896
475 1 1 1 1897 1901 1898 1899 1900
476 1 1 1 1901 1905 1902 1903 1904
477 1 1 1 1905 1909 1906 1907 1908
478 1 1 1 1909 1913 1910 1911 1912
479 1 1 1 1913 1917 1914 1915 1916
480 1 1 1 1917 1921 1918 1919 1920
481 1 1 1 1921 1925 1922 1923 1924
482 1 1 1 1925 1929 1926 1927 1928
483 1 1 1 1929 1933 1930 1931 1932
484 1 1 1 1933 1937 1934 1935 1936
485 1 1 1 1937 1941 1938 1939 1940
486 1 1 1 1941 1945 1942 1943 1944
487 1 1 1 1945 1949 1946 1947 1948
488 1 1 1 1949 1953 1950 1951 1952
489 1 1 1 1953 1957 1954 1955 1956
490 1 1 1 1957 1961 1958 1959 1960
491 1 1 1 1961 1965 1962 1963 1964
492 1 1 1 1965 1969 1966 1967 1968
493 1 1 1 1969 1973 1970 1971 1972
494 1 1 1 1973 1977 1974 1975 1976
495 1 1 1 1977 1981 1978 1979 1980
496 1 1 1 1981 1985 1982 1983 1984
497 1 1 1 1985 1989 1986 1987 1988
498 1 1 1 1989 1993 1990 1991 1992
499 1 1 1 1993 1997 1994 1995 1996
500 1 1 1 1997 2001 1998 1999 2000
501 1 1 1 2001 2005 2002 2003 2004
502 1 1 1 2005 2009 2006 2007 2008
503 1 1 1 2009 2013 2010 2011 2012
504 1 1 1 2013 2017 2014 2015 2016
505 1 1 1 2017 2021 2018 2019 2020
506 1 1 1 2021 2025 2022 2023 2024
507 1 1 1 2025 2029 2026 2027 2028
508 1 1 1 2029 2033 2030 2031 2032
509 1 1 1 2033 2037 2034 2035 2036
510 1 1 1 2037 2041 2038 2039 2040
511 1 1 1 2041 2045 2042 2043 2044
512 1 1 1 2045 2049 2046 2047 2048
513 1 1 1 2049 2053 2050 2051 2052
514 1 1 1 2053 2057 2054 2055 2056
515 1 1 1 2057 2061 2058 2059 2060
516 1 1 1 2061 2065 2062 2063 2064
517 1 1 1 2065 2069 2066 2067 2068
518 1 1 1 2069 2073 2070 2071 2072
519 1 1 1 2073 2077 2074 2075 2076
520 1 1 1 2077 2081 2078 2079 2080
521 1 1 1 2081 2085 2082 2083 2084
522 1 1 1 2085 2089 2086 2087 2088
523 1 1 1 2089 2093 2090 2091 2092
524 1 1 1 2093 2097 2094 2095 2096
525 1 1 1 2097 2101 2098 2099 2100
526 1 1 1 2101 2105 2102 2103 2104
527 1 1 1 2105 2109 2106 2107 2108
528 1 1 1 2109 2113 2110 2111 2112
529 1 1 1 2113 2117 2114 2115 2116
530 1 1 1 2117 2121 2118 2119 2120
531 1 1 1 2121 2125 2122 2123 2124
532 1 1 1 2125 2129 2126 2127 2128
533 1 1 1 2129 2133 2130 2131 2132
534 1 1 1 2133 2137 2134 2135 2136
535 1 1 1 2137 2141 2138 2139 2140
536 1 1 1 2141 2145 2142 2143 2144
537 1 1 1 2145 2149 2146 2147 2148
538 1 1 1 2149 2153 2150 2151 2152
539 1 1 1 2153 2157 2154 2155 2156
540 1 1 1 2157 2161 2158 2159 2160
541 1 1 1 2161 2165 2162 2163 2164
542 1 1 1 2165 2169 2166 2167 2168
543 1 1 1 2169 2173 2170 2171 2172
544 1 1 1 2173 2177 2174 2175 2176
545 1 1 1 2177 2181 2178 2179 2180
546 1 1 1 2181 2185 2182 2183 2184
547 1 1 1 2185 2189 2186 2187 2188
548 1 1 1 2189 2193 2190 2191 2192
549 1 1 1 2193 2197 2194 2195 2196
550 1 1 1 2197 2201 2198 2199 2200
551 1 1 1 2201 2205 2202 2203 2204
552 1 1 1 2205 2209 2206 2207 2208
553 1 1 1 2209 2213 2210 2211 2212
554 1 1 1 2213 2217 2214 2215 2216
555 1 1 1 2217 2221 2218 2219 2220
556 1 1 1 2221 2225 2222 2223 2224
557 1 1 1 2225 2229 2226 2227 2228
558 1 1 1 2229 2233 2230 2231 2232
559 1 1 1 2233 2237 2234 2235 2236
560 1 1 1 2237 2241 2238 2239 2240
561 1 1 1 2241 2245 2242 2243 2244
562 1 1 1 2245 2249 2246 2247 2248
563 1 1 1 2249 2253 2250 2251 2252
564 1 1 1 2253 2257 2254 2255 2256
565 1 1 1 2257 2261 2258 2259 2260
566 1 1 1 2261 2265 2262 2263 2264
567 1 1 1 2265 2269 2266 2267 2268
568 1 1 1 2269 2273 2270 2271 2272
569 1 1 1 2273 2277 2274 2275 2276
570 1 1 1 2277 2281 2278 2279 2280
571 1 1 1 2281 2285 2282 2283 2284
572 1 1 1 2285 2289 2286 2287 2288
573 1 1 1 2289 2293 2290 2291 2292
574 1 1 1 2293 2297 2294 2295 2296
575 1 1 1 2297 2301 2298 2299 2300
576 1 1 1 2301 2305 2302 2303 2304
577 1 1 1 2305 2309 2306 2307 2308
578 1 1 1 2309 2313 2310 2311 2312
579 1 1 1 2313 2317 2314 2315 2316
580 1 1 1 2317 2321 2318 2319 2320
581 1 1 1 2321 2325 2322 2323 2324
582 1 1 1 2325 2329 2326 2327 2328
583 1 1 1 2329 2333 2330 2331 2332
584 1 1 1 2333 2337 2334 2335 2336
585 1 1 1 2337 2341 2338 2339 2340
586 1 1 1 2341 2345 2342 2343 2344
587 1 1 1 2345 2349 2346 2347 2348
588 1 1 1 2349 2353 2350 2351 2352
589 1 1 1 2353 2357 2354 2355 2356
590 1 1 1 2357 2361 2358 2359 2360
591 1 1 1 2361 2365 2362 2363 2364
592 1 1 1 2365 2369 2366 2367 2368
593 1 1 1 2369 2373 2370 2371 2372
594 1 1 1 2373 2377 2374 2375 2376
595 1 1 1 2377 2381 2378 2379 2380
596 1 1 1 2381 2385 2382 2383 2384
597 1 1 1 2385 2389 2386 2387 2388
598 1 1 1 2389 2393 2390 2391 2392
599 1 1 1 2393 2397 2394 2395 2396
600 1 1 1 2397 2401 2398 2399 2400
601 1 1 1 2401 2405 2402 2403 2404
602 1 1 1 2405 2409 2406 2407 2408
603 1 1 1 2409 2413 2410 2411 2412
604 1 1 1 2413 2417 2414 2415 2416
605 1 1 1 2417 2421 2418 2419 2420
606 1 1 1 2421 2425 2422 2423 2424
607 1 1 1 2425 2429 2426 2427 2428
608 1 1 1 2429 2433 2430 2431 2432
609 1 1 1 2433 2437 2434 2435 2436
610 1 1 1 2437 2441 2438 2439 2440
611 1 1 1 2441 2445 2442 2443 2444
612 1 1 1 2445 2449 2446 2447 2448
613 1 1 1 2449 2453 2450 2451 2452
614 1 1 1 2453 2457 2454 2455 2456
615 1 1 1 2457 2461 2458 2459 2460
616 1 1 1 2461 2465 2462 2463 2464
617 1 1 1 2465 2469 2466 2467 2468
618 1 1 1 2469 2473 2470 2471 2472
619 1 1 1 2473 2477 2474 2475 2476
620 1 1 1 2477 2481 2478 2479 2480
621 1 1 1 2481 2485 2482 2483 2484
622 1 1 1 2485 2489 2486 2487 2488
623 1 1 1 2489 2493 2490 2491 2492
624 1 1 1 2493 2497 2494 2495 2496
625 1 1 1 2497 2501 2498 2499 2500
626 1 1 1 2501 2505 2502 2503 2504
627 1 1 1 2505 2509 2506 2507 2508
628 1 1 1 2509 2513 2510 2511 2512
629 1 1 1 2513 2517 2514 2515 2516
630 1 1 1 2517 2521 2518 2519 2520
631 1 1 1 2521 2525 2522 2523 2524
632 1 1 1 2525 2529 2526 2527 2528
633 1 1 1 2529 2533 2530 2531 2532
634 1 1 1 2533 2537 2534 2535 2536
635 1 1 1 2537 2541 2538 2539 2540
636 1 1 1 2541 2545 2542 2543 2544
637 1 1 1 2545 2549 2546 2547 2548
638 1 1 1 2549 2553 2550 2551 2552
639 1 1 1 2553 2557 2554 2555 2556
640 1 1 1 2557 2561 2558 2559 2560
641 1 1 1 2561 2565 2562 2563 2564
642 1 1 1 2565 2569 2566 2567 2568
643 1 1 1 2569 2573 2570 2571 2572
644 1 1 1 2573 2577 2574 2575 2576
645 1 1 1 2577 2581 2578 2579 2580
646 1 1 1 2581 2585 2582 2583 2584
647 1 1 1 2585 2589 2586 2587 2588
648 1 1 1 2589 2593 2590 2591 2592
649 1 1 1 2593 2597 2594 2595 2596
650 1 1 1 2597 2601 2598 2599 2600
651 1 1 1 2601 2605 2602 2603 2604
652 1 1 1 2605 2609 2606 2607 2608
653 1 1 1 2609 2613 2610 2611 2612
654 1 1 1 2613 2617 2614 2615 2616
655 1 1 1 2617 2621 2618 2619 2620
656 1 1 1 2621 2625 2622 2623 2624
657 1 1 1 2625 2629 2626 2627 2628
658 1 1 1 2629 2633 2630 2631 2632
659 1 1 1 2633 2637 2634 2635 2636
660 1 1 1 2637 2641 2638 2639 2640
661 1 1 1 2641 2645 2642 2643 2644
662 1 1 1 2645 2649 2646 2647 2648
663 1 1 1 2649 2653 2650 2651 2652
664 1 1 1 2653 2657 2654 2655 2656
665 1 1 1 2657 2661 2658 2659 2660
666 1 1 1 2661 2665 2662 2663 2664
667 1 1 1 2665 2669 2666 2667 2668
668 1 1 1 2669 2673 2670 2671 2672
669 1 1 1 2673 2677 2674 2675 2676
670 1 1 1 2677 2681 2678 2679 2680
671 1 1 1 2681 2685 2682 2683 2684
672 1 1 1 2685 2689 2686 2687 2688
673 1 1 1 2689 2693 2690 2691 2692
674 1 1 1 2693 2697 2694 2695 2696
675 1 1 1 2697 2701 2698 2699 2700
676 1 1 1 2701 2705 2702 2703 2704
677 1 1 1 2705 2709 2706 2707 2708
678 1 1 1 2709 2713 2710 2711 2712
679 1 1 1 2713 2717 2714 2715 2716
680 1 1 1 2717 2721 2718 2719 2720
681 1 1 1 2721 2725 2722 2723 2724
682 1 1 1 2725 2729 2726 2727 2728
683 1 1 1 2729 2733 2730 2731 2732
684 1 1 1 2733 2737 2734 2735 2736
685 1 1 1 2737 2741 2738 2739 2740
686 1 1 1 2741 2745 2742 2743 2744
687 1 1 1 2745 2749 2746 2747 2748
688 1 1 1 2749 2753 2750 2751 2752
689 1 1 1 2753 2757 2754 2755 2756
690 1 1 1 2757 2761 2758 2759 2760
691 1 1 1 2761 2765 2762 2763 2764
692 1 1 1 2765 2769 2766 2767 2768
693 1 1 1 2769 2773 2770 2771 2772
694 1 1 1 2773 2777 2774 2775 2776
695 1 1 1 2777 2781 2778 2779 2780
696 1 1 1 2781 2785 2782 2783 2784
697 1 1 1 2785 2789 2786 2787 2788
698 1 1 1 2789 2793 2790 2791 2792
699 1 1 1 2793 2797 2794 2795 2796
700 1 1 1 2797 2801 2798 2799 2800
701 1 1 1 2801 2805 2802 2803 2804
702 1 1 1 2805 2809 2806 2807 2808
703 1 1 1 2809 2813 2810 2811 2812
704 1 1 1 2813 2817 2814 2815 2816
705 1 1 1 2817 2821 2818 2819 2820
706 1 1 1 2821 2825 2822 2823 2824
707 1 1 1 2825 2829 2826 2827 2828
708 1 1 1 2829 2833 2830 2831 2832
709 1 1 1 2833 2837 2834 2835 2836
710 1 1 1 2837 2841 2838 2839 2840
711 1 1 1 2841 2845 2842 2843 2844
712 1 1 1 2845 2849 2846 2847 2848
713 1 1 1 2849 2853 2850 2851 2852
714 1 1 1 2853 2857 2854 2855 2856
715 1 1 1 2857 2861 2858 2859 2860
716 1 1 1 2861 2865 2862 2863 2864
717 1 1 1 2865 2869 2866 2867 2868
718 1 1 1 2869 2873 2870 2871 2872
719 1 1 1 2873 2877 2874 2875 2876
720 1 1 1 2877 2881 2878 2879 2880
721 1 1 1 2881 2885 2882 2883 2884
722 1 1 1 2885 2889 2886 2887 2888
723 1 1 1 2889 2893 2890 2891 2892
724 1 1 1 2893 2897 2894 2895 2896
725 1 1 1 2897 2901 2898 2899 2900
726 1 1 1 2901 2905 2902 2903 2904
727 1 1 1 2905 2909 2906 2907 2908
728 1 1 1 2909 2913 2910 2911 2912
729 1 1 1 2913 2917 2914 2915 2916
730 1 1 1 2917 2921 2918 2919 2920
731 1 1 1 2921 2925 2922 2923 2924
732 1 1 1 2925 2929 2926 2927 2928
733 1 1 1 2929 2933 2930 2931 2932
734 1 1 1 2933 2937 2934 2935 2936
735 1 1 1 2937 2941 2938 2939 2940
736 1 1 1 2941 2945 2942 2943 2944
737 1 1 1 2945 2949 2946 2947 2948
738 1 1 1 2949 2953 2950 2951 2952
739 1 1 1 2953 2957 2954 2955 2956
740 1 1 1 2957 2961 2958 2959 2960
741 1 1 1 2961 2965 2962 2963 2964
742 1 1 1 2965 2969 2966 2967 2968
743 1 1 1 2969 2973 2970 2971 2972
744 1 1 1 2973 2977 2974 2975 2976
745 1 1 1 2977 2981 2978 2979 2980
746 1 1 1 2981 2985 2982 2983 2984
747 1 1 1 2985 2989 2986 2987 2988
748 1 1 1 2989 2993 2990 2991 2992
749 1 1 1 2993 2997 2994 2995 2996
750 1 1 1 2997 3001 2998 2999 3000
751 1 1 1 3001 3005 3002 3003 3004
752 1 1 1 3005 3009 3006 3007 3008
753 1 1 1 3009 3013 3010 3011 3012
754 1 1 1 3013 3017 3014 3015 3016
755 1 1 1 3017 3021 3018 3019 3020
756 1 1 1 3021 3025 3022 3023 3024
757 1 1 1 3025 3029 3026 3027 3028
758 1 1 1 3029 3033 3030 3031 3032
759 1 1 1 3033 3037 3034 3035 3036
760 1 1 1 3037 3041 3038 3039 3040
761 1 1 1 3041 3045 3042 3043 3044
762 1 1 1 3045 3049 3046 3047 3048
763 1 1 1 3049 3053 3050 3051 3052
764 1 1 1 3053 3057 3054 3055 3056
765 1 1 1 3057 3061 3058 3059 3060
766 1 1 1 3061 3065 3062 3063 3064
767 1 1 1 3065 3069 3066 3067 3068
