1 1 1 1 1 2
2 1 1 1 2 3
3 1 1 1 3 4
4 1 1 1 4 5
5 1 1 1 5 6
6 1 1 1 6 7
7 1 1 1 7 8
8 1 1 1 8 9
9 1 1 1 9 10
10 1 1 1 10 11
11 1 1 1 11 12
12 1 1 1 12 13
13 1 1 1 13 14
14 1 1 1 14 15
15 1 1 1 15 16
16 1 1 1 16 17
17 1 1 1 17 18
18 1 1 1 18 19
19 1 1 1 19 20
20 1 1 1 20 21
21 1 1 1 21 22
22 1 1 1 22 23
23 1 1 1 23 24
24 1 1 1 24 25
25 1 1 1 25 26
26 1 1 1 26 27
27 1 1 1 27 28
28 1 1 1 28 29
29 1 1 1 29 30
30 1 1 1 30 31
31 1 1 1 31 32
32 1 1 1 32 33
33 1 1 1 33 34
34 1 1 1 34 35
35 1 1 1 35 36
36 1 1 1 36 37
37 1 1 1 37 38
38 1 1 1 38 39
39 1 1 1 39 40
40 1 1 1 40 41
41 1 1 1 41 42
42 1 1 1 42 43
43 1 1 1 43 44
44 1 1 1 44 45
45 1 1 1 45 46
46 1 1 1 46 47
47 1 1 1 47 48
48 1 1 1 48 49
49 1 1 1 49 50
50 1 1 1 50 51
51 1 1 1 51 52
52 1 1 1 52 53
53 1 1 1 53 54
54 1 1 1 54 55
55 1 1 1 55 56
56 1 1 1 56 57
57 1 1 1 57 58
58 1 1 1 58 59
59 1 1 1 59 60
60 1 1 1 60 61
61 1 1 1 61 62
62 1 1 1 62 63
63 1 1 1 63 64
64 1 1 1 64 65
65 1 1 1 65 66
66 1 1 1 66 67
67 1 1 1 67 68
68 1 1 1 68 69
69 1 1 1 69 70
70 1 1 1 70 71
71 1 1 1 71 72
72 1 1 1 72 73
73 1 1 1 73 74
74 1 1 1 74 75
75 1 1 1 75 76
76 1 1 1 76 77
77 1 1 1 77 78
78 1 1 1 78 79
79 1 1 1 79 80
80 1 1 1 80 81
81 1 1 1 81 82
82 1 1 1 82 83
83 1 1 1 83 84
84 1 1 1 84 85
85 1 1 1 85 86
86 1 1 1 86 87
87 1 1 1 87 88
88 1 1 1 88 89
89 1 1 1 89 90
90 1 1 1 90 91
91 1 1 1 91 92
92 1 1 1 92 93
93 1 1 1 93 94
94 1 1 1 94 95
95 1 1 1 95 96
96 1 1 1 96 97
97 1 1 1 97 98
98 1 1 1 98 99
99 1 1 1 99 100
100 1 1 1 100 101
101 1 1 1 101 102
102 1 1 1 102 103
103 1 1 1 103 104
104 1 1 1 104 105
105 1 1 1 105 106
106 1 1 1 106 107
107 1 1 1 107 108
108 1 1 1 108 109
109 1 1 1 109 110
110 1 1 1 110 111
111 1 1 1 111 112
112 1 1 1 112 113
113 1 1 1 113 114
114 1 1 1 114 115
115 1 1 1 115 116
116 1 1 1 116 117
117 1 1 1 117 118
118 1 1 1 118 119
119 1 1 1 119 120
120 1 1 1 120 121
121 1 1 1 121 122
122 1 1 1 122 123
123 1 1 1 123 124
124 1 1 1 124 125
125 1 1 1 125 126
126 1 1 1 126 127
127 1 1 1 127 128
128 1 1 1 128 129
129 1 1 1 129 130
130 1 1 1 130 131
131 1 1 1 131 132
132 1 1 1 132 133
133 1 1 1 133 134
134 1 1 1 134 135
135 1 1 1 135 136
136 1 1 1 136 137
137 1 1 1 137 138
138 1 1 1 138 139
139 1 1 1 139 140
140 1 1 1 140 141
141 1 1 1 141 142
142 1 1 1 142 143
143 1 1 1 143 144
144 1 1 1 144 145
145 1 1 1 145 146
146 1 1 1 146 147
147 1 1 1 147 148
148 1 1 1 148 149
149 1 1 1 149 150
150 1 1 1 150 151
151 1 1 1 151 152
152 1 1 1 152 153
153 1 1 1 153 154
154 1 1 1 154 155
155 1 1 1 155 156
156 1 1 1 156 157
157 1 1 1 157 158
158 1 1 1 158 159
159 1 1 1 159 160
160 1 1 1 160 161
161 1 1 1 161 162
162 1 1 1 162 163
163 1 1 1 163 164
164 1 1 1 164 165
165 1 1 1 165 166
166 1 1 1 166 167
167 1 1 1 167 168
168 1 1 1 168 169
169 1 1 1 169 170
170 1 1 1 170 171
171 1 1 1 171 172
172 1 1 1 172 173
173 1 1 1 173 174
174 1 1 1 174 175
175 1 1 1 175 176
176 1 1 1 176 177
177 1 1 1 177 178
178 1 1 1 178 179
179 1 1 1 179 180
180 1 1 1 180 181
181 1 1 1 181 182
182 1 1 1 182 183
183 1 1 1 183 184
184 1 1 1 184 185
185 1 1 1 185 186
186 1 1 1 186 187
187 1 1 1 187 188
188 1 1 1 188 189
189 1 1 1 189 190
190 1 1 1 190 191
191 1 1 1 191 192
192 1 1 1 192 193
193 1 1 1 193 194
194 1 1 1 194 195
195 1 1 1 195 196
196 1 1 1 196 197
197 1 1 1 197 198
198 1 1 1 198 199
199 1 1 1 199 200
200 1 1 1 200 201
201 1 1 1 201 202
202 1 1 1 202 203
203 1 1 1 203 204
204 1 1 1 204 205
205 1 1 1 205 206
206 1 1 1 206 207
207 1 1 1 207 208
208 1 1 1 208 209
209 1 1 1 209 210
210 1 1 1 210 211
211 1 1 1 211 212
212 1 1 1 212 213
213 1 1 1 213 214
214 1 1 1 214 215
215 1 1 1 215 216
216 1 1 1 216 217
217 1 1 1 217 218
218 1 1 1 218 219
219 1 1 1 219 220
220 1 1 1 220 221
221 1 1 1 221 222
222 1 1 1 222 223
223 1 1 1 223 224
224 1 1 1 224 225
225 1 1 1 225 226
226 1 1 1 226 227
227 1 1 1 227 228
228 1 1 1 228 229
229 1 1 1 229 230
230 1 1 1 230 231
231 1 1 1 231 232
232 1 1 1 232 233
233 1 1 1 233 234
234 1 1 1 234 235
235 1 1 1 235 236
236 1 1 1 236 237
237 1 1 1 237 238
238 1 1 1 238 239
239 1 1 1 239 240
240 1 1 1 240 241
241 1 1 1 241 242
242 1 1 1 242 243
243 1 1 1 243 244
244 1 1 1 244 245
245 1 1 1 245 246
246 1 1 1 246 247
247 1 1 1 247 248
248 1 1 1 248 249
249 1 1 1 249 250
250 1 1 1 250 251
251 1 1 1 251 252
252 1 1 1 252 253
253 1 1 1 253 254
254 1 1 1 254 255
255 1 1 1 255 256
256 1 1 1 256 257
257 1 1 1 257 258
258 1 1 1 258 259
259 1 1 1 259 260
260 1 1 1 260 261
261 1 1 1 261 262
262 1 1 1 262 263
263 1 1 1 263 264
264 1 1 1 264 265
265 1 1 1 265 266
266 1 1 1 266 267
267 1 1 1 267 268
268 1 1 1 268 269
269 1 1 1 269 270
270 1 1 1 270 271
271 1 1 1 271 272
272 1 1 1 272 273
273 1 1 1 273 274
274 1 1 1 274 275
275 1 1 1 275 276
276 1 1 1 276 277
277 1 1 1 277 278
278 1 1 1 278 279
279 1 1 1 279 280
280 1 1 1 280 281
281 1 1 1 281 282
282 1 1 1 282 283
283 1 1 1 283 284
284 1 1 1 284 285
285 1 1 1 285 286
286 1 1 1 286 287
287 1 1 1 287 288
288 1 1 1 288 289
289 1 1 1 289 290
290 1 1 1 290 291
291 1 1 1 291 292
292 1 1 1 292 293
293 1 1 1 293 294
294 1 1 1 294 295
295 1 1 1 295 296
296 1 1 1 296 297
297 1 1 1 297 298
298 1 1 1 298 299
299 1 1 1 299 300
300 1 1 1 300 301
301 1 1 1 301 302
302 1 1 1 302 303
303 1 1 1 303 304
304 1 1 1 304 305
305 1 1 1 305 306
306 1 1 1 306 307
307 1 1 1 307 308
308 1 1 1 308 309
309 1 1 1 309 310
310 1 1 1 310 311
311 1 1 1 311 312
312 1 1 1 312 313
313 1 1 1 313 314
314 1 1 1 314 315
315 1 1 1 315 316
316 1 1 1 316 317
317 1 1 1 317 318
318 1 1 1 318 319
319 1 1 1 319 320
320 1 1 1 320 321
321 1 1 1 321 322
322 1 1 1 322 323
323 1 1 1 323 324
324 1 1 1 324 325
325 1 1 1 325 326
326 1 1 1 326 327
327 1 1 1 327 328
328 1 1 1 328 329
329 1 1 1 329 330
330 1 1 1 330 331
331 1 1 1 331 332
332 1 1 1 332 333
333 1 1 1 333 334
334 1 1 1 334 335
335 1 1 1 335 336
336 1 1 1 336 337
337 1 1 1 337 338
338 1 1 1 338 339
339 1 1 1 339 340
340 1 1 1 340 341
341 1 1 1 341 342
342 1 1 1 342 343
343 1 1 1 343 344
344 1 1 1 344 345
345 1 1 1 345 346
346 1 1 1 346 347
347 1 1 1 347 348
348 1 1 1 348 349
349 1 1 1 349 350
350 1 1 1 350 351
351 1 1 1 351 352
352 1 1 1 352 353
353 1 1 1 353 354
354 1 1 1 354 355
355 1 1 1 355 356
356 1 1 1 356 357
357 1 1 1 357 358
358 1 1 1 358 359
359 1 1 1 359 360
360 1 1 1 360 361
361 1 1 1 361 362
362 1 1 1 362 363
363 1 1 1 363 364
364 1 1 1 364 365
365 1 1 1 365 366
366 1 1 1 366 367
367 1 1 1 367 368
368 1 1 1 368 369
369 1 1 1 369 370
370 1 1 1 370 371
371 1 1 1 371 372
372 1 1 1 372 373
373 1 1 1 373 374
374 1 1 1 374 375
375 1 1 1 375 376
376 1 1 1 376 377
377 1 1 1 377 378
378 1 1 1 378 379
379 1 1 1 379 380
380 1 1 1 380 381
381 1 1 1 381 382
382 1 1 1 382 383
383 1 1 1 383 384
