1 1 1 1 1 3 2
2 1 1 1 3 5 4
3 1 1 1 5 7 6
4 1 1 1 7 9 8
5 1 1 1 9 11 10
6 1 1 1 11 13 12
7 1 1 1 13 15 14
8 1 1 1 15 17 16
9 1 1 1 17 19 18
10 1 1 1 19 21 20
11 1 1 1 21 23 22
12 1 1 1 23 25 24
13 1 1 1 25 27 26
14 1 1 1 27 29 28
15 1 1 1 29 31 30
16 1 1 1 31 33 32
17 1 1 1 33 35 34
18 1 1 1 35 37 36
19 1 1 1 37 39 38
20 1 1 1 39 41 40
21 1 1 1 41 43 42
22 1 1 1 43 45 44
23 1 1 1 45 47 46
24 1 1 1 47 49 48
25 1 1 1 49 51 50
26 1 1 1 51 53 52
27 1 1 1 53 55 54
28 1 1 1 55 57 56
29 1 1 1 57 59 58
30 1 1 1 59 61 60
31 1 1 1 61 63 62
32 1 1 1 63 65 64
33 1 1 1 65 67 66
34 1 1 1 67 69 68
35 1 1 1 69 71 70
36 1 1 1 71 73 72
37 1 1 1 73 75 74
38 1 1 1 75 77 76
39 1 1 1 77 79 78
40 1 1 1 79 81 80
41 1 1 1 81 83 82
42 1 1 1 83 85 84
43 1 1 1 85 87 86
44 1 1 1 87 89 88
45 1 1 1 89 91 90
46 1 1 1 91 93 92
47 1 1 1 93 95 94
48 1 1 1 95 97 96
49 1 1 1 97 99 98
50 1 1 1 99 101 100
51 1 1 1 101 103 102
52 1 1 1 103 105 104
53 1 1 1 105 107 106
54 1 1 1 107 109 108
55 1 1 1 109 111 110
56 1 1 1 111 113 112
57 1 1 1 113 115 114
58 1 1 1 115 117 116
59 1 1 1 117 119 118
60 1 1 1 119 121 120
61 1 1 1 121 123 122
62 1 1 1 123 125 124
63 1 1 1 125 127 126
64 1 1 1 127 129 128
