1 1 1 1 1 5 2 3 4
2 1 1 1 5 9 6 7 8
3 1 1 1 9 13 10 11 12
4 1 1 1 13 17 14 15 16
5 1 1 1 17 21 18 19 20
6 1 1 1 21 25 22 23 24
7 1 1 1 25 29 26 27 28
8 1 1 1 29 33 30 31 32
9 1 1 1 33 37 34 35 36
10 1 1 1 37 41 38 39 40
11 1 1 1 41 45 42 43 44
12 1 1 1 45 49 46 47 48
13 1 1 1 49 53 50 51 52
14 1 1 1 53 57 54 55 56
15 1 1 1 57 61 58 59 60
16 1 1 1 61 65 62 63 64
17 1 1 1 65 69 66 67 68
18 1 1 1 69 73 70 71 72
19 1 1 1 73 77 74 75 76
20 1 1 1 77 81 78 79 80
21 1 1 1 81 85 82 83 84
22 1 1 1 85 89 86 87 88
23 1 1 1 89 93 90 91 92
24 1 1 1 93 97 94 95 96
25 1 1 1 97 101 98 99 100
26 1 1 1 101 105 102 103 104
27 1 1 1 105 109 106 107 108
28 1 1 1 109 113 110 111 112
29 1 1 1 113 117 114 115 116
30 1 1 1 117 121 118 119 120
31 1 1 1 121 125 122 123 124
32 1 1 1 125 129 126 127 128
33 1 1 1 129 133 130 131 132
34 1 1 1 133 137 134 135 136
35 1 1 1 137 141 138 139 140
36 1 1 1 141 145 142 143 144
37 1 1 1 145 149 146 147 148
38 1 1 1 149 153 150 151 152
39 1 1 1 153 157 154 155 156
40 1 1 1 157 161 158 159 160
41 1 1 1 161 165 162 163 164
42 1 1 1 165 169 166 167 168
43 1 1 1 169 173 170 171 172
44 1 1 1 173 177 174 175 176
45 1 1 1 177 181 178 179 180
46 1 1 1 181 185 182 183 184
47 1 1 1 185 189 186 187 188
48 1 1 1 189 193 190 191 192
49 1 1 1 193 197 194 195 196
50 1 1 1 197 201 198 199 200
51 1 1 1 201 205 202 203 204
52 1 1 1 205 209 206 207 208
53 1 1 1 209 213 210 211 212
54 1 1 1 213 217 214 215 216
55 1 1 1 217 221 218 219 220
56 1 1 1 221 225 222 223 224
57 1 1 1 225 229 226 227 228
58 1 1 1 229 233 230 231 232
59 1 1 1 233 237 234 235 236
60 1 1 1 237 241 238 239 240
61 1 1 1 241 245 242 243 244
62 1 1 1 245 249 246 247 248
63 1 1 1 249 253 250 251 252
64 1 1 1 253 257 254 255 256
65 1 1 1 257 261 258 259 260
66 1 1 1 261 265 262 263 264
67 1 1 1 265 269 266 267 268
68 1 1 1 269 273 270 271 272
69 1 1 1 273 277 274 275 276
70 1 1 1 277 281 278 279 280
71 1 1 1 281 285 282 283 284
72 1 1 1 285 289 286 287 288
73 1 1 1 289 293 290 291 292
74 1 1 1 293 297 294 295 296
75 1 1 1 297 301 298 299 300
76 1 1 1 301 305 302 303 304
77 1 1 1 305 309 306 307 308
78 1 1 1 309 313 310 311 312
79 1 1 1 313 317 314 315 316
80 1 1 1 317 321 318 319 320
81 1 1 1 321 325 322 323 324
82 1 1 1 325 329 326 327 328
83 1 1 1 329 333 330 331 332
84 1 1 1 333 337 334 335 336
85 1 1 1 337 341 338 339 340
86 1 1 1 341 345 342 343 344
87 1 1 1 345 349 346 347 348
88 1 1 1 349 353 350 351 352
89 1 1 1 353 357 354 355 356
90 1 1 1 357 361 358 359 360
91 1 1 1 361 365 362 363 364
92 1 1 1 365 369 366 367 368
93 1 1 1 369 373 370 371 372
94 1 1 1 373 377 374 375 376
95 1 1 1 377 381 378 379 380
96 1 1 1 381 385 382 383 384
97 1 1 1 385 389 386 387 388
98 1 1 1 389 393 390 391 392
99 1 1 1 393 397 394 395 396
100 1 1 1 397 401 398 399 400
101 1 1 1 401 405 402 403 404
102 1 1 1 405 409 406 407 408
103 1 1 1 409 413 410 411 412
104 1 1 1 413 417 414 415 416
105 1 1 1 417 421 418 419 420
106 1 1 1 421 425 422 423 424
107 1 1 1 425 429 426 427 428
108 1 1 1 429 433 430 431 432
109 1 1 1 433 437 434 435 436
110 1 1 1 437 441 438 439 440
111 1 1 1 441 445 442 443 444
112 1 1 1 445 449 446 447 448
113 1 1 1 449 453 450 451 452
114 1 1 1 453 457 454 455 456
115 1 1 1 457 461 458 459 460
116 1 1 1 461 465 462 463 464
117 1 1 1 465 469 466 467 468
118 1 1 1 469 473 470 471 472
119 1 1 1 473 477 474 475 476
120 1 1 1 477 481 478 479 480
121 1 1 1 481 485 482 483 484
122 1 1 1 485 489 486 487 488
123 1 1 1 489 493 490 491 492
124 1 1 1 493 497 494 495 496
125 1 1 1 497 501 498 499 500
126 1 1 1 501 505 502 503 504
127 1 1 1 505 509 506 507 508
128 1 1 1 509 513 510 511 512
129 1 1 1 513 517 514 515 516
130 1 1 1 517 521 518 519 520
131 1 1 1 521 525 522 523 524
132 1 1 1 525 529 526 527 528
133 1 1 1 529 533 530 531 532
134 1 1 1 533 537 534 535 536
135 1 1 1 537 541 538 539 540
136 1 1 1 541 545 542 543 544
137 1 1 1 545 549 546 547 548
138 1 1 1 549 553 550 551 552
139 1 1 1 553 557 554 555 556
140 1 1 1 557 561 558 559 560
141 1 1 1 561 565 562 563 564
142 1 1 1 565 569 566 567 568
143 1 1 1 569 573 570 571 572
144 1 1 1 573 577 574 575 576
145 1 1 1 577 581 578 579 580
146 1 1 1 581 585 582 583 584
147 1 1 1 585 589 586 587 588
148 1 1 1 589 593 590 591 592
149 1 1 1 593 597 594 595 596
150 1 1 1 597 601 598 599 600
151 1 1 1 601 605 602 603 604
152 1 1 1 605 609 606 607 608
153 1 1 1 609 613 610 611 612
154 1 1 1 613 617 614 615 616
155 1 1 1 617 621 618 619 620
156 1 1 1 621 625 622 623 624
157 1 1 1 625 629 626 627 628
158 1 1 1 629 633 630 631 632
159 1 1 1 633 637 634 635 636
160 1 1 1 637 641 638 639 640
161 1 1 1 641 645 642 643 644
162 1 1 1 645 649 646 647 648
163 1 1 1 649 653 650 651 652
164 1 1 1 653 657 654 655 656
165 1 1 1 657 661 658 659 660
166 1 1 1 661 665 662 663 664
167 1 1 1 665 669 666 667 668
168 1 1 1 669 673 670 671 672
169 1 1 1 673 677 674 675 676
170 1 1 1 677 681 678 679 680
171 1 1 1 681 685 682 683 684
172 1 1 1 685 689 686 687 688
173 1 1 1 689 693 690 691 692
174 1 1 1 693 697 694 695 696
175 1 1 1 697 701 698 699 700
176 1 1 1 701 705 702 703 704
177 1 1 1 705 709 706 707 708
178 1 1 1 709 713 710 711 712
179 1 1 1 713 717 714 715 716
180 1 1 1 717 721 718 719 720
181 1 1 1 721 725 722 723 724
182 1 1 1 725 729 726 727 728
183 1 1 1 729 733 730 731 732
184 1 1 1 733 737 734 735 736
185 1 1 1 737 741 738 739 740
186 1 1 1 741 745 742 743 744
187 1 1 1 745 749 746 747 748
188 1 1 1 749 753 750 751 752
189 1 1 1 753 757 754 755 756
190 1 1 1 757 761 758 759 760
191 1 1 1 761 765 762 763 764
192 1 1 1 765 769 766 767 768
193 1 1 1 769 773 770 771 772
194 1 1 1 773 777 774 775 776
195 1 1 1 777 781 778 779 780
196 1 1 1 781 785 782 783 784
197 1 1 1 785 789 786 787 788
198 1 1 1 789 793 790 791 792
199 1 1 1 793 797 794 795 796
200 1 1 1 797 801 798 799 800
201 1 1 1 801 805 802 803 804
202 1 1 1 805 809 806 807 808
203 1 1 1 809 813 810 811 812
204 1 1 1 813 817 814 815 816
205 1 1 1 817 821 818 819 820
206 1 1 1 821 825 822 823 824
207 1 1 1 825 829 826 827 828
208 1 1 1 829 833 830 831 832
209 1 1 1 833 837 834 835 836
210 1 1 1 837 841 838 839 840
211 1 1 1 841 845 842 843 844
212 1 1 1 845 849 846 847 848
213 1 1 1 849 853 850 851 852
214 1 1 1 853 857 854 855 856
215 1 1 1 857 861 858 859 860
216 1 1 1 861 865 862 863 864
217 1 1 1 865 869 866 867 868
218 1 1 1 869 873 870 871 872
219 1 1 1 873 877 874 875 876
220 1 1 1 877 881 878 879 880
221 1 1 1 881 885 882 883 884
222 1 1 1 885 889 886 887 888
223 1 1 1 889 893 890 891 892
224 1 1 1 893 897 894 895 896
225 1 1 1 897 901 898 899 900
226 1 1 1 901 905 902 903 904
227 1 1 1 905 909 906 907 908
228 1 1 1 909 913 910 911 912
229 1 1 1 913 917 914 915 916
230 1 1 1 917 921 918 919 920
231 1 1 1 921 925 922 923 924
232 1 1 1 925 929 926 927 928
233 1 1 1 929 933 930 931 932
234 1 1 1 933 937 934 935 936
235 1 1 1 937 941 938 939 940
236 1 1 1 941 945 942 943 944
237 1 1 1 945 949 946 947 948
238 1 1 1 949 953 950 951 952
239 1 1 1 953 957 954 955 956
240 1 1 1 957 961 958 959 960
241 1 1 1 961 965 962 963 964
242 1 1 1 965 969 966 967 968
243 1 1 1 969 973 970 971 972
244 1 1 1 973 977 974 975 976
245 1 1 1 977 981 978 979 980
246 1 1 1 981 985 982 983 984
247 1 1 1 985 989 986 987 988
248 1 1 1 989 993 990 991 992
249 1 1 1 993 997 994 995 996
250 1 1 1 997 1001 998 999 1000
251 1 1 1 1001 1005 1002 1003 1004
252 1 1 1 1005 1009 1006 1007 1008
253 1 1 1 1009 1013 1010 1011 1012
254 1 1 1 1013 1017 1014 1015 1016
255 1 1 1 1017 1021 1018 1019 1020
256 1 1 1 1021 1025 1022 1023 1024
257 1 1 1 1025 1029 1026 1027 1028
258 1 1 1 1029 1033 1030 1031 1032
259 1 1 1 1033 1037 1034 1035 1036
260 1 1 1 1037 1041 1038 1039 1040
261 1 1 1 1041 1045 1042 1043 1044
262 1 1 1 1045 1049 1046 1047 1048
263 1 1 1 1049 1053 1050 1051 1052
264 1 1 1 1053 1057 1054 1055 1056
265 1 1 1 1057 1061 1058 1059 1060
266 1 1 1 1061 1065 1062 1063 1064
267 1 1 1 1065 1069 1066 1067 1068
268 1 1 1 1069 1073 1070 1071 1072
269 1 1 1 1073 1077 1074 1075 1076
270 1 1 1 1077 1081 1078 1079 1080
271 1 1 1 1081 1085 1082 1083 1084
272 1 1 1 1085 1089 1086 1087 1088
273 1 1 1 1089 1093 1090 1091 1092
274 1 1 1 1093 1097 1094 1095 1096
275 1 1 1 1097 1101 1098 1099 1100
276 1 1 1 1101 1105 1102 1103 1104
277 1 1 1 1105 1109 1106 1107 1108
278 1 1 1 1109 1113 1110 1111 1112
279 1 1 1 1113 1117 1114 1115 1116
280 1 1 1 1117 1121 1118 1119 1120
281 1 1 1 1121 1125 1122 1123 1124
282 1 1 1 1125 1129 1126 1127 1128
283 1 1 1 1129 1133 1130 1131 1132
284 1 1 1 1133 1137 1134 1135 1136
285 1 1 1 1137 1141 1138 1139 1140
286 1 1 1 1141 1145 1142 1143 1144
287 1 1 1 1145 1149 1146 1147 1148
288 1 1 1 1149 1153 1150 1151 1152
289 1 1 1 1153 1157 1154 1155 1156
290 1 1 1 1157 1161 1158 1159 1160
291 1 1 1 1161 1165 1162 1163 1164
292 1 1 1 1165 1169 1166 1167 1168
293 1 1 1 1169 1173 1170 1171 1172
294 1 1 1 1173 1177 1174 1175 1176
295 1 1 1 1177 1181 1178 1179 1180
296 1 1 1 1181 1185 1182 1183 1184
297 1 1 1 1185 1189 1186 1187 1188
298 1 1 1 1189 1193 1190 1191 1192
299 1 1 1 1193 1197 1194 1195 1196
300 1 1 1 1197 1201 1198 1199 1200
301 1 1 1 1201 1205 1202 1203 1204
302 1 1 1 1205 1209 1206 1207 1208
303 1 1 1 1209 1213 1210 1211 1212
304 1 1 1 1213 1217 1214 1215 1216
305 1 1 1 1217 1221 1218 1219 1220
306 1 1 1 1221 1225 1222 1223 1224
307 1 1 1 1225 1229 1226 1227 1228
308 1 1 1 1229 1233 1230 1231 1232
309 1 1 1 1233 1237 1234 1235 1236
310 1 1 1 1237 1241 1238 1239 1240
311 1 1 1 1241 1245 1242 1243 1244
312 1 1 1 1245 1249 1246 1247 1248
313 1 1 1 1249 1253 1250 1251 1252
314 1 1 1 1253 1257 1254 1255 1256
315 1 1 1 1257 1261 1258 1259 1260
316 1 1 1 1261 1265 1262 1263 1264
317 1 1 1 1265 1269 1266 1267 1268
318 1 1 1 1269 1273 1270 1271 1272
319 1 1 1 1273 1277 1274 1275 1276
320 1 1 1 1277 1281 1278 1279 1280
321 1 1 1 1281 1285 1282 1283 1284
322 1 1 1 1285 1289 1286 1287 1288
323 1 1 1 1289 1293 1290 1291 1292
324 1 1 1 1293 1297 1294 1295 1296
325 1 1 1 1297 1301 1298 1299 1300
326 1 1 1 1301 1305 1302 1303 1304
327 1 1 1 1305 1309 1306 1307 1308
328 1 1 1 1309 1313 1310 1311 1312
329 1 1 1 1313 1317 1314 1315 1316
330 1 1 1 1317 1321 1318 1319 1320
331 1 1 1 1321 1325 1322 1323 1324
332 1 1 1 1325 1329 1326 1327 1328
333 1 1 1 1329 1333 1330 1331 1332
334 1 1 1 1333 1337 1334 1335 1336
335 1 1 1 1337 1341 1338 1339 1340
336 1 1 1 1341 1345 1342 1343 1344
337 1 1 1 1345 1349 1346 1347 1348
338 1 1 1 1349 1353 1350 1351 1352
339 1 1 1 1353 1357 1354 1355 1356
340 1 1 1 1357 1361 1358 1359 1360
341 1 1 1 1361 1365 1362 1363 1364
342 1 1 1 1365 1369 1366 1367 1368
343 1 1 1 1369 1373 1370 1371 1372
344 1 1 1 1373 1377 1374 1375 1376
345 1 1 1 1377 1381 1378 1379 1380
346 1 1 1 1381 1385 1382 1383 1384
347 1 1 1 1385 1389 1386 1387 1388
348 1 1 1 1389 1393 1390 1391 1392
349 1 1 1 1393 1397 1394 1395 1396
350 1 1 1 1397 1401 1398 1399 1400
351 1 1 1 1401 1405 1402 1403 1404
352 1 1 1 1405 1409 1406 1407 1408
353 1 1 1 1409 1413 1410 1411 1412
354 1 1 1 1413 1417 1414 1415 1416
355 1 1 1 1417 1421 1418 1419 1420
356 1 1 1 1421 1425 1422 1423 1424
357 1 1 1 1425 1429 1426 1427 1428
358 1 1 1 1429 1433 1430 1431 1432
359 1 1 1 1433 1437 1434 1435 1436
360 1 1 1 1437 1441 1438 1439 1440
361 1 1 1 1441 1445 1442 1443 1444
362 1 1 1 1445 1449 1446 1447 1448
363 1 1 1 1449 1453 1450 1451 1452
364 1 1 1 1453 1457 1454 1455 1456
365 1 1 1 1457 1461 1458 1459 1460
366 1 1 1 1461 1465 1462 1463 1464
367 1 1 1 1465 1469 1466 1467 1468
368 1 1 1 1469 1473 1470 1471 1472
369 1 1 1 1473 1477 1474 1475 1476
370 1 1 1 1477 1481 1478 1479 1480
371 1 1 1 1481 1485 1482 1483 1484
372 1 1 1 1485 1489 1486 1487 1488
373 1 1 1 1489 1493 1490 1491 1492
374 1 1 1 1493 1497 1494 1495 1496
375 1 1 1 1497 1501 1498 1499 1500
376 1 1 1 1501 1505 1502 1503 1504
377 1 1 1 1505 1509 1506 1507 1508
378 1 1 1 1509 1513 1510 1511 1512
379 1 1 1 1513 1517 1514 1515 1516
380 1 1 1 1517 1521 1518 1519 1520
381 1 1 1 1521 1525 1522 1523 1524
382 1 1 1 1525 1529 1526 1527 1528
383 1 1 1 1529 1533 1530 1531 1532
384 1 1 1 1533 1537 1534 1535 1536
385 1 1 1 1537 1541 1538 1539 1540
386 1 1 1 1541 1545 1542 1543 1544
387 1 1 1 1545 1549 1546 1547 1548
388 1 1 1 1549 1553 1550 1551 1552
389 1 1 1 1553 1557 1554 1555 1556
390 1 1 1 1557 1561 1558 1559 1560
391 1 1 1 1561 1565 1562 1563 1564
392 1 1 1 1565 1569 1566 1567 1568
393 1 1 1 1569 1573 1570 1571 1572
394 1 1 1 1573 1577 1574 1575 1576
395 1 1 1 1577 1581 1578 1579 1580
396 1 1 1 1581 1585 1582 1583 1584
397 1 1 1 1585 1589 1586 1587 1588
398 1 1 1 1589 1593 1590 1591 1592
399 1 1 1 1593 1597 1594 1595 1596
400 1 1 1 1597 1601 1598 1599 1600
401 1 1 1 1601 1605 1602 1603 1604
402 1 1 1 1605 1609 1606 1607 1608
403 1 1 1 1609 1613 1610 1611 1612
404 1 1 1 1613 1617 1614 1615 1616
405 1 1 1 1617 1621 1618 1619 1620
406 1 1 1 1621 1625 1622 1623 1624
407 1 1 1 1625 1629 1626 1627 1628
408 1 1 1 1629 1633 1630 1631 1632
409 1 1 1 1633 1637 1634 1635 1636
410 1 1 1 1637 1641 1638 1639 1640
411 1 1 1 1641 1645 1642 1643 1644
412 1 1 1 1645 1649 1646 1647 1648
413 1 1 1 1649 1653 1650 1651 1652
414 1 1 1 1653 1657 1654 1655 1656
415 1 1 1 1657 1661 1658 1659 1660
416 1 1 1 1661 1665 1662 1663 1664
417 1 1 1 1665 1669 1666 1667 1668
418 1 1 1 1669 1673 1670 1671 1672
419 1 1 1 1673 1677 1674 1675 1676
420 1 1 1 1677 1681 1678 1679 1680
421 1 1 1 1681 1685 1682 1683 1684
422 1 1 1 1685 1689 1686 1687 1688
423 1 1 1 1689 1693 1690 1691 1692
424 1 1 1 1693 1697 1694 1695 1696
425 1 1 1 1697 1701 1698 1699 1700
426 1 1 1 1701 1705 1702 1703 1704
427 1 1 1 1705 1709 1706 1707 1708
428 1 1 1 1709 1713 1710 1711 1712
429 1 1 1 1713 1717 1714 1715 1716
430 1 1 1 1717 1721 1718 1719 1720
431 1 1 1 1721 1725 1722 1723 1724
432 1 1 1 1725 1729 1726 1727 1728
433 1 1 1 1729 1733 1730 1731 1732
434 1 1 1 1733 1737 1734 1735 1736
435 1 1 1 1737 1741 1738 1739 1740
436 1 1 1 1741 1745 1742 1743 1744
437 1 1 1 1745 1749 1746 1747 1748
438 1 1 1 1749 1753 1750 1751 1752
439 1 1 1 1753 1757 1754 1755 1756
440 1 1 1 1757 1761 1758 1759 1760
441 1 1 1 1761 1765 1762 1763 1764
442 1 1 1 1765 1769 1766 1767 1768
443 1 1 1 1769 1773 1770 1771 1772
444 1 1 1 1773 1777 1774 1775 1776
445 1 1 1 1777 1781 1778 1779 1780
446 1 1 1 1781 1785 1782 1783 1784
447 1 1 1 1785 1789 1786 1787 1788
448 1 1 1 1789 1793 1790 1791 1792
449 1 1 1 1793 1797 1794 1795 1796
450 1 1 1 1797 1801 1798 1799 1800
451 1 1 1 1801 1805 1802 1803 1804
452 1 1 1 1805 1809 1806 1807 1808
453 1 1 1 1809 1813 1810 1811 1812
454 1 1 1 1813 1817 1814 1815 1816
455 1 1 1 1817 1821 1818 1819 1820
456 1 1 1 1821 1825 1822 1823 1824
457 1 1 1 1825 1829 1826 1827 1828
458 1 1 1 1829 1833 1830 1831 1832
459 1 1 1 1833 1837 1834 1835 1836
460 1 1 1 1837 1841 1838 1839 1840
461 1 1 1 1841 1845 1842 1843 1844
462 1 1 1 1845 1849 1846 1847 1848
463 1 1 1 1849 1853 1850 1851 1852
464 1 1 1 1853 1857 1854 1855 1856
465 1 1 1 1857 1861 1858 1859 1860
466 1 1 1 1861 1865 1862 1863 1864
467 1 1 1 1865 1869 1866 1867 1868
468 1 1 1 1869 1873 1870 1871 1872
469 1 1 1 1873 1877 1874 1875 1876
470 1 1 1 1877 1881 1878 1879 1880
471 1 1 1 1881 1885 1882 1883 1884
472 1 1 1 1885 1889 1886 1887 1888
473 1 1 1 1889 1893 1890 1891 1892
474 1 1 1 1893 1897 1894 1895 1896
475 1 1 1 1897 1901 1898 1899 1900
476 1 1 1 1901 1905 1902 1903 1904
477 1 1 1 1905 1909 1906 1907 1908
478 1 1 1 1909 1913 1910 1911 1912
479 1 1 1 1913 1917 1914 1915 1916
480 1 1 1 1917 1921 1918 1919 1920
481 1 1 1 1921 1925 1922 1923 1924
482 1 1 1 1925 1929 1926 1927 1928
483 1 1 1 1929 1933 1930 1931 1932
484 1 1 1 1933 1937 1934 1935 1936
485 1 1 1 1937 1941 1938 1939 1940
486 1 1 1 1941 1945 1942 1943 1944
487 1 1 1 1945 1949 1946 1947 1948
488 1 1 1 1949 1953 1950 1951 1952
489 1 1 1 1953 1957 1954 1955 1956
490 1 1 1 1957 1961 1958 1959 1960
491 1 1 1 1961 1965 1962 1963 1964
492 1 1 1 1965 1969 1966 1967 1968
493 1 1 1 1969 1973 1970 1971 1972
494 1 1 1 1973 1977 1974 1975 1976
495 1 1 1 1977 1981 1978 1979 1980
496 1 1 1 1981 1985 1982 1983 1984
497 1 1 1 1985 1989 1986 1987 1988
498 1 1 1 1989 1993 1990 1991 1992
499 1 1 1 1993 1997 1994 1995 1996
500 1 1 1 1997 2001 1998 1999 2000
501 1 1 1 2001 2005 2002 2003 2004
502 1 1 1 2005 2009 2006 2007 2008
503 1 1 1 2009 2013 2010 2011 2012
504 1 1 1 2013 2017 2014 2015 2016
505 1 1 1 2017 2021 2018 2019 2020
506 1 1 1 2021 2025 2022 2023 2024
507 1 1 1 2025 2029 2026 2027 2028
508 1 1 1 2029 2033 2030 2031 2032
509 1 1 1 2033 2037 2034 2035 2036
510 1 1 1 2037 2041 2038 2039 2040
511 1 1 1 2041 2045 2042 2043 2044
512 1 1 1 2045 2049 2046 2047 2048
513 1 1 1 2049 2053 2050 2051 2052
514 1 1 1 2053 2057 2054 2055 2056
515 1 1 1 2057 2061 2058 2059 2060
516 1 1 1 2061 2065 2062 2063 2064
517 1 1 1 2065 2069 2066 2067 2068
518 1 1 1 2069 2073 2070 2071 2072
519 1 1 1 2073 2077 2074 2075 2076
520 1 1 1 2077 2081 2078 2079 2080
521 1 1 1 2081 2085 2082 2083 2084
522 1 1 1 2085 2089 2086 2087 2088
523 1 1 1 2089 2093 2090 2091 2092
524 1 1 1 2093 2097 2094 2095 2096
525 1 1 1 2097 2101 2098 2099 2100
526 1 1 1 2101 2105 2102 2103 2104
527 1 1 1 2105 2109 2106 2107 2108
528 1 1 1 2109 2113 2110 2111 2112
529 1 1 1 2113 2117 2114 2115 2116
530 1 1 1 2117 2121 2118 2119 2120
531 1 1 1 2121 2125 2122 2123 2124
532 1 1 1 2125 2129 2126 2127 2128
533 1 1 1 2129 2133 2130 2131 2132
534 1 1 1 2133 2137 2134 2135 2136
535 1 1 1 2137 2141 2138 2139 2140
536 1 1 1 2141 2145 2142 2143 2144
537 1 1 1 2145 2149 2146 2147 2148
538 1 1 1 2149 2153 2150 2151 2152
539 1 1 1 2153 2157 2154 2155 2156
540 1 1 1 2157 2161 2158 2159 2160
541 1 1 1 2161 2165 2162 2163 2164
542 1 1 1 2165 2169 2166 2167 2168
543 1 1 1 2169 2173 2170 2171 2172
544 1 1 1 2173 2177 2174 2175 2176
545 1 1 1 2177 2181 2178 2179 2180
546 1 1 1 2181 2185 2182 2183 2184
547 1 1 1 2185 2189 2186 2187 2188
548 1 1 1 2189 2193 2190 2191 2192
549 1 1 1 2193 2197 2194 2195 2196
550 1 1 1 2197 2201 2198 2199 2200
551 1 1 1 2201 2205 2202 2203 2204
552 1 1 1 2205 2209 2206 2207 2208
553 1 1 1 2209 2213 2210 2211 2212
554 1 1 1 2213 2217 2214 2215 2216
555 1 1 1 2217 2221 2218 2219 2220
556 1 1 1 2221 2225 2222 2223 2224
557 1 1 1 2225 2229 2226 2227 2228
558 1 1 1 2229 2233 2230 2231 2232
559 1 1 1 2233 2237 2234 2235 2236
560 1 1 1 2237 2241 2238 2239 2240
561 1 1 1 2241 2245 2242 2243 2244
562 1 1 1 2245 2249 2246 2247 2248
563 1 1 1 2249 2253 2250 2251 2252
564 1 1 1 2253 2257 2254 2255 2256
565 1 1 1 2257 2261 2258 2259 2260
566 1 1 1 2261 2265 2262 2263 2264
567 1 1 1 2265 2269 2266 2267 2268
568 1 1 1 2269 2273 2270 2271 2272
569 1 1 1 2273 2277 2274 2275 2276
570 1 1 1 2277 2281 2278 2279 2280
571 1 1 1 2281 2285 2282 2283 2284
572 1 1 1 2285 2289 2286 2287 2288
573 1 1 1 2289 2293 2290 2291 2292
574 1 1 1 2293 2297 2294 2295 2296
575 1 1 1 2297 2301 2298 2299 2300
576 1 1 1 2301 2305 2302 2303 2304
577 1 1 1 2305 2309 2306 2307 2308
578 1 1 1 2309 2313 2310 2311 2312
579 1 1 1 2313 2317 2314 2315 2316
580 1 1 1 2317 2321 2318 2319 2320
581 1 1 1 2321 2325 2322 2323 2324
582 1 1 1 2325 2329 2326 2327 2328
583 1 1 1 2329 2333 2330 2331 2332
584 1 1 1 2333 2337 2334 2335 2336
585 1 1 1 2337 2341 2338 2339 2340
586 1 1 1 2341 2345 2342 2343 2344
587 1 1 1 2345 2349 2346 2347 2348
588 1 1 1 2349 2353 2350 2351 2352
589 1 1 1 2353 2357 2354 2355 2356
590 1 1 1 2357 2361 2358 2359 2360
591 1 1 1 2361 2365 2362 2363 2364
592 1 1 1 2365 2369 2366 2367 2368
593 1 1 1 2369 2373 2370 2371 2372
594 1 1 1 2373 2377 2374 2375 2376
595 1 1 1 2377 2381 2378 2379 2380
596 1 1 1 2381 2385 2382 2383 2384
597 1 1 1 2385 2389 2386 2387 2388
598 1 1 1 2389 2393 2390 2391 2392
599 1 1 1 2393 2397 2394 2395 2396
600 1 1 1 2397 2401 2398 2399 2400
601 1 1 1 2401 2405 2402 2403 2404
602 1 1 1 2405 2409 2406 2407 2408
603 1 1 1 2409 2413 2410 2411 2412
604 1 1 1 2413 2417 2414 2415 2416
605 1 1 1 2417 2421 2418 2419 2420
606 1 1 1 2421 2425 2422 2423 2424
607 1 1 1 2425 2429 2426 2427 2428
608 1 1 1 2429 2433 2430 2431 2432
609 1 1 1 2433 2437 2434 2435 2436
610 1 1 1 2437 2441 2438 2439 2440
611 1 1 1 2441 2445 2442 2443 2444
612 1 1 1 2445 2449 2446 2447 2448
613 1 1 1 2449 2453 2450 2451 2452
614 1 1 1 2453 2457 2454 2455 2456
615 1 1 1 2457 2461 2458 2459 2460
616 1 1 1 2461 2465 2462 2463 2464
617 1 1 1 2465 2469 2466 2467 2468
618 1 1 1 2469 2473 2470 2471 2472
619 1 1 1 2473 2477 2474 2475 2476
620 1 1 1 2477 2481 2478 2479 2480
621 1 1 1 2481 2485 2482 2483 2484
622 1 1 1 2485 2489 2486 2487 2488
623 1 1 1 2489 2493 2490 2491 2492
624 1 1 1 2493 2497 2494 2495 2496
625 1 1 1 2497 2501 2498 2499 2500
626 1 1 1 2501 2505 2502 2503 2504
627 1 1 1 2505 2509 2506 2507 2508
628 1 1 1 2509 2513 2510 2511 2512
629 1 1 1 2513 2517 2514 2515 2516
630 1 1 1 2517 2521 2518 2519 2520
631 1 1 1 2521 2525 2522 2523 2524
632 1 1 1 2525 2529 2526 2527 2528
633 1 1 1 2529 2533 2530 2531 2532
634 1 1 1 2533 2537 2534 2535 2536
635 1 1 1 2537 2541 2538 2539 2540
636 1 1 1 2541 2545 2542 2543 2544
637 1 1 1 2545 2549 2546 2547 2548
638 1 1 1 2549 2553 2550 2551 2552
639 1 1 1 2553 2557 2554 2555 2556
640 1 1 1 2557 2561 2558 2559 2560
641 1 1 1 2561 2565 2562 2563 2564
642 1 1 1 2565 2569 2566 2567 2568
643 1 1 1 2569 2573 2570 2571 2572
644 1 1 1 2573 2577 2574 2575 2576
645 1 1 1 2577 2581 2578 2579 2580
646 1 1 1 2581 2585 2582 2583 2584
647 1 1 1 2585 2589 2586 2587 2588
648 1 1 1 2589 2593 2590 2591 2592
649 1 1 1 2593 2597 2594 2595 2596
650 1 1 1 2597 2601 2598 2599 2600
651 1 1 1 2601 2605 2602 2603 2604
652 1 1 1 2605 2609 2606 2607 2608
653 1 1 1 2609 2613 2610 2611 2612
654 1 1 1 2613 2617 2614 2615 2616
655 1 1 1 2617 2621 2618 2619 2620
656 1 1 1 2621 2625 2622 2623 2624
657 1 1 1 2625 2629 2626 2627 2628
658 1 1 1 2629 2633 2630 2631 2632
659 1 1 1 2633 2637 2634 2635 2636
660 1 1 1 2637 2641 2638 2639 2640
661 1 1 1 2641 2645 2642 2643 2644
662 1 1 1 2645 2649 2646 2647 2648
663 1 1 1 2649 2653 2650 2651 2652
664 1 1 1 2653 2657 2654 2655 2656
665 1 1 1 2657 2661 2658 2659 2660
666 1 1 1 2661 2665 2662 2663 2664
667 1 1 1 2665 2669 2666 2667 2668
668 1 1 1 2669 2673 2670 2671 2672
669 1 1 1 2673 2677 2674 2675 2676
670 1 1 1 2677 2681 2678 2679 2680
671 1 1 1 2681 2685 2682 2683 2684
672 1 1 1 2685 2689 2686 2687 2688
673 1 1 1 2689 2693 2690 2691 2692
674 1 1 1 2693 2697 2694 2695 2696
675 1 1 1 2697 2701 2698 2699 2700
676 1 1 1 2701 2705 2702 2703 2704
677 1 1 1 2705 2709 2706 2707 2708
678 1 1 1 2709 2713 2710 2711 2712
679 1 1 1 2713 2717 2714 2715 2716
680 1 1 1 2717 2721 2718 2719 2720
681 1 1 1 2721 2725 2722 2723 2724
682 1 1 1 2725 2729 2726 2727 2728
683 1 1 1 2729 2733 2730 2731 2732
684 1 1 1 2733 2737 2734 2735 2736
685 1 1 1 2737 2741 2738 2739 2740
686 1 1 1 2741 2745 2742 2743 2744
687 1 1 1 2745 2749 2746 2747 2748
688 1 1 1 2749 2753 2750 2751 2752
689 1 1 1 2753 2757 2754 2755 2756
690 1 1 1 2757 2761 2758 2759 2760
691 1 1 1 2761 2765 2762 2763 2764
692 1 1 1 2765 2769 2766 2767 2768
693 1 1 1 2769 2773 2770 2771 2772
694 1 1 1 2773 2777 2774 2775 2776
695 1 1 1 2777 2781 2778 2779 2780
696 1 1 1 2781 2785 2782 2783 2784
697 1 1 1 2785 2789 2786 2787 2788
698 1 1 1 2789 2793 2790 2791 2792
699 1 1 1 2793 2797 2794 2795 2796
700 1 1 1 2797 2801 2798 2799 2800
701 1 1 1 2801 2805 2802 2803 2804
702 1 1 1 2805 2809 2806 2807 2808
703 1 1 1 2809 2813 2810 2811 2812
704 1 1 1 2813 2817 2814 2815 2816
705 1 1 1 2817 2821 2818 2819 2820
706 1 1 1 2821 2825 2822 2823 2824
707 1 1 1 2825 2829 2826 2827 2828
708 1 1 1 2829 2833 2830 2831 2832
709 1 1 1 2833 2837 2834 2835 2836
710 1 1 1 2837 2841 2838 2839 2840
711 1 1 1 2841 2845 2842 2843 2844
712 1 1 1 2845 2849 2846 2847 2848
713 1 1 1 2849 2853 2850 2851 2852
714 1 1 1 2853 2857 2854 2855 2856
715 1 1 1 2857 2861 2858 2859 2860
716 1 1 1 2861 2865 2862 2863 2864
717 1 1 1 2865 2869 2866 2867 2868
718 1 1 1 2869 2873 2870 2871 2872
719 1 1 1 2873 2877 2874 2875 2876
720 1 1 1 2877 2881 2878 2879 2880
721 1 1 1 2881 2885 2882 2883 2884
722 1 1 1 2885 2889 2886 2887 2888
723 1 1 1 2889 2893 2890 2891 2892
724 1 1 1 2893 2897 2894 2895 2896
725 1 1 1 2897 2901 2898 2899 2900
726 1 1 1 2901 2905 2902 2903 2904
727 1 1 1 2905 2909 2906 2907 2908
728 1 1 1 2909 2913 2910 2911 2912
729 1 1 1 2913 2917 2914 2915 2916
730 1 1 1 2917 2921 2918 2919 2920
731 1 1 1 2921 2925 2922 2923 2924
732 1 1 1 2925 2929 2926 2927 2928
733 1 1 1 2929 2933 2930 2931 2932
734 1 1 1 2933 2937 2934 2935 2936
735 1 1 1 2937 2941 2938 2939 2940
736 1 1 1 2941 2945 2942 2943 2944
737 1 1 1 2945 2949 2946 2947 2948
738 1 1 1 2949 2953 2950 2951 2952
739 1 1 1 2953 2957 2954 2955 2956
740 1 1 1 2957 2961 2958 2959 2960
741 1 1 1 2961 2965 2962 2963 2964
742 1 1 1 2965 2969 2966 2967 2968
743 1 1 1 2969 2973 2970 2971 2972
744 1 1 1 2973 2977 2974 2975 2976
745 1 1 1 2977 2981 2978 2979 2980
746 1 1 1 2981 2985 2982 2983 2984
747 1 1 1 2985 2989 2986 2987 2988
748 1 1 1 2989 2993 2990 2991 2992
749 1 1 1 2993 2997 2994 2995 2996
750 1 1 1 2997 3001 2998 2999 3000
751 1 1 1 3001 3005 3002 3003 3004
752 1 1 1 3005 3009 3006 3007 3008
753 1 1 1 3009 3013 3010 3011 3012
754 1 1 1 3013 3017 3014 3015 3016
755 1 1 1 3017 3021 3018 3019 3020
756 1 1 1 3021 3025 3022 3023 3024
757 1 1 1 3025 3029 3026 3027 3028
758 1 1 1 3029 3033 3030 3031 3032
759 1 1 1 3033 3037 3034 3035 3036
760 1 1 1 3037 3041 3038 3039 3040
761 1 1 1 3041 3045 3042 3043 3044
762 1 1 1 3045 3049 3046 3047 3048
763 1 1 1 3049 3053 3050 3051 3052
764 1 1 1 3053 3057 3054 3055 3056
765 1 1 1 3057 3061 3058 3059 3060
766 1 1 1 3061 3065 3062 3063 3064
767 1 1 1 3065 3069 3066 3067 3068
768 1 1 1 3069 3073 3070 3071 3072
769 1 1 1 3073 3077 3074 3075 3076
770 1 1 1 3077 3081 3078 3079 3080
771 1 1 1 3081 3085 3082 3083 3084
772 1 1 1 3085 3089 3086 3087 3088
773 1 1 1 3089 3093 3090 3091 3092
774 1 1 1 3093 3097 3094 3095 3096
775 1 1 1 3097 3101 3098 3099 3100
776 1 1 1 3101 3105 3102 3103 3104
777 1 1 1 3105 3109 3106 3107 3108
778 1 1 1 3109 3113 3110 3111 3112
779 1 1 1 3113 3117 3114 3115 3116
780 1 1 1 3117 3121 3118 3119 3120
781 1 1 1 3121 3125 3122 3123 3124
782 1 1 1 3125 3129 3126 3127 3128
783 1 1 1 3129 3133 3130 3131 3132
784 1 1 1 3133 3137 3134 3135 3136
785 1 1 1 3137 3141 3138 3139 3140
786 1 1 1 3141 3145 3142 3143 3144
787 1 1 1 3145 3149 3146 3147 3148
788 1 1 1 3149 3153 3150 3151 3152
789 1 1 1 3153 3157 3154 3155 3156
790 1 1 1 3157 3161 3158 3159 3160
791 1 1 1 3161 3165 3162 3163 3164
792 1 1 1 3165 3169 3166 3167 3168
793 1 1 1 3169 3173 3170 3171 3172
794 1 1 1 3173 3177 3174 3175 3176
795 1 1 1 3177 3181 3178 3179 3180
796 1 1 1 3181 3185 3182 3183 3184
797 1 1 1 3185 3189 3186 3187 3188
798 1 1 1 3189 3193 3190 3191 3192
799 1 1 1 3193 3197 3194 3195 3196
800 1 1 1 3197 3201 3198 3199 3200
801 1 1 1 3201 3205 3202 3203 3204
802 1 1 1 3205 3209 3206 3207 3208
803 1 1 1 3209 3213 3210 3211 3212
804 1 1 1 3213 3217 3214 3215 3216
805 1 1 1 3217 3221 3218 3219 3220
806 1 1 1 3221 3225 3222 3223 3224
807 1 1 1 3225 3229 3226 3227 3228
808 1 1 1 3229 3233 3230 3231 3232
809 1 1 1 3233 3237 3234 3235 3236
810 1 1 1 3237 3241 3238 3239 3240
811 1 1 1 3241 3245 3242 3243 3244
812 1 1 1 3245 3249 3246 3247 3248
813 1 1 1 3249 3253 3250 3251 3252
814 1 1 1 3253 3257 3254 3255 3256
815 1 1 1 3257 3261 3258 3259 3260
816 1 1 1 3261 3265 3262 3263 3264
817 1 1 1 3265 3269 3266 3267 3268
818 1 1 1 3269 3273 3270 3271 3272
819 1 1 1 3273 3277 3274 3275 3276
820 1 1 1 3277 3281 3278 3279 3280
821 1 1 1 3281 3285 3282 3283 3284
822 1 1 1 3285 3289 3286 3287 3288
823 1 1 1 3289 3293 3290 3291 3292
824 1 1 1 3293 3297 3294 3295 3296
825 1 1 1 3297 3301 3298 3299 3300
826 1 1 1 3301 3305 3302 3303 3304
827 1 1 1 3305 3309 3306 3307 3308
828 1 1 1 3309 3313 3310 3311 3312
829 1 1 1 3313 3317 3314 3315 3316
830 1 1 1 3317 3321 3318 3319 3320
831 1 1 1 3321 3325 3322 3323 3324
832 1 1 1 3325 3329 3326 3327 3328
833 1 1 1 3329 3333 3330 3331 3332
834 1 1 1 3333 3337 3334 3335 3336
835 1 1 1 3337 3341 3338 3339 3340
836 1 1 1 3341 3345 3342 3343 3344
837 1 1 1 3345 3349 3346 3347 3348
838 1 1 1 3349 3353 3350 3351 3352
839 1 1 1 3353 3357 3354 3355 3356
840 1 1 1 3357 3361 3358 3359 3360
841 1 1 1 3361 3365 3362 3363 3364
842 1 1 1 3365 3369 3366 3367 3368
843 1 1 1 3369 3373 3370 3371 3372
844 1 1 1 3373 3377 3374 3375 3376
845 1 1 1 3377 3381 3378 3379 3380
846 1 1 1 3381 3385 3382 3383 3384
847 1 1 1 3385 3389 3386 3387 3388
848 1 1 1 3389 3393 3390 3391 3392
849 1 1 1 3393 3397 3394 3395 3396
850 1 1 1 3397 3401 3398 3399 3400
851 1 1 1 3401 3405 3402 3403 3404
852 1 1 1 3405 3409 3406 3407 3408
853 1 1 1 3409 3413 3410 3411 3412
854 1 1 1 3413 3417 3414 3415 3416
855 1 1 1 3417 3421 3418 3419 3420
856 1 1 1 3421 3425 3422 3423 3424
857 1 1 1 3425 3429 3426 3427 3428
858 1 1 1 3429 3433 3430 3431 3432
859 1 1 1 3433 3437 3434 3435 3436
860 1 1 1 3437 3441 3438 3439 3440
861 1 1 1 3441 3445 3442 3443 3444
862 1 1 1 3445 3449 3446 3447 3448
863 1 1 1 3449 3453 3450 3451 3452
864 1 1 1 3453 3457 3454 3455 3456
865 1 1 1 3457 3461 3458 3459 3460
866 1 1 1 3461 3465 3462 3463 3464
867 1 1 1 3465 3469 3466 3467 3468
868 1 1 1 3469 3473 3470 3471 3472
869 1 1 1 3473 3477 3474 3475 3476
870 1 1 1 3477 3481 3478 3479 3480
871 1 1 1 3481 3485 3482 3483 3484
872 1 1 1 3485 3489 3486 3487 3488
873 1 1 1 3489 3493 3490 3491 3492
874 1 1 1 3493 3497 3494 3495 3496
875 1 1 1 3497 3501 3498 3499 3500
876 1 1 1 3501 3505 3502 3503 3504
877 1 1 1 3505 3509 3506 3507 3508
878 1 1 1 3509 3513 3510 3511 3512
879 1 1 1 3513 3517 3514 3515 3516
880 1 1 1 3517 3521 3518 3519 3520
881 1 1 1 3521 3525 3522 3523 3524
882 1 1 1 3525 3529 3526 3527 3528
883 1 1 1 3529 3533 3530 3531 3532
884 1 1 1 3533 3537 3534 3535 3536
885 1 1 1 3537 3541 3538 3539 3540
886 1 1 1 3541 3545 3542 3543 3544
887 1 1 1 3545 3549 3546 3547 3548
888 1 1 1 3549 3553 3550 3551 3552
889 1 1 1 3553 3557 3554 3555 3556
890 1 1 1 3557 3561 3558 3559 3560
891 1 1 1 3561 3565 3562 3563 3564
892 1 1 1 3565 3569 3566 3567 3568
893 1 1 1 3569 3573 3570 3571 3572
894 1 1 1 3573 3577 3574 3575 3576
895 1 1 1 3577 3581 3578 3579 3580
896 1 1 1 3581 3585 3582 3583 3584
897 1 1 1 3585 3589 3586 3587 3588
898 1 1 1 3589 3593 3590 3591 3592
899 1 1 1 3593 3597 3594 3595 3596
900 1 1 1 3597 3601 3598 3599 3600
901 1 1 1 3601 3605 3602 3603 3604
902 1 1 1 3605 3609 3606 3607 3608
903 1 1 1 3609 3613 3610 3611 3612
904 1 1 1 3613 3617 3614 3615 3616
905 1 1 1 3617 3621 3618 3619 3620
906 1 1 1 3621 3625 3622 3623 3624
907 1 1 1 3625 3629 3626 3627 3628
908 1 1 1 3629 3633 3630 3631 3632
909 1 1 1 3633 3637 3634 3635 3636
910 1 1 1 3637 3641 3638 3639 3640
911 1 1 1 3641 3645 3642 3643 3644
912 1 1 1 3645 3649 3646 3647 3648
913 1 1 1 3649 3653 3650 3651 3652
914 1 1 1 3653 3657 3654 3655 3656
915 1 1 1 3657 3661 3658 3659 3660
916 1 1 1 3661 3665 3662 3663 3664
917 1 1 1 3665 3669 3666 3667 3668
918 1 1 1 3669 3673 3670 3671 3672
919 1 1 1 3673 3677 3674 3675 3676
920 1 1 1 3677 3681 3678 3679 3680
921 1 1 1 3681 3685 3682 3683 3684
922 1 1 1 3685 3689 3686 3687 3688
923 1 1 1 3689 3693 3690 3691 3692
924 1 1 1 3693 3697 3694 3695 3696
925 1 1 1 3697 3701 3698 3699 3700
926 1 1 1 3701 3705 3702 3703 3704
927 1 1 1 3705 3709 3706 3707 3708
928 1 1 1 3709 3713 3710 3711 3712
929 1 1 1 3713 3717 3714 3715 3716
930 1 1 1 3717 3721 3718 3719 3720
931 1 1 1 3721 3725 3722 3723 3724
932 1 1 1 3725 3729 3726 3727 3728
933 1 1 1 3729 3733 3730 3731 3732
934 1 1 1 3733 3737 3734 3735 3736
935 1 1 1 3737 3741 3738 3739 3740
936 1 1 1 3741 3745 3742 3743 3744
937 1 1 1 3745 3749 3746 3747 3748
938 1 1 1 3749 3753 3750 3751 3752
939 1 1 1 3753 3757 3754 3755 3756
940 1 1 1 3757 3761 3758 3759 3760
941 1 1 1 3761 3765 3762 3763 3764
942 1 1 1 3765 3769 3766 3767 3768
943 1 1 1 3769 3773 3770 3771 3772
944 1 1 1 3773 3777 3774 3775 3776
945 1 1 1 3777 3781 3778 3779 3780
946 1 1 1 3781 3785 3782 3783 3784
947 1 1 1 3785 3789 3786 3787 3788
948 1 1 1 3789 3793 3790 3791 3792
949 1 1 1 3793 3797 3794 3795 3796
950 1 1 1 3797 3801 3798 3799 3800
951 1 1 1 3801 3805 3802 3803 3804
952 1 1 1 3805 3809 3806 3807 3808
953 1 1 1 3809 3813 3810 3811 3812
954 1 1 1 3813 3817 3814 3815 3816
955 1 1 1 3817 3821 3818 3819 3820
956 1 1 1 3821 3825 3822 3823 3824
957 1 1 1 3825 3829 3826 3827 3828
958 1 1 1 3829 3833 3830 3831 3832
959 1 1 1 3833 3837 3834 3835 3836
960 1 1 1 3837 3841 3838 3839 3840
961 1 1 1 3841 3845 3842 3843 3844
962 1 1 1 3845 3849 3846 3847 3848
963 1 1 1 3849 3853 3850 3851 3852
964 1 1 1 3853 3857 3854 3855 3856
965 1 1 1 3857 3861 3858 3859 3860
966 1 1 1 3861 3865 3862 3863 3864
967 1 1 1 3865 3869 3866 3867 3868
968 1 1 1 3869 3873 3870 3871 3872
969 1 1 1 3873 3877 3874 3875 3876
970 1 1 1 3877 3881 3878 3879 3880
971 1 1 1 3881 3885 3882 3883 3884
972 1 1 1 3885 3889 3886 3887 3888
973 1 1 1 3889 3893 3890 3891 3892
974 1 1 1 3893 3897 3894 3895 3896
975 1 1 1 3897 3901 3898 3899 3900
976 1 1 1 3901 3905 3902 3903 3904
977 1 1 1 3905 3909 3906 3907 3908
978 1 1 1 3909 3913 3910 3911 3912
979 1 1 1 3913 3917 3914 3915 3916
980 1 1 1 3917 3921 3918 3919 3920
981 1 1 1 3921 3925 3922 3923 3924
982 1 1 1 3925 3929 3926 3927 3928
983 1 1 1 3929 3933 3930 3931 3932
984 1 1 1 3933 3937 3934 3935 3936
985 1 1 1 3937 3941 3938 3939 3940
986 1 1 1 3941 3945 3942 3943 3944
987 1 1 1 3945 3949 3946 3947 3948
988 1 1 1 3949 3953 3950 3951 3952
989 1 1 1 3953 3957 3954 3955 3956
990 1 1 1 3957 3961 3958 3959 3960
991 1 1 1 3961 3965 3962 3963 3964
992 1 1 1 3965 3969 3966 3967 3968
993 1 1 1 3969 3973 3970 3971 3972
994 1 1 1 3973 3977 3974 3975 3976
995 1 1 1 3977 3981 3978 3979 3980
996 1 1 1 3981 3985 3982 3983 3984
997 1 1 1 3985 3989 3986 3987 3988
998 1 1 1 3989 3993 3990 3991 3992
999 1 1 1 3993 3997 3994 3995 3996
1000 1 1 1 3997 4001 3998 3999 4000
1001 1 1 1 4001 4005 4002 4003 4004
1002 1 1 1 4005 4009 4006 4007 4008
1003 1 1 1 4009 4013 4010 4011 4012
1004 1 1 1 4013 4017 4014 4015 4016
1005 1 1 1 4017 4021 4018 4019 4020
1006 1 1 1 4021 4025 4022 4023 4024
1007 1 1 1 4025 4029 4026 4027 4028
1008 1 1 1 4029 4033 4030 4031 4032
1009 1 1 1 4033 4037 4034 4035 4036
1010 1 1 1 4037 4041 4038 4039 4040
1011 1 1 1 4041 4045 4042 4043 4044
1012 1 1 1 4045 4049 4046 4047 4048
1013 1 1 1 4049 4053 4050 4051 4052
1014 1 1 1 4053 4057 4054 4055 4056
1015 1 1 1 4057 4061 4058 4059 4060
1016 1 1 1 4061 4065 4062 4063 4064
1017 1 1 1 4065 4069 4066 4067 4068
1018 1 1 1 4069 4073 4070 4071 4072
1019 1 1 1 4073 4077 4074 4075 4076
1020 1 1 1 4077 4081 4078 4079 4080
1021 1 1 1 4081 4085 4082 4083 4084
1022 1 1 1 4085 4089 4086 4087 4088
1023 1 1 1 4089 4093 4090 4091 4092
1024 1 1 1 4093 4097 4094 4095 4096
1025 1 1 1 4097 4101 4098 4099 4100
1026 1 1 1 4101 4105 4102 4103 4104
1027 1 1 1 4105 4109 4106 4107 4108
1028 1 1 1 4109 4113 4110 4111 4112
1029 1 1 1 4113 4117 4114 4115 4116
1030 1 1 1 4117 4121 4118 4119 4120
1031 1 1 1 4121 4125 4122 4123 4124
1032 1 1 1 4125 4129 4126 4127 4128
1033 1 1 1 4129 4133 4130 4131 4132
1034 1 1 1 4133 4137 4134 4135 4136
1035 1 1 1 4137 4141 4138 4139 4140
1036 1 1 1 4141 4145 4142 4143 4144
1037 1 1 1 4145 4149 4146 4147 4148
1038 1 1 1 4149 4153 4150 4151 4152
1039 1 1 1 4153 4157 4154 4155 4156
1040 1 1 1 4157 4161 4158 4159 4160
1041 1 1 1 4161 4165 4162 4163 4164
1042 1 1 1 4165 4169 4166 4167 4168
1043 1 1 1 4169 4173 4170 4171 4172
1044 1 1 1 4173 4177 4174 4175 4176
1045 1 1 1 4177 4181 4178 4179 4180
1046 1 1 1 4181 4185 4182 4183 4184
1047 1 1 1 4185 4189 4186 4187 4188
1048 1 1 1 4189 4193 4190 4191 4192
1049 1 1 1 4193 4197 4194 4195 4196
1050 1 1 1 4197 4201 4198 4199 4200
1051 1 1 1 4201 4205 4202 4203 4204
1052 1 1 1 4205 4209 4206 4207 4208
1053 1 1 1 4209 4213 4210 4211 4212
1054 1 1 1 4213 4217 4214 4215 4216
1055 1 1 1 4217 4221 4218 4219 4220
1056 1 1 1 4221 4225 4222 4223 4224
1057 1 1 1 4225 4229 4226 4227 4228
1058 1 1 1 4229 4233 4230 4231 4232
1059 1 1 1 4233 4237 4234 4235 4236
1060 1 1 1 4237 4241 4238 4239 4240
1061 1 1 1 4241 4245 4242 4243 4244
1062 1 1 1 4245 4249 4246 4247 4248
1063 1 1 1 4249 4253 4250 4251 4252
1064 1 1 1 4253 4257 4254 4255 4256
1065 1 1 1 4257 4261 4258 4259 4260
1066 1 1 1 4261 4265 4262 4263 4264
1067 1 1 1 4265 4269 4266 4267 4268
1068 1 1 1 4269 4273 4270 4271 4272
1069 1 1 1 4273 4277 4274 4275 4276
1070 1 1 1 4277 4281 4278 4279 4280
1071 1 1 1 4281 4285 4282 4283 4284
1072 1 1 1 4285 4289 4286 4287 4288
1073 1 1 1 4289 4293 4290 4291 4292
1074 1 1 1 4293 4297 4294 4295 4296
1075 1 1 1 4297 4301 4298 4299 4300
1076 1 1 1 4301 4305 4302 4303 4304
1077 1 1 1 4305 4309 4306 4307 4308
1078 1 1 1 4309 4313 4310 4311 4312
1079 1 1 1 4313 4317 4314 4315 4316
1080 1 1 1 4317 4321 4318 4319 4320
1081 1 1 1 4321 4325 4322 4323 4324
1082 1 1 1 4325 4329 4326 4327 4328
1083 1 1 1 4329 4333 4330 4331 4332
1084 1 1 1 4333 4337 4334 4335 4336
1085 1 1 1 4337 4341 4338 4339 4340
1086 1 1 1 4341 4345 4342 4343 4344
1087 1 1 1 4345 4349 4346 4347 4348
1088 1 1 1 4349 4353 4350 4351 4352
1089 1 1 1 4353 4357 4354 4355 4356
1090 1 1 1 4357 4361 4358 4359 4360
1091 1 1 1 4361 4365 4362 4363 4364
1092 1 1 1 4365 4369 4366 4367 4368
1093 1 1 1 4369 4373 4370 4371 4372
1094 1 1 1 4373 4377 4374 4375 4376
1095 1 1 1 4377 4381 4378 4379 4380
1096 1 1 1 4381 4385 4382 4383 4384
1097 1 1 1 4385 4389 4386 4387 4388
1098 1 1 1 4389 4393 4390 4391 4392
1099 1 1 1 4393 4397 4394 4395 4396
1100 1 1 1 4397 4401 4398 4399 4400
1101 1 1 1 4401 4405 4402 4403 4404
1102 1 1 1 4405 4409 4406 4407 4408
1103 1 1 1 4409 4413 4410 4411 4412
1104 1 1 1 4413 4417 4414 4415 4416
1105 1 1 1 4417 4421 4418 4419 4420
1106 1 1 1 4421 4425 4422 4423 4424
1107 1 1 1 4425 4429 4426 4427 4428
1108 1 1 1 4429 4433 4430 4431 4432
1109 1 1 1 4433 4437 4434 4435 4436
1110 1 1 1 4437 4441 4438 4439 4440
1111 1 1 1 4441 4445 4442 4443 4444
1112 1 1 1 4445 4449 4446 4447 4448
1113 1 1 1 4449 4453 4450 4451 4452
1114 1 1 1 4453 4457 4454 4455 4456
1115 1 1 1 4457 4461 4458 4459 4460
1116 1 1 1 4461 4465 4462 4463 4464
1117 1 1 1 4465 4469 4466 4467 4468
1118 1 1 1 4469 4473 4470 4471 4472
1119 1 1 1 4473 4477 4474 4475 4476
1120 1 1 1 4477 4481 4478 4479 4480
1121 1 1 1 4481 4485 4482 4483 4484
1122 1 1 1 4485 4489 4486 4487 4488
1123 1 1 1 4489 4493 4490 4491 4492
1124 1 1 1 4493 4497 4494 4495 4496
1125 1 1 1 4497 4501 4498 4499 4500
1126 1 1 1 4501 4505 4502 4503 4504
1127 1 1 1 4505 4509 4506 4507 4508
1128 1 1 1 4509 4513 4510 4511 4512
1129 1 1 1 4513 4517 4514 4515 4516
1130 1 1 1 4517 4521 4518 4519 4520
1131 1 1 1 4521 4525 4522 4523 4524
1132 1 1 1 4525 4529 4526 4527 4528
1133 1 1 1 4529 4533 4530 4531 4532
1134 1 1 1 4533 4537 4534 4535 4536
1135 1 1 1 4537 4541 4538 4539 4540
1136 1 1 1 4541 4545 4542 4543 4544
1137 1 1 1 4545 4549 4546 4547 4548
1138 1 1 1 4549 4553 4550 4551 4552
1139 1 1 1 4553 4557 4554 4555 4556
1140 1 1 1 4557 4561 4558 4559 4560
1141 1 1 1 4561 4565 4562 4563 4564
1142 1 1 1 4565 4569 4566 4567 4568
1143 1 1 1 4569 4573 4570 4571 4572
1144 1 1 1 4573 4577 4574 4575 4576
1145 1 1 1 4577 4581 4578 4579 4580
1146 1 1 1 4581 4585 4582 4583 4584
1147 1 1 1 4585 4589 4586 4587 4588
1148 1 1 1 4589 4593 4590 4591 4592
1149 1 1 1 4593 4597 4594 4595 4596
1150 1 1 1 4597 4601 4598 4599 4600
1151 1 1 1 4601 4605 4602 4603 4604
1152 1 1 1 4605 4609 4606 4607 4608
1153 1 1 1 4609 4613 4610 4611 4612
1154 1 1 1 4613 4617 4614 4615 4616
1155 1 1 1 4617 4621 4618 4619 4620
1156 1 1 1 4621 4625 4622 4623 4624
1157 1 1 1 4625 4629 4626 4627 4628
1158 1 1 1 4629 4633 4630 4631 4632
1159 1 1 1 4633 4637 4634 4635 4636
1160 1 1 1 4637 4641 4638 4639 4640
1161 1 1 1 4641 4645 4642 4643 4644
1162 1 1 1 4645 4649 4646 4647 4648
1163 1 1 1 4649 4653 4650 4651 4652
1164 1 1 1 4653 4657 4654 4655 4656
1165 1 1 1 4657 4661 4658 4659 4660
1166 1 1 1 4661 4665 4662 4663 4664
1167 1 1 1 4665 4669 4666 4667 4668
1168 1 1 1 4669 4673 4670 4671 4672
1169 1 1 1 4673 4677 4674 4675 4676
1170 1 1 1 4677 4681 4678 4679 4680
1171 1 1 1 4681 4685 4682 4683 4684
1172 1 1 1 4685 4689 4686 4687 4688
1173 1 1 1 4689 4693 4690 4691 4692
1174 1 1 1 4693 4697 4694 4695 4696
1175 1 1 1 4697 4701 4698 4699 4700
1176 1 1 1 4701 4705 4702 4703 4704
1177 1 1 1 4705 4709 4706 4707 4708
1178 1 1 1 4709 4713 4710 4711 4712
1179 1 1 1 4713 4717 4714 4715 4716
1180 1 1 1 4717 4721 4718 4719 4720
1181 1 1 1 4721 4725 4722 4723 4724
1182 1 1 1 4725 4729 4726 4727 4728
1183 1 1 1 4729 4733 4730 4731 4732
1184 1 1 1 4733 4737 4734 4735 4736
1185 1 1 1 4737 4741 4738 4739 4740
1186 1 1 1 4741 4745 4742 4743 4744
1187 1 1 1 4745 4749 4746 4747 4748
1188 1 1 1 4749 4753 4750 4751 4752
1189 1 1 1 4753 4757 4754 4755 4756
1190 1 1 1 4757 4761 4758 4759 4760
1191 1 1 1 4761 4765 4762 4763 4764
1192 1 1 1 4765 4769 4766 4767 4768
1193 1 1 1 4769 4773 4770 4771 4772
1194 1 1 1 4773 4777 4774 4775 4776
1195 1 1 1 4777 4781 4778 4779 4780
1196 1 1 1 4781 4785 4782 4783 4784
1197 1 1 1 4785 4789 4786 4787 4788
1198 1 1 1 4789 4793 4790 4791 4792
1199 1 1 1 4793 4797 4794 4795 4796
1200 1 1 1 4797 4801 4798 4799 4800
1201 1 1 1 4801 4805 4802 4803 4804
1202 1 1 1 4805 4809 4806 4807 4808
1203 1 1 1 4809 4813 4810 4811 4812
1204 1 1 1 4813 4817 4814 4815 4816
1205 1 1 1 4817 4821 4818 4819 4820
1206 1 1 1 4821 4825 4822 4823 4824
1207 1 1 1 4825 4829 4826 4827 4828
1208 1 1 1 4829 4833 4830 4831 4832
1209 1 1 1 4833 4837 4834 4835 4836
1210 1 1 1 4837 4841 4838 4839 4840
1211 1 1 1 4841 4845 4842 4843 4844
1212 1 1 1 4845 4849 4846 4847 4848
1213 1 1 1 4849 4853 4850 4851 4852
1214 1 1 1 4853 4857 4854 4855 4856
1215 1 1 1 4857 4861 4858 4859 4860
1216 1 1 1 4861 4865 4862 4863 4864
1217 1 1 1 4865 4869 4866 4867 4868
1218 1 1 1 4869 4873 4870 4871 4872
1219 1 1 1 4873 4877 4874 4875 4876
1220 1 1 1 4877 4881 4878 4879 4880
1221 1 1 1 4881 4885 4882 4883 4884
1222 1 1 1 4885 4889 4886 4887 4888
1223 1 1 1 4889 4893 4890 4891 4892
1224 1 1 1 4893 4897 4894 4895 4896
1225 1 1 1 4897 4901 4898 4899 4900
1226 1 1 1 4901 4905 4902 4903 4904
1227 1 1 1 4905 4909 4906 4907 4908
1228 1 1 1 4909 4913 4910 4911 4912
1229 1 1 1 4913 4917 4914 4915 4916
1230 1 1 1 4917 4921 4918 4919 4920
1231 1 1 1 4921 4925 4922 4923 4924
1232 1 1 1 4925 4929 4926 4927 4928
1233 1 1 1 4929 4933 4930 4931 4932
1234 1 1 1 4933 4937 4934 4935 4936
1235 1 1 1 4937 4941 4938 4939 4940
1236 1 1 1 4941 4945 4942 4943 4944
1237 1 1 1 4945 4949 4946 4947 4948
1238 1 1 1 4949 4953 4950 4951 4952
1239 1 1 1 4953 4957 4954 4955 4956
1240 1 1 1 4957 4961 4958 4959 4960
1241 1 1 1 4961 4965 4962 4963 4964
1242 1 1 1 4965 4969 4966 4967 4968
1243 1 1 1 4969 4973 4970 4971 4972
1244 1 1 1 4973 4977 4974 4975 4976
1245 1 1 1 4977 4981 4978 4979 4980
1246 1 1 1 4981 4985 4982 4983 4984
1247 1 1 1 4985 4989 4986 4987 4988
1248 1 1 1 4989 4993 4990 4991 4992
1249 1 1 1 4993 4997 4994 4995 4996
1250 1 1 1 4997 5001 4998 4999 5000
1251 1 1 1 5001 5005 5002 5003 5004
1252 1 1 1 5005 5009 5006 5007 5008
1253 1 1 1 5009 5013 5010 5011 5012
1254 1 1 1 5013 5017 5014 5015 5016
1255 1 1 1 5017 5021 5018 5019 5020
1256 1 1 1 5021 5025 5022 5023 5024
1257 1 1 1 5025 5029 5026 5027 5028
1258 1 1 1 5029 5033 5030 5031 5032
1259 1 1 1 5033 5037 5034 5035 5036
1260 1 1 1 5037 5041 5038 5039 5040
1261 1 1 1 5041 5045 5042 5043 5044
1262 1 1 1 5045 5049 5046 5047 5048
1263 1 1 1 5049 5053 5050 5051 5052
1264 1 1 1 5053 5057 5054 5055 5056
1265 1 1 1 5057 5061 5058 5059 5060
1266 1 1 1 5061 5065 5062 5063 5064
1267 1 1 1 5065 5069 5066 5067 5068
1268 1 1 1 5069 5073 5070 5071 5072
1269 1 1 1 5073 5077 5074 5075 5076
1270 1 1 1 5077 5081 5078 5079 5080
1271 1 1 1 5081 5085 5082 5083 5084
1272 1 1 1 5085 5089 5086 5087 5088
1273 1 1 1 5089 5093 5090 5091 5092
1274 1 1 1 5093 5097 5094 5095 5096
1275 1 1 1 5097 5101 5098 5099 5100
1276 1 1 1 5101 5105 5102 5103 5104
1277 1 1 1 5105 5109 5106 5107 5108
1278 1 1 1 5109 5113 5110 5111 5112
1279 1 1 1 5113 5117 5114 5115 5116
1280 1 1 1 5117 5121 5118 5119 5120
1281 1 1 1 5121 5125 5122 5123 5124
1282 1 1 1 5125 5129 5126 5127 5128
1283 1 1 1 5129 5133 5130 5131 5132
1284 1 1 1 5133 5137 5134 5135 5136
1285 1 1 1 5137 5141 5138 5139 5140
1286 1 1 1 5141 5145 5142 5143 5144
1287 1 1 1 5145 5149 5146 5147 5148
1288 1 1 1 5149 5153 5150 5151 5152
1289 1 1 1 5153 5157 5154 5155 5156
1290 1 1 1 5157 5161 5158 5159 5160
1291 1 1 1 5161 5165 5162 5163 5164
1292 1 1 1 5165 5169 5166 5167 5168
1293 1 1 1 5169 5173 5170 5171 5172
1294 1 1 1 5173 5177 5174 5175 5176
1295 1 1 1 5177 5181 5178 5179 5180
1296 1 1 1 5181 5185 5182 5183 5184
1297 1 1 1 5185 5189 5186 5187 5188
1298 1 1 1 5189 5193 5190 5191 5192
1299 1 1 1 5193 5197 5194 5195 5196
1300 1 1 1 5197 5201 5198 5199 5200
1301 1 1 1 5201 5205 5202 5203 5204
1302 1 1 1 5205 5209 5206 5207 5208
1303 1 1 1 5209 5213 5210 5211 5212
1304 1 1 1 5213 5217 5214 5215 5216
1305 1 1 1 5217 5221 5218 5219 5220
1306 1 1 1 5221 5225 5222 5223 5224
1307 1 1 1 5225 5229 5226 5227 5228
1308 1 1 1 5229 5233 5230 5231 5232
1309 1 1 1 5233 5237 5234 5235 5236
1310 1 1 1 5237 5241 5238 5239 5240
1311 1 1 1 5241 5245 5242 5243 5244
1312 1 1 1 5245 5249 5246 5247 5248
1313 1 1 1 5249 5253 5250 5251 5252
1314 1 1 1 5253 5257 5254 5255 5256
1315 1 1 1 5257 5261 5258 5259 5260
1316 1 1 1 5261 5265 5262 5263 5264
1317 1 1 1 5265 5269 5266 5267 5268
1318 1 1 1 5269 5273 5270 5271 5272
1319 1 1 1 5273 5277 5274 5275 5276
1320 1 1 1 5277 5281 5278 5279 5280
1321 1 1 1 5281 5285 5282 5283 5284
1322 1 1 1 5285 5289 5286 5287 5288
1323 1 1 1 5289 5293 5290 5291 5292
1324 1 1 1 5293 5297 5294 5295 5296
1325 1 1 1 5297 5301 5298 5299 5300
1326 1 1 1 5301 5305 5302 5303 5304
1327 1 1 1 5305 5309 5306 5307 5308
1328 1 1 1 5309 5313 5310 5311 5312
1329 1 1 1 5313 5317 5314 5315 5316
1330 1 1 1 5317 5321 5318 5319 5320
1331 1 1 1 5321 5325 5322 5323 5324
1332 1 1 1 5325 5329 5326 5327 5328
1333 1 1 1 5329 5333 5330 5331 5332
1334 1 1 1 5333 5337 5334 5335 5336
1335 1 1 1 5337 5341 5338 5339 5340
1336 1 1 1 5341 5345 5342 5343 5344
1337 1 1 1 5345 5349 5346 5347 5348
1338 1 1 1 5349 5353 5350 5351 5352
1339 1 1 1 5353 5357 5354 5355 5356
1340 1 1 1 5357 5361 5358 5359 5360
1341 1 1 1 5361 5365 5362 5363 5364
1342 1 1 1 5365 5369 5366 5367 5368
1343 1 1 1 5369 5373 5370 5371 5372
1344 1 1 1 5373 5377 5374 5375 5376
1345 1 1 1 5377 5381 5378 5379 5380
1346 1 1 1 5381 5385 5382 5383 5384
1347 1 1 1 5385 5389 5386 5387 5388
1348 1 1 1 5389 5393 5390 5391 5392
1349 1 1 1 5393 5397 5394 5395 5396
1350 1 1 1 5397 5401 5398 5399 5400
1351 1 1 1 5401 5405 5402 5403 5404
1352 1 1 1 5405 5409 5406 5407 5408
1353 1 1 1 5409 5413 5410 5411 5412
1354 1 1 1 5413 5417 5414 5415 5416
1355 1 1 1 5417 5421 5418 5419 5420
1356 1 1 1 5421 5425 5422 5423 5424
1357 1 1 1 5425 5429 5426 5427 5428
1358 1 1 1 5429 5433 5430 5431 5432
1359 1 1 1 5433 5437 5434 5435 5436
1360 1 1 1 5437 5441 5438 5439 5440
1361 1 1 1 5441 5445 5442 5443 5444
1362 1 1 1 5445 5449 5446 5447 5448
1363 1 1 1 5449 5453 5450 5451 5452
1364 1 1 1 5453 5457 5454 5455 5456
1365 1 1 1 5457 5461 5458 5459 5460
1366 1 1 1 5461 5465 5462 5463 5464
1367 1 1 1 5465 5469 5466 5467 5468
1368 1 1 1 5469 5473 5470 5471 5472
1369 1 1 1 5473 5477 5474 5475 5476
1370 1 1 1 5477 5481 5478 5479 5480
1371 1 1 1 5481 5485 5482 5483 5484
1372 1 1 1 5485 5489 5486 5487 5488
1373 1 1 1 5489 5493 5490 5491 5492
1374 1 1 1 5493 5497 5494 5495 5496
1375 1 1 1 5497 5501 5498 5499 5500
1376 1 1 1 5501 5505 5502 5503 5504
1377 1 1 1 5505 5509 5506 5507 5508
1378 1 1 1 5509 5513 5510 5511 5512
1379 1 1 1 5513 5517 5514 5515 5516
1380 1 1 1 5517 5521 5518 5519 5520
1381 1 1 1 5521 5525 5522 5523 5524
1382 1 1 1 5525 5529 5526 5527 5528
1383 1 1 1 5529 5533 5530 5531 5532
1384 1 1 1 5533 5537 5534 5535 5536
1385 1 1 1 5537 5541 5538 5539 5540
1386 1 1 1 5541 5545 5542 5543 5544
1387 1 1 1 5545 5549 5546 5547 5548
1388 1 1 1 5549 5553 5550 5551 5552
1389 1 1 1 5553 5557 5554 5555 5556
1390 1 1 1 5557 5561 5558 5559 5560
1391 1 1 1 5561 5565 5562 5563 5564
1392 1 1 1 5565 5569 5566 5567 5568
1393 1 1 1 5569 5573 5570 5571 5572
1394 1 1 1 5573 5577 5574 5575 5576
1395 1 1 1 5577 5581 5578 5579 5580
1396 1 1 1 5581 5585 5582 5583 5584
1397 1 1 1 5585 5589 5586 5587 5588
1398 1 1 1 5589 5593 5590 5591 5592
1399 1 1 1 5593 5597 5594 5595 5596
1400 1 1 1 5597 5601 5598 5599 5600
1401 1 1 1 5601 5605 5602 5603 5604
1402 1 1 1 5605 5609 5606 5607 5608
1403 1 1 1 5609 5613 5610 5611 5612
1404 1 1 1 5613 5617 5614 5615 5616
1405 1 1 1 5617 5621 5618 5619 5620
1406 1 1 1 5621 5625 5622 5623 5624
1407 1 1 1 5625 5629 5626 5627 5628
1408 1 1 1 5629 5633 5630 5631 5632
1409 1 1 1 5633 5637 5634 5635 5636
1410 1 1 1 5637 5641 5638 5639 5640
1411 1 1 1 5641 5645 5642 5643 5644
1412 1 1 1 5645 5649 5646 5647 5648
1413 1 1 1 5649 5653 5650 5651 5652
1414 1 1 1 5653 5657 5654 5655 5656
1415 1 1 1 5657 5661 5658 5659 5660
1416 1 1 1 5661 5665 5662 5663 5664
1417 1 1 1 5665 5669 5666 5667 5668
1418 1 1 1 5669 5673 5670 5671 5672
1419 1 1 1 5673 5677 5674 5675 5676
1420 1 1 1 5677 5681 5678 5679 5680
1421 1 1 1 5681 5685 5682 5683 5684
1422 1 1 1 5685 5689 5686 5687 5688
1423 1 1 1 5689 5693 5690 5691 5692
1424 1 1 1 5693 5697 5694 5695 5696
1425 1 1 1 5697 5701 5698 5699 5700
1426 1 1 1 5701 5705 5702 5703 5704
1427 1 1 1 5705 5709 5706 5707 5708
1428 1 1 1 5709 5713 5710 5711 5712
1429 1 1 1 5713 5717 5714 5715 5716
1430 1 1 1 5717 5721 5718 5719 5720
1431 1 1 1 5721 5725 5722 5723 5724
1432 1 1 1 5725 5729 5726 5727 5728
1433 1 1 1 5729 5733 5730 5731 5732
1434 1 1 1 5733 5737 5734 5735 5736
1435 1 1 1 5737 5741 5738 5739 5740
1436 1 1 1 5741 5745 5742 5743 5744
1437 1 1 1 5745 5749 5746 5747 5748
1438 1 1 1 5749 5753 5750 5751 5752
1439 1 1 1 5753 5757 5754 5755 5756
1440 1 1 1 5757 5761 5758 5759 5760
1441 1 1 1 5761 5765 5762 5763 5764
1442 1 1 1 5765 5769 5766 5767 5768
1443 1 1 1 5769 5773 5770 5771 5772
1444 1 1 1 5773 5777 5774 5775 5776
1445 1 1 1 5777 5781 5778 5779 5780
1446 1 1 1 5781 5785 5782 5783 5784
1447 1 1 1 5785 5789 5786 5787 5788
1448 1 1 1 5789 5793 5790 5791 5792
1449 1 1 1 5793 5797 5794 5795 5796
1450 1 1 1 5797 5801 5798 5799 5800
1451 1 1 1 5801 5805 5802 5803 5804
1452 1 1 1 5805 5809 5806 5807 5808
1453 1 1 1 5809 5813 5810 5811 5812
1454 1 1 1 5813 5817 5814 5815 5816
1455 1 1 1 5817 5821 5818 5819 5820
1456 1 1 1 5821 5825 5822 5823 5824
1457 1 1 1 5825 5829 5826 5827 5828
1458 1 1 1 5829 5833 5830 5831 5832
1459 1 1 1 5833 5837 5834 5835 5836
1460 1 1 1 5837 5841 5838 5839 5840
1461 1 1 1 5841 5845 5842 5843 5844
1462 1 1 1 5845 5849 5846 5847 5848
1463 1 1 1 5849 5853 5850 5851 5852
1464 1 1 1 5853 5857 5854 5855 5856
1465 1 1 1 5857 5861 5858 5859 5860
1466 1 1 1 5861 5865 5862 5863 5864
1467 1 1 1 5865 5869 5866 5867 5868
1468 1 1 1 5869 5873 5870 5871 5872
1469 1 1 1 5873 5877 5874 5875 5876
1470 1 1 1 5877 5881 5878 5879 5880
1471 1 1 1 5881 5885 5882 5883 5884
1472 1 1 1 5885 5889 5886 5887 5888
1473 1 1 1 5889 5893 5890 5891 5892
1474 1 1 1 5893 5897 5894 5895 5896
1475 1 1 1 5897 5901 5898 5899 5900
1476 1 1 1 5901 5905 5902 5903 5904
1477 1 1 1 5905 5909 5906 5907 5908
1478 1 1 1 5909 5913 5910 5911 5912
1479 1 1 1 5913 5917 5914 5915 5916
1480 1 1 1 5917 5921 5918 5919 5920
1481 1 1 1 5921 5925 5922 5923 5924
1482 1 1 1 5925 5929 5926 5927 5928
1483 1 1 1 5929 5933 5930 5931 5932
1484 1 1 1 5933 5937 5934 5935 5936
1485 1 1 1 5937 5941 5938 5939 5940
1486 1 1 1 5941 5945 5942 5943 5944
1487 1 1 1 5945 5949 5946 5947 5948
1488 1 1 1 5949 5953 5950 5951 5952
1489 1 1 1 5953 5957 5954 5955 5956
1490 1 1 1 5957 5961 5958 5959 5960
1491 1 1 1 5961 5965 5962 5963 5964
1492 1 1 1 5965 5969 5966 5967 5968
1493 1 1 1 5969 5973 5970 5971 5972
1494 1 1 1 5973 5977 5974 5975 5976
1495 1 1 1 5977 5981 5978 5979 5980
1496 1 1 1 5981 5985 5982 5983 5984
1497 1 1 1 5985 5989 5986 5987 5988
1498 1 1 1 5989 5993 5990 5991 5992
1499 1 1 1 5993 5997 5994 5995 5996
1500 1 1 1 5997 6001 5998 5999 6000
1501 1 1 1 6001 6005 6002 6003 6004
1502 1 1 1 6005 6009 6006 6007 6008
1503 1 1 1 6009 6013 6010 6011 6012
1504 1 1 1 6013 6017 6014 6015 6016
1505 1 1 1 6017 6021 6018 6019 6020
1506 1 1 1 6021 6025 6022 6023 6024
1507 1 1 1 6025 6029 6026 6027 6028
1508 1 1 1 6029 6033 6030 6031 6032
1509 1 1 1 6033 6037 6034 6035 6036
1510 1 1 1 6037 6041 6038 6039 6040
1511 1 1 1 6041 6045 6042 6043 6044
1512 1 1 1 6045 6049 6046 6047 6048
1513 1 1 1 6049 6053 6050 6051 6052
1514 1 1 1 6053 6057 6054 6055 6056
1515 1 1 1 6057 6061 6058 6059 6060
1516 1 1 1 6061 6065 6062 6063 6064
1517 1 1 1 6065 6069 6066 6067 6068
1518 1 1 1 6069 6073 6070 6071 6072
1519 1 1 1 6073 6077 6074 6075 6076
1520 1 1 1 6077 6081 6078 6079 6080
1521 1 1 1 6081 6085 6082 6083 6084
1522 1 1 1 6085 6089 6086 6087 6088
1523 1 1 1 6089 6093 6090 6091 6092
1524 1 1 1 6093 6097 6094 6095 6096
1525 1 1 1 6097 6101 6098 6099 6100
1526 1 1 1 6101 6105 6102 6103 6104
1527 1 1 1 6105 6109 6106 6107 6108
1528 1 1 1 6109 6113 6110 6111 6112
1529 1 1 1 6113 6117 6114 6115 6116
1530 1 1 1 6117 6121 6118 6119 6120
1531 1 1 1 6121 6125 6122 6123 6124
1532 1 1 1 6125 6129 6126 6127 6128
1533 1 1 1 6129 6133 6130 6131 6132
1534 1 1 1 6133 6137 6134 6135 6136
1535 1 1 1 6137 6141 6138 6139 6140
1536 1 1 1 6141 6145 6142 6143 6144
1537 1 1 1 6145 6149 6146 6147 6148
1538 1 1 1 6149 6153 6150 6151 6152
1539 1 1 1 6153 6157 6154 6155 6156
1540 1 1 1 6157 6161 6158 6159 6160
1541 1 1 1 6161 6165 6162 6163 6164
1542 1 1 1 6165 6169 6166 6167 6168
1543 1 1 1 6169 6173 6170 6171 6172
1544 1 1 1 6173 6177 6174 6175 6176
1545 1 1 1 6177 6181 6178 6179 6180
1546 1 1 1 6181 6185 6182 6183 6184
1547 1 1 1 6185 6189 6186 6187 6188
1548 1 1 1 6189 6193 6190 6191 6192
1549 1 1 1 6193 6197 6194 6195 6196
1550 1 1 1 6197 6201 6198 6199 6200
1551 1 1 1 6201 6205 6202 6203 6204
1552 1 1 1 6205 6209 6206 6207 6208
1553 1 1 1 6209 6213 6210 6211 6212
1554 1 1 1 6213 6217 6214 6215 6216
1555 1 1 1 6217 6221 6218 6219 6220
1556 1 1 1 6221 6225 6222 6223 6224
1557 1 1 1 6225 6229 6226 6227 6228
1558 1 1 1 6229 6233 6230 6231 6232
1559 1 1 1 6233 6237 6234 6235 6236
1560 1 1 1 6237 6241 6238 6239 6240
1561 1 1 1 6241 6245 6242 6243 6244
1562 1 1 1 6245 6249 6246 6247 6248
1563 1 1 1 6249 6253 6250 6251 6252
1564 1 1 1 6253 6257 6254 6255 6256
1565 1 1 1 6257 6261 6258 6259 6260
1566 1 1 1 6261 6265 6262 6263 6264
1567 1 1 1 6265 6269 6266 6267 6268
1568 1 1 1 6269 6273 6270 6271 6272
1569 1 1 1 6273 6277 6274 6275 6276
1570 1 1 1 6277 6281 6278 6279 6280
1571 1 1 1 6281 6285 6282 6283 6284
1572 1 1 1 6285 6289 6286 6287 6288
1573 1 1 1 6289 6293 6290 6291 6292
1574 1 1 1 6293 6297 6294 6295 6296
1575 1 1 1 6297 6301 6298 6299 6300
1576 1 1 1 6301 6305 6302 6303 6304
1577 1 1 1 6305 6309 6306 6307 6308
1578 1 1 1 6309 6313 6310 6311 6312
1579 1 1 1 6313 6317 6314 6315 6316
1580 1 1 1 6317 6321 6318 6319 6320
1581 1 1 1 6321 6325 6322 6323 6324
1582 1 1 1 6325 6329 6326 6327 6328
1583 1 1 1 6329 6333 6330 6331 6332
1584 1 1 1 6333 6337 6334 6335 6336
1585 1 1 1 6337 6341 6338 6339 6340
1586 1 1 1 6341 6345 6342 6343 6344
1587 1 1 1 6345 6349 6346 6347 6348
1588 1 1 1 6349 6353 6350 6351 6352
1589 1 1 1 6353 6357 6354 6355 6356
1590 1 1 1 6357 6361 6358 6359 6360
1591 1 1 1 6361 6365 6362 6363 6364
1592 1 1 1 6365 6369 6366 6367 6368
1593 1 1 1 6369 6373 6370 6371 6372
1594 1 1 1 6373 6377 6374 6375 6376
1595 1 1 1 6377 6381 6378 6379 6380
1596 1 1 1 6381 6385 6382 6383 6384
1597 1 1 1 6385 6389 6386 6387 6388
1598 1 1 1 6389 6393 6390 6391 6392
1599 1 1 1 6393 6397 6394 6395 6396
1600 1 1 1 6397 6401 6398 6399 6400
1601 1 1 1 6401 6405 6402 6403 6404
1602 1 1 1 6405 6409 6406 6407 6408
1603 1 1 1 6409 6413 6410 6411 6412
1604 1 1 1 6413 6417 6414 6415 6416
1605 1 1 1 6417 6421 6418 6419 6420
1606 1 1 1 6421 6425 6422 6423 6424
1607 1 1 1 6425 6429 6426 6427 6428
1608 1 1 1 6429 6433 6430 6431 6432
1609 1 1 1 6433 6437 6434 6435 6436
1610 1 1 1 6437 6441 6438 6439 6440
1611 1 1 1 6441 6445 6442 6443 6444
1612 1 1 1 6445 6449 6446 6447 6448
1613 1 1 1 6449 6453 6450 6451 6452
1614 1 1 1 6453 6457 6454 6455 6456
1615 1 1 1 6457 6461 6458 6459 6460
1616 1 1 1 6461 6465 6462 6463 6464
1617 1 1 1 6465 6469 6466 6467 6468
1618 1 1 1 6469 6473 6470 6471 6472
1619 1 1 1 6473 6477 6474 6475 6476
1620 1 1 1 6477 6481 6478 6479 6480
1621 1 1 1 6481 6485 6482 6483 6484
1622 1 1 1 6485 6489 6486 6487 6488
1623 1 1 1 6489 6493 6490 6491 6492
1624 1 1 1 6493 6497 6494 6495 6496
1625 1 1 1 6497 6501 6498 6499 6500
1626 1 1 1 6501 6505 6502 6503 6504
1627 1 1 1 6505 6509 6506 6507 6508
1628 1 1 1 6509 6513 6510 6511 6512
1629 1 1 1 6513 6517 6514 6515 6516
1630 1 1 1 6517 6521 6518 6519 6520
1631 1 1 1 6521 6525 6522 6523 6524
1632 1 1 1 6525 6529 6526 6527 6528
1633 1 1 1 6529 6533 6530 6531 6532
1634 1 1 1 6533 6537 6534 6535 6536
1635 1 1 1 6537 6541 6538 6539 6540
1636 1 1 1 6541 6545 6542 6543 6544
1637 1 1 1 6545 6549 6546 6547 6548
1638 1 1 1 6549 6553 6550 6551 6552
1639 1 1 1 6553 6557 6554 6555 6556
1640 1 1 1 6557 6561 6558 6559 6560
1641 1 1 1 6561 6565 6562 6563 6564
1642 1 1 1 6565 6569 6566 6567 6568
1643 1 1 1 6569 6573 6570 6571 6572
1644 1 1 1 6573 6577 6574 6575 6576
1645 1 1 1 6577 6581 6578 6579 6580
1646 1 1 1 6581 6585 6582 6583 6584
1647 1 1 1 6585 6589 6586 6587 6588
1648 1 1 1 6589 6593 6590 6591 6592
1649 1 1 1 6593 6597 6594 6595 6596
1650 1 1 1 6597 6601 6598 6599 6600
1651 1 1 1 6601 6605 6602 6603 6604
1652 1 1 1 6605 6609 6606 6607 6608
1653 1 1 1 6609 6613 6610 6611 6612
1654 1 1 1 6613 6617 6614 6615 6616
1655 1 1 1 6617 6621 6618 6619 6620
1656 1 1 1 6621 6625 6622 6623 6624
1657 1 1 1 6625 6629 6626 6627 6628
1658 1 1 1 6629 6633 6630 6631 6632
1659 1 1 1 6633 6637 6634 6635 6636
1660 1 1 1 6637 6641 6638 6639 6640
1661 1 1 1 6641 6645 6642 6643 6644
1662 1 1 1 6645 6649 6646 6647 6648
1663 1 1 1 6649 6653 6650 6651 6652
1664 1 1 1 6653 6657 6654 6655 6656
1665 1 1 1 6657 6661 6658 6659 6660
1666 1 1 1 6661 6665 6662 6663 6664
1667 1 1 1 6665 6669 6666 6667 6668
1668 1 1 1 6669 6673 6670 6671 6672
1669 1 1 1 6673 6677 6674 6675 6676
1670 1 1 1 6677 6681 6678 6679 6680
1671 1 1 1 6681 6685 6682 6683 6684
1672 1 1 1 6685 6689 6686 6687 6688
1673 1 1 1 6689 6693 6690 6691 6692
1674 1 1 1 6693 6697 6694 6695 6696
1675 1 1 1 6697 6701 6698 6699 6700
1676 1 1 1 6701 6705 6702 6703 6704
1677 1 1 1 6705 6709 6706 6707 6708
1678 1 1 1 6709 6713 6710 6711 6712
1679 1 1 1 6713 6717 6714 6715 6716
1680 1 1 1 6717 6721 6718 6719 6720
1681 1 1 1 6721 6725 6722 6723 6724
1682 1 1 1 6725 6729 6726 6727 6728
1683 1 1 1 6729 6733 6730 6731 6732
1684 1 1 1 6733 6737 6734 6735 6736
1685 1 1 1 6737 6741 6738 6739 6740
1686 1 1 1 6741 6745 6742 6743 6744
1687 1 1 1 6745 6749 6746 6747 6748
1688 1 1 1 6749 6753 6750 6751 6752
1689 1 1 1 6753 6757 6754 6755 6756
1690 1 1 1 6757 6761 6758 6759 6760
1691 1 1 1 6761 6765 6762 6763 6764
1692 1 1 1 6765 6769 6766 6767 6768
1693 1 1 1 6769 6773 6770 6771 6772
1694 1 1 1 6773 6777 6774 6775 6776
1695 1 1 1 6777 6781 6778 6779 6780
1696 1 1 1 6781 6785 6782 6783 6784
1697 1 1 1 6785 6789 6786 6787 6788
1698 1 1 1 6789 6793 6790 6791 6792
1699 1 1 1 6793 6797 6794 6795 6796
1700 1 1 1 6797 6801 6798 6799 6800
1701 1 1 1 6801 6805 6802 6803 6804
1702 1 1 1 6805 6809 6806 6807 6808
1703 1 1 1 6809 6813 6810 6811 6812
1704 1 1 1 6813 6817 6814 6815 6816
1705 1 1 1 6817 6821 6818 6819 6820
1706 1 1 1 6821 6825 6822 6823 6824
1707 1 1 1 6825 6829 6826 6827 6828
1708 1 1 1 6829 6833 6830 6831 6832
1709 1 1 1 6833 6837 6834 6835 6836
1710 1 1 1 6837 6841 6838 6839 6840
1711 1 1 1 6841 6845 6842 6843 6844
1712 1 1 1 6845 6849 6846 6847 6848
1713 1 1 1 6849 6853 6850 6851 6852
1714 1 1 1 6853 6857 6854 6855 6856
1715 1 1 1 6857 6861 6858 6859 6860
1716 1 1 1 6861 6865 6862 6863 6864
1717 1 1 1 6865 6869 6866 6867 6868
1718 1 1 1 6869 6873 6870 6871 6872
1719 1 1 1 6873 6877 6874 6875 6876
1720 1 1 1 6877 6881 6878 6879 6880
1721 1 1 1 6881 6885 6882 6883 6884
1722 1 1 1 6885 6889 6886 6887 6888
1723 1 1 1 6889 6893 6890 6891 6892
1724 1 1 1 6893 6897 6894 6895 6896
1725 1 1 1 6897 6901 6898 6899 6900
1726 1 1 1 6901 6905 6902 6903 6904
1727 1 1 1 6905 6909 6906 6907 6908
1728 1 1 1 6909 6913 6910 6911 6912
1729 1 1 1 6913 6917 6914 6915 6916
1730 1 1 1 6917 6921 6918 6919 6920
1731 1 1 1 6921 6925 6922 6923 6924
1732 1 1 1 6925 6929 6926 6927 6928
1733 1 1 1 6929 6933 6930 6931 6932
1734 1 1 1 6933 6937 6934 6935 6936
1735 1 1 1 6937 6941 6938 6939 6940
1736 1 1 1 6941 6945 6942 6943 6944
1737 1 1 1 6945 6949 6946 6947 6948
1738 1 1 1 6949 6953 6950 6951 6952
1739 1 1 1 6953 6957 6954 6955 6956
1740 1 1 1 6957 6961 6958 6959 6960
1741 1 1 1 6961 6965 6962 6963 6964
1742 1 1 1 6965 6969 6966 6967 6968
1743 1 1 1 6969 6973 6970 6971 6972
1744 1 1 1 6973 6977 6974 6975 6976
1745 1 1 1 6977 6981 6978 6979 6980
1746 1 1 1 6981 6985 6982 6983 6984
1747 1 1 1 6985 6989 6986 6987 6988
1748 1 1 1 6989 6993 6990 6991 6992
1749 1 1 1 6993 6997 6994 6995 6996
1750 1 1 1 6997 7001 6998 6999 7000
1751 1 1 1 7001 7005 7002 7003 7004
1752 1 1 1 7005 7009 7006 7007 7008
1753 1 1 1 7009 7013 7010 7011 7012
1754 1 1 1 7013 7017 7014 7015 7016
1755 1 1 1 7017 7021 7018 7019 7020
1756 1 1 1 7021 7025 7022 7023 7024
1757 1 1 1 7025 7029 7026 7027 7028
1758 1 1 1 7029 7033 7030 7031 7032
1759 1 1 1 7033 7037 7034 7035 7036
1760 1 1 1 7037 7041 7038 7039 7040
1761 1 1 1 7041 7045 7042 7043 7044
1762 1 1 1 7045 7049 7046 7047 7048
1763 1 1 1 7049 7053 7050 7051 7052
1764 1 1 1 7053 7057 7054 7055 7056
1765 1 1 1 7057 7061 7058 7059 7060
1766 1 1 1 7061 7065 7062 7063 7064
1767 1 1 1 7065 7069 7066 7067 7068
1768 1 1 1 7069 7073 7070 7071 7072
1769 1 1 1 7073 7077 7074 7075 7076
1770 1 1 1 7077 7081 7078 7079 7080
1771 1 1 1 7081 7085 7082 7083 7084
1772 1 1 1 7085 7089 7086 7087 7088
1773 1 1 1 7089 7093 7090 7091 7092
1774 1 1 1 7093 7097 7094 7095 7096
1775 1 1 1 7097 7101 7098 7099 7100
1776 1 1 1 7101 7105 7102 7103 7104
1777 1 1 1 7105 7109 7106 7107 7108
1778 1 1 1 7109 7113 7110 7111 7112
1779 1 1 1 7113 7117 7114 7115 7116
1780 1 1 1 7117 7121 7118 7119 7120
1781 1 1 1 7121 7125 7122 7123 7124
1782 1 1 1 7125 7129 7126 7127 7128
1783 1 1 1 7129 7133 7130 7131 7132
1784 1 1 1 7133 7137 7134 7135 7136
1785 1 1 1 7137 7141 7138 7139 7140
1786 1 1 1 7141 7145 7142 7143 7144
1787 1 1 1 7145 7149 7146 7147 7148
1788 1 1 1 7149 7153 7150 7151 7152
1789 1 1 1 7153 7157 7154 7155 7156
1790 1 1 1 7157 7161 7158 7159 7160
1791 1 1 1 7161 7165 7162 7163 7164
1792 1 1 1 7165 7169 7166 7167 7168
1793 1 1 1 7169 7173 7170 7171 7172
1794 1 1 1 7173 7177 7174 7175 7176
1795 1 1 1 7177 7181 7178 7179 7180
1796 1 1 1 7181 7185 7182 7183 7184
1797 1 1 1 7185 7189 7186 7187 7188
1798 1 1 1 7189 7193 7190 7191 7192
1799 1 1 1 7193 7197 7194 7195 7196
1800 1 1 1 7197 7201 7198 7199 7200
1801 1 1 1 7201 7205 7202 7203 7204
1802 1 1 1 7205 7209 7206 7207 7208
1803 1 1 1 7209 7213 7210 7211 7212
1804 1 1 1 7213 7217 7214 7215 7216
1805 1 1 1 7217 7221 7218 7219 7220
1806 1 1 1 7221 7225 7222 7223 7224
1807 1 1 1 7225 7229 7226 7227 7228
1808 1 1 1 7229 7233 7230 7231 7232
1809 1 1 1 7233 7237 7234 7235 7236
1810 1 1 1 7237 7241 7238 7239 7240
1811 1 1 1 7241 7245 7242 7243 7244
1812 1 1 1 7245 7249 7246 7247 7248
1813 1 1 1 7249 7253 7250 7251 7252
1814 1 1 1 7253 7257 7254 7255 7256
1815 1 1 1 7257 7261 7258 7259 7260
1816 1 1 1 7261 7265 7262 7263 7264
1817 1 1 1 7265 7269 7266 7267 7268
1818 1 1 1 7269 7273 7270 7271 7272
1819 1 1 1 7273 7277 7274 7275 7276
1820 1 1 1 7277 7281 7278 7279 7280
1821 1 1 1 7281 7285 7282 7283 7284
1822 1 1 1 7285 7289 7286 7287 7288
1823 1 1 1 7289 7293 7290 7291 7292
1824 1 1 1 7293 7297 7294 7295 7296
1825 1 1 1 7297 7301 7298 7299 7300
1826 1 1 1 7301 7305 7302 7303 7304
1827 1 1 1 7305 7309 7306 7307 7308
1828 1 1 1 7309 7313 7310 7311 7312
1829 1 1 1 7313 7317 7314 7315 7316
1830 1 1 1 7317 7321 7318 7319 7320
1831 1 1 1 7321 7325 7322 7323 7324
1832 1 1 1 7325 7329 7326 7327 7328
1833 1 1 1 7329 7333 7330 7331 7332
1834 1 1 1 7333 7337 7334 7335 7336
1835 1 1 1 7337 7341 7338 7339 7340
1836 1 1 1 7341 7345 7342 7343 7344
1837 1 1 1 7345 7349 7346 7347 7348
1838 1 1 1 7349 7353 7350 7351 7352
1839 1 1 1 7353 7357 7354 7355 7356
1840 1 1 1 7357 7361 7358 7359 7360
1841 1 1 1 7361 7365 7362 7363 7364
1842 1 1 1 7365 7369 7366 7367 7368
1843 1 1 1 7369 7373 7370 7371 7372
1844 1 1 1 7373 7377 7374 7375 7376
1845 1 1 1 7377 7381 7378 7379 7380
1846 1 1 1 7381 7385 7382 7383 7384
1847 1 1 1 7385 7389 7386 7387 7388
1848 1 1 1 7389 7393 7390 7391 7392
1849 1 1 1 7393 7397 7394 7395 7396
1850 1 1 1 7397 7401 7398 7399 7400
1851 1 1 1 7401 7405 7402 7403 7404
1852 1 1 1 7405 7409 7406 7407 7408
1853 1 1 1 7409 7413 7410 7411 7412
1854 1 1 1 7413 7417 7414 7415 7416
1855 1 1 1 7417 7421 7418 7419 7420
1856 1 1 1 7421 7425 7422 7423 7424
1857 1 1 1 7425 7429 7426 7427 7428
1858 1 1 1 7429 7433 7430 7431 7432
1859 1 1 1 7433 7437 7434 7435 7436
1860 1 1 1 7437 7441 7438 7439 7440
1861 1 1 1 7441 7445 7442 7443 7444
1862 1 1 1 7445 7449 7446 7447 7448
1863 1 1 1 7449 7453 7450 7451 7452
1864 1 1 1 7453 7457 7454 7455 7456
1865 1 1 1 7457 7461 7458 7459 7460
1866 1 1 1 7461 7465 7462 7463 7464
1867 1 1 1 7465 7469 7466 7467 7468
1868 1 1 1 7469 7473 7470 7471 7472
1869 1 1 1 7473 7477 7474 7475 7476
1870 1 1 1 7477 7481 7478 7479 7480
1871 1 1 1 7481 7485 7482 7483 7484
1872 1 1 1 7485 7489 7486 7487 7488
1873 1 1 1 7489 7493 7490 7491 7492
1874 1 1 1 7493 7497 7494 7495 7496
1875 1 1 1 7497 7501 7498 7499 7500
1876 1 1 1 7501 7505 7502 7503 7504
1877 1 1 1 7505 7509 7506 7507 7508
1878 1 1 1 7509 7513 7510 7511 7512
1879 1 1 1 7513 7517 7514 7515 7516
1880 1 1 1 7517 7521 7518 7519 7520
1881 1 1 1 7521 7525 7522 7523 7524
1882 1 1 1 7525 7529 7526 7527 7528
1883 1 1 1 7529 7533 7530 7531 7532
1884 1 1 1 7533 7537 7534 7535 7536
1885 1 1 1 7537 7541 7538 7539 7540
1886 1 1 1 7541 7545 7542 7543 7544
1887 1 1 1 7545 7549 7546 7547 7548
1888 1 1 1 7549 7553 7550 7551 7552
1889 1 1 1 7553 7557 7554 7555 7556
1890 1 1 1 7557 7561 7558 7559 7560
1891 1 1 1 7561 7565 7562 7563 7564
1892 1 1 1 7565 7569 7566 7567 7568
1893 1 1 1 7569 7573 7570 7571 7572
1894 1 1 1 7573 7577 7574 7575 7576
1895 1 1 1 7577 7581 7578 7579 7580
1896 1 1 1 7581 7585 7582 7583 7584
1897 1 1 1 7585 7589 7586 7587 7588
1898 1 1 1 7589 7593 7590 7591 7592
1899 1 1 1 7593 7597 7594 7595 7596
1900 1 1 1 7597 7601 7598 7599 7600
1901 1 1 1 7601 7605 7602 7603 7604
1902 1 1 1 7605 7609 7606 7607 7608
1903 1 1 1 7609 7613 7610 7611 7612
1904 1 1 1 7613 7617 7614 7615 7616
1905 1 1 1 7617 7621 7618 7619 7620
1906 1 1 1 7621 7625 7622 7623 7624
1907 1 1 1 7625 7629 7626 7627 7628
1908 1 1 1 7629 7633 7630 7631 7632
1909 1 1 1 7633 7637 7634 7635 7636
1910 1 1 1 7637 7641 7638 7639 7640
1911 1 1 1 7641 7645 7642 7643 7644
1912 1 1 1 7645 7649 7646 7647 7648
1913 1 1 1 7649 7653 7650 7651 7652
1914 1 1 1 7653 7657 7654 7655 7656
1915 1 1 1 7657 7661 7658 7659 7660
1916 1 1 1 7661 7665 7662 7663 7664
1917 1 1 1 7665 7669 7666 7667 7668
1918 1 1 1 7669 7673 7670 7671 7672
1919 1 1 1 7673 7677 7674 7675 7676
1920 1 1 1 7677 7681 7678 7679 7680
1921 1 1 1 7681 7685 7682 7683 7684
1922 1 1 1 7685 7689 7686 7687 7688
1923 1 1 1 7689 7693 7690 7691 7692
1924 1 1 1 7693 7697 7694 7695 7696
1925 1 1 1 7697 7701 7698 7699 7700
1926 1 1 1 7701 7705 7702 7703 7704
1927 1 1 1 7705 7709 7706 7707 7708
1928 1 1 1 7709 7713 7710 7711 7712
1929 1 1 1 7713 7717 7714 7715 7716
1930 1 1 1 7717 7721 7718 7719 7720
1931 1 1 1 7721 7725 7722 7723 7724
1932 1 1 1 7725 7729 7726 7727 7728
1933 1 1 1 7729 7733 7730 7731 7732
1934 1 1 1 7733 7737 7734 7735 7736
1935 1 1 1 7737 7741 7738 7739 7740
1936 1 1 1 7741 7745 7742 7743 7744
1937 1 1 1 7745 7749 7746 7747 7748
1938 1 1 1 7749 7753 7750 7751 7752
1939 1 1 1 7753 7757 7754 7755 7756
1940 1 1 1 7757 7761 7758 7759 7760
1941 1 1 1 7761 7765 7762 7763 7764
1942 1 1 1 7765 7769 7766 7767 7768
1943 1 1 1 7769 7773 7770 7771 7772
1944 1 1 1 7773 7777 7774 7775 7776
1945 1 1 1 7777 7781 7778 7779 7780
1946 1 1 1 7781 7785 7782 7783 7784
1947 1 1 1 7785 7789 7786 7787 7788
1948 1 1 1 7789 7793 7790 7791 7792
1949 1 1 1 7793 7797 7794 7795 7796
1950 1 1 1 7797 7801 7798 7799 7800
1951 1 1 1 7801 7805 7802 7803 7804
1952 1 1 1 7805 7809 7806 7807 7808
1953 1 1 1 7809 7813 7810 7811 7812
1954 1 1 1 7813 7817 7814 7815 7816
1955 1 1 1 7817 7821 7818 7819 7820
1956 1 1 1 7821 7825 7822 7823 7824
1957 1 1 1 7825 7829 7826 7827 7828
1958 1 1 1 7829 7833 7830 7831 7832
1959 1 1 1 7833 7837 7834 7835 7836
1960 1 1 1 7837 7841 7838 7839 7840
1961 1 1 1 7841 7845 7842 7843 7844
1962 1 1 1 7845 7849 7846 7847 7848
1963 1 1 1 7849 7853 7850 7851 7852
1964 1 1 1 7853 7857 7854 7855 7856
1965 1 1 1 7857 7861 7858 7859 7860
1966 1 1 1 7861 7865 7862 7863 7864
1967 1 1 1 7865 7869 7866 7867 7868
1968 1 1 1 7869 7873 7870 7871 7872
1969 1 1 1 7873 7877 7874 7875 7876
1970 1 1 1 7877 7881 7878 7879 7880
1971 1 1 1 7881 7885 7882 7883 7884
1972 1 1 1 7885 7889 7886 7887 7888
1973 1 1 1 7889 7893 7890 7891 7892
1974 1 1 1 7893 7897 7894 7895 7896
1975 1 1 1 7897 7901 7898 7899 7900
1976 1 1 1 7901 7905 7902 7903 7904
1977 1 1 1 7905 7909 7906 7907 7908
1978 1 1 1 7909 7913 7910 7911 7912
1979 1 1 1 7913 7917 7914 7915 7916
1980 1 1 1 7917 7921 7918 7919 7920
1981 1 1 1 7921 7925 7922 7923 7924
1982 1 1 1 7925 7929 7926 7927 7928
1983 1 1 1 7929 7933 7930 7931 7932
1984 1 1 1 7933 7937 7934 7935 7936
1985 1 1 1 7937 7941 7938 7939 7940
1986 1 1 1 7941 7945 7942 7943 7944
1987 1 1 1 7945 7949 7946 7947 7948
1988 1 1 1 7949 7953 7950 7951 7952
1989 1 1 1 7953 7957 7954 7955 7956
1990 1 1 1 7957 7961 7958 7959 7960
1991 1 1 1 7961 7965 7962 7963 7964
1992 1 1 1 7965 7969 7966 7967 7968
1993 1 1 1 7969 7973 7970 7971 7972
1994 1 1 1 7973 7977 7974 7975 7976
1995 1 1 1 7977 7981 7978 7979 7980
1996 1 1 1 7981 7985 7982 7983 7984
1997 1 1 1 7985 7989 7986 7987 7988
1998 1 1 1 7989 7993 7990 7991 7992
1999 1 1 1 7993 7997 7994 7995 7996
2000 1 1 1 7997 8001 7998 7999 8000
2001 1 1 1 8001 8005 8002 8003 8004
2002 1 1 1 8005 8009 8006 8007 8008
2003 1 1 1 8009 8013 8010 8011 8012
2004 1 1 1 8013 8017 8014 8015 8016
2005 1 1 1 8017 8021 8018 8019 8020
2006 1 1 1 8021 8025 8022 8023 8024
2007 1 1 1 8025 8029 8026 8027 8028
2008 1 1 1 8029 8033 8030 8031 8032
2009 1 1 1 8033 8037 8034 8035 8036
2010 1 1 1 8037 8041 8038 8039 8040
2011 1 1 1 8041 8045 8042 8043 8044
2012 1 1 1 8045 8049 8046 8047 8048
2013 1 1 1 8049 8053 8050 8051 8052
2014 1 1 1 8053 8057 8054 8055 8056
2015 1 1 1 8057 8061 8058 8059 8060
2016 1 1 1 8061 8065 8062 8063 8064
2017 1 1 1 8065 8069 8066 8067 8068
2018 1 1 1 8069 8073 8070 8071 8072
2019 1 1 1 8073 8077 8074 8075 8076
2020 1 1 1 8077 8081 8078 8079 8080
2021 1 1 1 8081 8085 8082 8083 8084
2022 1 1 1 8085 8089 8086 8087 8088
2023 1 1 1 8089 8093 8090 8091 8092
2024 1 1 1 8093 8097 8094 8095 8096
2025 1 1 1 8097 8101 8098 8099 8100
2026 1 1 1 8101 8105 8102 8103 8104
2027 1 1 1 8105 8109 8106 8107 8108
2028 1 1 1 8109 8113 8110 8111 8112
2029 1 1 1 8113 8117 8114 8115 8116
2030 1 1 1 8117 8121 8118 8119 8120
2031 1 1 1 8121 8125 8122 8123 8124
2032 1 1 1 8125 8129 8126 8127 8128
2033 1 1 1 8129 8133 8130 8131 8132
2034 1 1 1 8133 8137 8134 8135 8136
2035 1 1 1 8137 8141 8138 8139 8140
2036 1 1 1 8141 8145 8142 8143 8144
2037 1 1 1 8145 8149 8146 8147 8148
2038 1 1 1 8149 8153 8150 8151 8152
2039 1 1 1 8153 8157 8154 8155 8156
2040 1 1 1 8157 8161 8158 8159 8160
2041 1 1 1 8161 8165 8162 8163 8164
2042 1 1 1 8165 8169 8166 8167 8168
2043 1 1 1 8169 8173 8170 8171 8172
2044 1 1 1 8173 8177 8174 8175 8176
2045 1 1 1 8177 8181 8178 8179 8180
2046 1 1 1 8181 8185 8182 8183 8184
2047 1 1 1 8185 8189 8186 8187 8188
2048 1 1 1 8189 8193 8190 8191 8192
