1 1 1 1 1 3 2
2 1 1 1 3 5 4
3 1 1 1 5 7 6
4 1 1 1 7 9 8
5 1 1 1 9 11 10
6 1 1 1 11 13 12
7 1 1 1 13 15 14
8 1 1 1 15 17 16
9 1 1 1 17 19 18
10 1 1 1 19 21 20
11 1 1 1 21 23 22
12 1 1 1 23 25 24
13 1 1 1 25 27 26
14 1 1 1 27 29 28
15 1 1 1 29 31 30
16 1 1 1 31 33 32
17 1 1 1 33 35 34
18 1 1 1 35 37 36
19 1 1 1 37 39 38
20 1 1 1 39 41 40
21 1 1 1 41 43 42
22 1 1 1 43 45 44
23 1 1 1 45 47 46
24 1 1 1 47 49 48
25 1 1 1 49 51 50
26 1 1 1 51 53 52
27 1 1 1 53 55 54
28 1 1 1 55 57 56
29 1 1 1 57 59 58
30 1 1 1 59 61 60
31 1 1 1 61 63 62
32 1 1 1 63 65 64
33 1 1 1 65 67 66
34 1 1 1 67 69 68
35 1 1 1 69 71 70
36 1 1 1 71 73 72
37 1 1 1 73 75 74
38 1 1 1 75 77 76
39 1 1 1 77 79 78
40 1 1 1 79 81 80
41 1 1 1 81 83 82
42 1 1 1 83 85 84
43 1 1 1 85 87 86
44 1 1 1 87 89 88
45 1 1 1 89 91 90
46 1 1 1 91 93 92
47 1 1 1 93 95 94
48 1 1 1 95 97 96
49 1 1 1 97 99 98
50 1 1 1 99 101 100
51 1 1 1 101 103 102
52 1 1 1 103 105 104
53 1 1 1 105 107 106
54 1 1 1 107 109 108
55 1 1 1 109 111 110
56 1 1 1 111 113 112
57 1 1 1 113 115 114
58 1 1 1 115 117 116
59 1 1 1 117 119 118
60 1 1 1 119 121 120
61 1 1 1 121 123 122
62 1 1 1 123 125 124
63 1 1 1 125 127 126
64 1 1 1 127 129 128
65 1 1 1 129 131 130
66 1 1 1 131 133 132
67 1 1 1 133 135 134
68 1 1 1 135 137 136
69 1 1 1 137 139 138
70 1 1 1 139 141 140
71 1 1 1 141 143 142
72 1 1 1 143 145 144
73 1 1 1 145 147 146
74 1 1 1 147 149 148
75 1 1 1 149 151 150
76 1 1 1 151 153 152
77 1 1 1 153 155 154
78 1 1 1 155 157 156
79 1 1 1 157 159 158
80 1 1 1 159 161 160
81 1 1 1 161 163 162
82 1 1 1 163 165 164
83 1 1 1 165 167 166
84 1 1 1 167 169 168
85 1 1 1 169 171 170
86 1 1 1 171 173 172
87 1 1 1 173 175 174
88 1 1 1 175 177 176
89 1 1 1 177 179 178
90 1 1 1 179 181 180
91 1 1 1 181 183 182
92 1 1 1 183 185 184
93 1 1 1 185 187 186
94 1 1 1 187 189 188
95 1 1 1 189 191 190
96 1 1 1 191 193 192
97 1 1 1 193 195 194
98 1 1 1 195 197 196
99 1 1 1 197 199 198
100 1 1 1 199 201 200
101 1 1 1 201 203 202
102 1 1 1 203 205 204
103 1 1 1 205 207 206
104 1 1 1 207 209 208
105 1 1 1 209 211 210
106 1 1 1 211 213 212
107 1 1 1 213 215 214
108 1 1 1 215 217 216
109 1 1 1 217 219 218
110 1 1 1 219 221 220
111 1 1 1 221 223 222
112 1 1 1 223 225 224
113 1 1 1 225 227 226
114 1 1 1 227 229 228
115 1 1 1 229 231 230
116 1 1 1 231 233 232
117 1 1 1 233 235 234
118 1 1 1 235 237 236
119 1 1 1 237 239 238
120 1 1 1 239 241 240
121 1 1 1 241 243 242
122 1 1 1 243 245 244
123 1 1 1 245 247 246
124 1 1 1 247 249 248
125 1 1 1 249 251 250
126 1 1 1 251 253 252
127 1 1 1 253 255 254
128 1 1 1 255 257 256
129 1 1 1 257 259 258
130 1 1 1 259 261 260
131 1 1 1 261 263 262
132 1 1 1 263 265 264
133 1 1 1 265 267 266
134 1 1 1 267 269 268
135 1 1 1 269 271 270
136 1 1 1 271 273 272
137 1 1 1 273 275 274
138 1 1 1 275 277 276
139 1 1 1 277 279 278
140 1 1 1 279 281 280
141 1 1 1 281 283 282
142 1 1 1 283 285 284
143 1 1 1 285 287 286
144 1 1 1 287 289 288
145 1 1 1 289 291 290
146 1 1 1 291 293 292
147 1 1 1 293 295 294
148 1 1 1 295 297 296
149 1 1 1 297 299 298
150 1 1 1 299 301 300
151 1 1 1 301 303 302
152 1 1 1 303 305 304
153 1 1 1 305 307 306
154 1 1 1 307 309 308
155 1 1 1 309 311 310
156 1 1 1 311 313 312
157 1 1 1 313 315 314
158 1 1 1 315 317 316
159 1 1 1 317 319 318
160 1 1 1 319 321 320
161 1 1 1 321 323 322
162 1 1 1 323 325 324
163 1 1 1 325 327 326
164 1 1 1 327 329 328
165 1 1 1 329 331 330
166 1 1 1 331 333 332
167 1 1 1 333 335 334
168 1 1 1 335 337 336
169 1 1 1 337 339 338
170 1 1 1 339 341 340
171 1 1 1 341 343 342
172 1 1 1 343 345 344
173 1 1 1 345 347 346
174 1 1 1 347 349 348
175 1 1 1 349 351 350
176 1 1 1 351 353 352
177 1 1 1 353 355 354
178 1 1 1 355 357 356
179 1 1 1 357 359 358
180 1 1 1 359 361 360
181 1 1 1 361 363 362
182 1 1 1 363 365 364
183 1 1 1 365 367 366
184 1 1 1 367 369 368
185 1 1 1 369 371 370
186 1 1 1 371 373 372
187 1 1 1 373 375 374
188 1 1 1 375 377 376
189 1 1 1 377 379 378
190 1 1 1 379 381 380
191 1 1 1 381 383 382
192 1 1 1 383 385 384
193 1 1 1 385 387 386
194 1 1 1 387 389 388
195 1 1 1 389 391 390
196 1 1 1 391 393 392
197 1 1 1 393 395 394
198 1 1 1 395 397 396
199 1 1 1 397 399 398
200 1 1 1 399 401 400
201 1 1 1 401 403 402
202 1 1 1 403 405 404
203 1 1 1 405 407 406
204 1 1 1 407 409 408
205 1 1 1 409 411 410
206 1 1 1 411 413 412
207 1 1 1 413 415 414
208 1 1 1 415 417 416
209 1 1 1 417 419 418
210 1 1 1 419 421 420
211 1 1 1 421 423 422
212 1 1 1 423 425 424
213 1 1 1 425 427 426
214 1 1 1 427 429 428
215 1 1 1 429 431 430
216 1 1 1 431 433 432
217 1 1 1 433 435 434
218 1 1 1 435 437 436
219 1 1 1 437 439 438
220 1 1 1 439 441 440
221 1 1 1 441 443 442
222 1 1 1 443 445 444
223 1 1 1 445 447 446
224 1 1 1 447 449 448
225 1 1 1 449 451 450
226 1 1 1 451 453 452
227 1 1 1 453 455 454
228 1 1 1 455 457 456
229 1 1 1 457 459 458
230 1 1 1 459 461 460
231 1 1 1 461 463 462
232 1 1 1 463 465 464
233 1 1 1 465 467 466
234 1 1 1 467 469 468
235 1 1 1 469 471 470
236 1 1 1 471 473 472
237 1 1 1 473 475 474
238 1 1 1 475 477 476
239 1 1 1 477 479 478
240 1 1 1 479 481 480
241 1 1 1 481 483 482
242 1 1 1 483 485 484
243 1 1 1 485 487 486
244 1 1 1 487 489 488
245 1 1 1 489 491 490
246 1 1 1 491 493 492
247 1 1 1 493 495 494
248 1 1 1 495 497 496
249 1 1 1 497 499 498
250 1 1 1 499 501 500
251 1 1 1 501 503 502
252 1 1 1 503 505 504
253 1 1 1 505 507 506
254 1 1 1 507 509 508
255 1 1 1 509 511 510
256 1 1 1 511 513 512
257 1 1 1 513 515 514
258 1 1 1 515 517 516
259 1 1 1 517 519 518
260 1 1 1 519 521 520
261 1 1 1 521 523 522
262 1 1 1 523 525 524
263 1 1 1 525 527 526
264 1 1 1 527 529 528
265 1 1 1 529 531 530
266 1 1 1 531 533 532
267 1 1 1 533 535 534
268 1 1 1 535 537 536
269 1 1 1 537 539 538
270 1 1 1 539 541 540
271 1 1 1 541 543 542
272 1 1 1 543 545 544
273 1 1 1 545 547 546
274 1 1 1 547 549 548
275 1 1 1 549 551 550
276 1 1 1 551 553 552
277 1 1 1 553 555 554
278 1 1 1 555 557 556
279 1 1 1 557 559 558
280 1 1 1 559 561 560
281 1 1 1 561 563 562
282 1 1 1 563 565 564
283 1 1 1 565 567 566
284 1 1 1 567 569 568
285 1 1 1 569 571 570
286 1 1 1 571 573 572
287 1 1 1 573 575 574
288 1 1 1 575 577 576
289 1 1 1 577 579 578
290 1 1 1 579 581 580
291 1 1 1 581 583 582
292 1 1 1 583 585 584
293 1 1 1 585 587 586
294 1 1 1 587 589 588
295 1 1 1 589 591 590
296 1 1 1 591 593 592
297 1 1 1 593 595 594
298 1 1 1 595 597 596
299 1 1 1 597 599 598
300 1 1 1 599 601 600
301 1 1 1 601 603 602
302 1 1 1 603 605 604
303 1 1 1 605 607 606
304 1 1 1 607 609 608
305 1 1 1 609 611 610
306 1 1 1 611 613 612
307 1 1 1 613 615 614
308 1 1 1 615 617 616
309 1 1 1 617 619 618
310 1 1 1 619 621 620
311 1 1 1 621 623 622
312 1 1 1 623 625 624
313 1 1 1 625 627 626
314 1 1 1 627 629 628
315 1 1 1 629 631 630
316 1 1 1 631 633 632
317 1 1 1 633 635 634
318 1 1 1 635 637 636
319 1 1 1 637 639 638
320 1 1 1 639 641 640
321 1 1 1 641 643 642
322 1 1 1 643 645 644
323 1 1 1 645 647 646
324 1 1 1 647 649 648
325 1 1 1 649 651 650
326 1 1 1 651 653 652
327 1 1 1 653 655 654
328 1 1 1 655 657 656
329 1 1 1 657 659 658
330 1 1 1 659 661 660
331 1 1 1 661 663 662
332 1 1 1 663 665 664
333 1 1 1 665 667 666
334 1 1 1 667 669 668
335 1 1 1 669 671 670
336 1 1 1 671 673 672
337 1 1 1 673 675 674
338 1 1 1 675 677 676
339 1 1 1 677 679 678
340 1 1 1 679 681 680
341 1 1 1 681 683 682
342 1 1 1 683 685 684
343 1 1 1 685 687 686
344 1 1 1 687 689 688
345 1 1 1 689 691 690
346 1 1 1 691 693 692
347 1 1 1 693 695 694
348 1 1 1 695 697 696
349 1 1 1 697 699 698
350 1 1 1 699 701 700
351 1 1 1 701 703 702
352 1 1 1 703 705 704
353 1 1 1 705 707 706
354 1 1 1 707 709 708
355 1 1 1 709 711 710
356 1 1 1 711 713 712
357 1 1 1 713 715 714
358 1 1 1 715 717 716
359 1 1 1 717 719 718
360 1 1 1 719 721 720
361 1 1 1 721 723 722
362 1 1 1 723 725 724
363 1 1 1 725 727 726
364 1 1 1 727 729 728
365 1 1 1 729 731 730
366 1 1 1 731 733 732
367 1 1 1 733 735 734
368 1 1 1 735 737 736
369 1 1 1 737 739 738
370 1 1 1 739 741 740
371 1 1 1 741 743 742
372 1 1 1 743 745 744
373 1 1 1 745 747 746
374 1 1 1 747 749 748
375 1 1 1 749 751 750
376 1 1 1 751 753 752
377 1 1 1 753 755 754
378 1 1 1 755 757 756
379 1 1 1 757 759 758
380 1 1 1 759 761 760
381 1 1 1 761 763 762
382 1 1 1 763 765 764
383 1 1 1 765 767 766
