1 1 1 1 1 4 2 3
2 1 1 1 4 7 5 6
3 1 1 1 7 10 8 9
4 1 1 1 10 13 11 12
5 1 1 1 13 16 14 15
6 1 1 1 16 19 17 18
7 1 1 1 19 22 20 21
8 1 1 1 22 25 23 24
9 1 1 1 25 28 26 27
10 1 1 1 28 31 29 30
11 1 1 1 31 34 32 33
12 1 1 1 34 37 35 36
13 1 1 1 37 40 38 39
14 1 1 1 40 43 41 42
15 1 1 1 43 46 44 45
16 1 1 1 46 49 47 48
17 1 1 1 49 52 50 51
18 1 1 1 52 55 53 54
19 1 1 1 55 58 56 57
20 1 1 1 58 61 59 60
21 1 1 1 61 64 62 63
22 1 1 1 64 67 65 66
23 1 1 1 67 70 68 69
24 1 1 1 70 73 71 72
25 1 1 1 73 76 74 75
26 1 1 1 76 79 77 78
27 1 1 1 79 82 80 81
28 1 1 1 82 85 83 84
29 1 1 1 85 88 86 87
30 1 1 1 88 91 89 90
31 1 1 1 91 94 92 93
32 1 1 1 94 97 95 96
33 1 1 1 97 100 98 99
34 1 1 1 100 103 101 102
35 1 1 1 103 106 104 105
36 1 1 1 106 109 107 108
37 1 1 1 109 112 110 111
38 1 1 1 112 115 113 114
39 1 1 1 115 118 116 117
40 1 1 1 118 121 119 120
41 1 1 1 121 124 122 123
42 1 1 1 124 127 125 126
43 1 1 1 127 130 128 129
44 1 1 1 130 133 131 132
45 1 1 1 133 136 134 135
46 1 1 1 136 139 137 138
47 1 1 1 139 142 140 141
48 1 1 1 142 145 143 144
49 1 1 1 145 148 146 147
50 1 1 1 148 151 149 150
51 1 1 1 151 154 152 153
52 1 1 1 154 157 155 156
53 1 1 1 157 160 158 159
54 1 1 1 160 163 161 162
55 1 1 1 163 166 164 165
56 1 1 1 166 169 167 168
57 1 1 1 169 172 170 171
58 1 1 1 172 175 173 174
59 1 1 1 175 178 176 177
60 1 1 1 178 181 179 180
61 1 1 1 181 184 182 183
62 1 1 1 184 187 185 186
63 1 1 1 187 190 188 189
64 1 1 1 190 193 191 192
65 1 1 1 193 196 194 195
66 1 1 1 196 199 197 198
67 1 1 1 199 202 200 201
68 1 1 1 202 205 203 204
69 1 1 1 205 208 206 207
70 1 1 1 208 211 209 210
71 1 1 1 211 214 212 213
72 1 1 1 214 217 215 216
73 1 1 1 217 220 218 219
74 1 1 1 220 223 221 222
75 1 1 1 223 226 224 225
76 1 1 1 226 229 227 228
77 1 1 1 229 232 230 231
78 1 1 1 232 235 233 234
79 1 1 1 235 238 236 237
80 1 1 1 238 241 239 240
81 1 1 1 241 244 242 243
82 1 1 1 244 247 245 246
83 1 1 1 247 250 248 249
84 1 1 1 250 253 251 252
85 1 1 1 253 256 254 255
86 1 1 1 256 259 257 258
87 1 1 1 259 262 260 261
88 1 1 1 262 265 263 264
89 1 1 1 265 268 266 267
90 1 1 1 268 271 269 270
91 1 1 1 271 274 272 273
92 1 1 1 274 277 275 276
93 1 1 1 277 280 278 279
94 1 1 1 280 283 281 282
95 1 1 1 283 286 284 285
96 1 1 1 286 289 287 288
97 1 1 1 289 292 290 291
98 1 1 1 292 295 293 294
99 1 1 1 295 298 296 297
100 1 1 1 298 301 299 300
101 1 1 1 301 304 302 303
102 1 1 1 304 307 305 306
103 1 1 1 307 310 308 309
104 1 1 1 310 313 311 312
105 1 1 1 313 316 314 315
106 1 1 1 316 319 317 318
107 1 1 1 319 322 320 321
108 1 1 1 322 325 323 324
109 1 1 1 325 328 326 327
110 1 1 1 328 331 329 330
111 1 1 1 331 334 332 333
112 1 1 1 334 337 335 336
113 1 1 1 337 340 338 339
114 1 1 1 340 343 341 342
115 1 1 1 343 346 344 345
116 1 1 1 346 349 347 348
117 1 1 1 349 352 350 351
118 1 1 1 352 355 353 354
119 1 1 1 355 358 356 357
120 1 1 1 358 361 359 360
121 1 1 1 361 364 362 363
122 1 1 1 364 367 365 366
123 1 1 1 367 370 368 369
124 1 1 1 370 373 371 372
125 1 1 1 373 376 374 375
126 1 1 1 376 379 377 378
127 1 1 1 379 382 380 381
128 1 1 1 382 385 383 384
129 1 1 1 385 388 386 387
130 1 1 1 388 391 389 390
131 1 1 1 391 394 392 393
132 1 1 1 394 397 395 396
133 1 1 1 397 400 398 399
134 1 1 1 400 403 401 402
135 1 1 1 403 406 404 405
136 1 1 1 406 409 407 408
137 1 1 1 409 412 410 411
138 1 1 1 412 415 413 414
139 1 1 1 415 418 416 417
140 1 1 1 418 421 419 420
141 1 1 1 421 424 422 423
142 1 1 1 424 427 425 426
143 1 1 1 427 430 428 429
144 1 1 1 430 433 431 432
145 1 1 1 433 436 434 435
146 1 1 1 436 439 437 438
147 1 1 1 439 442 440 441
148 1 1 1 442 445 443 444
149 1 1 1 445 448 446 447
150 1 1 1 448 451 449 450
151 1 1 1 451 454 452 453
152 1 1 1 454 457 455 456
153 1 1 1 457 460 458 459
154 1 1 1 460 463 461 462
155 1 1 1 463 466 464 465
156 1 1 1 466 469 467 468
157 1 1 1 469 472 470 471
158 1 1 1 472 475 473 474
159 1 1 1 475 478 476 477
160 1 1 1 478 481 479 480
161 1 1 1 481 484 482 483
162 1 1 1 484 487 485 486
163 1 1 1 487 490 488 489
164 1 1 1 490 493 491 492
165 1 1 1 493 496 494 495
166 1 1 1 496 499 497 498
167 1 1 1 499 502 500 501
168 1 1 1 502 505 503 504
169 1 1 1 505 508 506 507
170 1 1 1 508 511 509 510
171 1 1 1 511 514 512 513
172 1 1 1 514 517 515 516
173 1 1 1 517 520 518 519
174 1 1 1 520 523 521 522
175 1 1 1 523 526 524 525
176 1 1 1 526 529 527 528
177 1 1 1 529 532 530 531
178 1 1 1 532 535 533 534
179 1 1 1 535 538 536 537
180 1 1 1 538 541 539 540
181 1 1 1 541 544 542 543
182 1 1 1 544 547 545 546
183 1 1 1 547 550 548 549
184 1 1 1 550 553 551 552
185 1 1 1 553 556 554 555
186 1 1 1 556 559 557 558
187 1 1 1 559 562 560 561
188 1 1 1 562 565 563 564
189 1 1 1 565 568 566 567
190 1 1 1 568 571 569 570
191 1 1 1 571 574 572 573
192 1 1 1 574 577 575 576
193 1 1 1 577 580 578 579
194 1 1 1 580 583 581 582
195 1 1 1 583 586 584 585
196 1 1 1 586 589 587 588
197 1 1 1 589 592 590 591
198 1 1 1 592 595 593 594
199 1 1 1 595 598 596 597
200 1 1 1 598 601 599 600
201 1 1 1 601 604 602 603
202 1 1 1 604 607 605 606
203 1 1 1 607 610 608 609
204 1 1 1 610 613 611 612
205 1 1 1 613 616 614 615
206 1 1 1 616 619 617 618
207 1 1 1 619 622 620 621
208 1 1 1 622 625 623 624
209 1 1 1 625 628 626 627
210 1 1 1 628 631 629 630
211 1 1 1 631 634 632 633
212 1 1 1 634 637 635 636
213 1 1 1 637 640 638 639
214 1 1 1 640 643 641 642
215 1 1 1 643 646 644 645
216 1 1 1 646 649 647 648
217 1 1 1 649 652 650 651
218 1 1 1 652 655 653 654
219 1 1 1 655 658 656 657
220 1 1 1 658 661 659 660
221 1 1 1 661 664 662 663
222 1 1 1 664 667 665 666
223 1 1 1 667 670 668 669
224 1 1 1 670 673 671 672
225 1 1 1 673 676 674 675
226 1 1 1 676 679 677 678
227 1 1 1 679 682 680 681
228 1 1 1 682 685 683 684
229 1 1 1 685 688 686 687
230 1 1 1 688 691 689 690
231 1 1 1 691 694 692 693
232 1 1 1 694 697 695 696
233 1 1 1 697 700 698 699
234 1 1 1 700 703 701 702
235 1 1 1 703 706 704 705
236 1 1 1 706 709 707 708
237 1 1 1 709 712 710 711
238 1 1 1 712 715 713 714
239 1 1 1 715 718 716 717
240 1 1 1 718 721 719 720
241 1 1 1 721 724 722 723
242 1 1 1 724 727 725 726
243 1 1 1 727 730 728 729
244 1 1 1 730 733 731 732
245 1 1 1 733 736 734 735
246 1 1 1 736 739 737 738
247 1 1 1 739 742 740 741
248 1 1 1 742 745 743 744
249 1 1 1 745 748 746 747
250 1 1 1 748 751 749 750
251 1 1 1 751 754 752 753
252 1 1 1 754 757 755 756
253 1 1 1 757 760 758 759
254 1 1 1 760 763 761 762
255 1 1 1 763 766 764 765
256 1 1 1 766 769 767 768
257 1 1 1 769 772 770 771
258 1 1 1 772 775 773 774
259 1 1 1 775 778 776 777
260 1 1 1 778 781 779 780
261 1 1 1 781 784 782 783
262 1 1 1 784 787 785 786
263 1 1 1 787 790 788 789
264 1 1 1 790 793 791 792
265 1 1 1 793 796 794 795
266 1 1 1 796 799 797 798
267 1 1 1 799 802 800 801
268 1 1 1 802 805 803 804
269 1 1 1 805 808 806 807
270 1 1 1 808 811 809 810
271 1 1 1 811 814 812 813
272 1 1 1 814 817 815 816
273 1 1 1 817 820 818 819
274 1 1 1 820 823 821 822
275 1 1 1 823 826 824 825
276 1 1 1 826 829 827 828
277 1 1 1 829 832 830 831
278 1 1 1 832 835 833 834
279 1 1 1 835 838 836 837
280 1 1 1 838 841 839 840
281 1 1 1 841 844 842 843
282 1 1 1 844 847 845 846
283 1 1 1 847 850 848 849
284 1 1 1 850 853 851 852
285 1 1 1 853 856 854 855
286 1 1 1 856 859 857 858
287 1 1 1 859 862 860 861
288 1 1 1 862 865 863 864
289 1 1 1 865 868 866 867
290 1 1 1 868 871 869 870
291 1 1 1 871 874 872 873
292 1 1 1 874 877 875 876
293 1 1 1 877 880 878 879
294 1 1 1 880 883 881 882
295 1 1 1 883 886 884 885
296 1 1 1 886 889 887 888
297 1 1 1 889 892 890 891
298 1 1 1 892 895 893 894
299 1 1 1 895 898 896 897
300 1 1 1 898 901 899 900
301 1 1 1 901 904 902 903
302 1 1 1 904 907 905 906
303 1 1 1 907 910 908 909
304 1 1 1 910 913 911 912
305 1 1 1 913 916 914 915
306 1 1 1 916 919 917 918
307 1 1 1 919 922 920 921
308 1 1 1 922 925 923 924
309 1 1 1 925 928 926 927
310 1 1 1 928 931 929 930
311 1 1 1 931 934 932 933
312 1 1 1 934 937 935 936
313 1 1 1 937 940 938 939
314 1 1 1 940 943 941 942
315 1 1 1 943 946 944 945
316 1 1 1 946 949 947 948
317 1 1 1 949 952 950 951
318 1 1 1 952 955 953 954
319 1 1 1 955 958 956 957
320 1 1 1 958 961 959 960
321 1 1 1 961 964 962 963
322 1 1 1 964 967 965 966
323 1 1 1 967 970 968 969
324 1 1 1 970 973 971 972
325 1 1 1 973 976 974 975
326 1 1 1 976 979 977 978
327 1 1 1 979 982 980 981
328 1 1 1 982 985 983 984
329 1 1 1 985 988 986 987
330 1 1 1 988 991 989 990
331 1 1 1 991 994 992 993
332 1 1 1 994 997 995 996
333 1 1 1 997 1000 998 999
334 1 1 1 1000 1003 1001 1002
335 1 1 1 1003 1006 1004 1005
336 1 1 1 1006 1009 1007 1008
337 1 1 1 1009 1012 1010 1011
338 1 1 1 1012 1015 1013 1014
339 1 1 1 1015 1018 1016 1017
340 1 1 1 1018 1021 1019 1020
341 1 1 1 1021 1024 1022 1023
342 1 1 1 1024 1027 1025 1026
343 1 1 1 1027 1030 1028 1029
344 1 1 1 1030 1033 1031 1032
345 1 1 1 1033 1036 1034 1035
346 1 1 1 1036 1039 1037 1038
347 1 1 1 1039 1042 1040 1041
348 1 1 1 1042 1045 1043 1044
349 1 1 1 1045 1048 1046 1047
350 1 1 1 1048 1051 1049 1050
351 1 1 1 1051 1054 1052 1053
352 1 1 1 1054 1057 1055 1056
353 1 1 1 1057 1060 1058 1059
354 1 1 1 1060 1063 1061 1062
355 1 1 1 1063 1066 1064 1065
356 1 1 1 1066 1069 1067 1068
357 1 1 1 1069 1072 1070 1071
358 1 1 1 1072 1075 1073 1074
359 1 1 1 1075 1078 1076 1077
360 1 1 1 1078 1081 1079 1080
361 1 1 1 1081 1084 1082 1083
362 1 1 1 1084 1087 1085 1086
363 1 1 1 1087 1090 1088 1089
364 1 1 1 1090 1093 1091 1092
365 1 1 1 1093 1096 1094 1095
366 1 1 1 1096 1099 1097 1098
367 1 1 1 1099 1102 1100 1101
368 1 1 1 1102 1105 1103 1104
369 1 1 1 1105 1108 1106 1107
370 1 1 1 1108 1111 1109 1110
371 1 1 1 1111 1114 1112 1113
372 1 1 1 1114 1117 1115 1116
373 1 1 1 1117 1120 1118 1119
374 1 1 1 1120 1123 1121 1122
375 1 1 1 1123 1126 1124 1125
376 1 1 1 1126 1129 1127 1128
377 1 1 1 1129 1132 1130 1131
378 1 1 1 1132 1135 1133 1134
379 1 1 1 1135 1138 1136 1137
380 1 1 1 1138 1141 1139 1140
381 1 1 1 1141 1144 1142 1143
382 1 1 1 1144 1147 1145 1146
383 1 1 1 1147 1150 1148 1149
384 1 1 1 1150 1153 1151 1152
385 1 1 1 1153 1156 1154 1155
386 1 1 1 1156 1159 1157 1158
387 1 1 1 1159 1162 1160 1161
388 1 1 1 1162 1165 1163 1164
389 1 1 1 1165 1168 1166 1167
390 1 1 1 1168 1171 1169 1170
391 1 1 1 1171 1174 1172 1173
392 1 1 1 1174 1177 1175 1176
393 1 1 1 1177 1180 1178 1179
394 1 1 1 1180 1183 1181 1182
395 1 1 1 1183 1186 1184 1185
396 1 1 1 1186 1189 1187 1188
397 1 1 1 1189 1192 1190 1191
398 1 1 1 1192 1195 1193 1194
399 1 1 1 1195 1198 1196 1197
400 1 1 1 1198 1201 1199 1200
401 1 1 1 1201 1204 1202 1203
402 1 1 1 1204 1207 1205 1206
403 1 1 1 1207 1210 1208 1209
404 1 1 1 1210 1213 1211 1212
405 1 1 1 1213 1216 1214 1215
406 1 1 1 1216 1219 1217 1218
407 1 1 1 1219 1222 1220 1221
408 1 1 1 1222 1225 1223 1224
409 1 1 1 1225 1228 1226 1227
410 1 1 1 1228 1231 1229 1230
411 1 1 1 1231 1234 1232 1233
412 1 1 1 1234 1237 1235 1236
413 1 1 1 1237 1240 1238 1239
414 1 1 1 1240 1243 1241 1242
415 1 1 1 1243 1246 1244 1245
416 1 1 1 1246 1249 1247 1248
417 1 1 1 1249 1252 1250 1251
418 1 1 1 1252 1255 1253 1254
419 1 1 1 1255 1258 1256 1257
420 1 1 1 1258 1261 1259 1260
421 1 1 1 1261 1264 1262 1263
422 1 1 1 1264 1267 1265 1266
423 1 1 1 1267 1270 1268 1269
424 1 1 1 1270 1273 1271 1272
425 1 1 1 1273 1276 1274 1275
426 1 1 1 1276 1279 1277 1278
427 1 1 1 1279 1282 1280 1281
428 1 1 1 1282 1285 1283 1284
429 1 1 1 1285 1288 1286 1287
430 1 1 1 1288 1291 1289 1290
431 1 1 1 1291 1294 1292 1293
432 1 1 1 1294 1297 1295 1296
433 1 1 1 1297 1300 1298 1299
434 1 1 1 1300 1303 1301 1302
435 1 1 1 1303 1306 1304 1305
436 1 1 1 1306 1309 1307 1308
437 1 1 1 1309 1312 1310 1311
438 1 1 1 1312 1315 1313 1314
439 1 1 1 1315 1318 1316 1317
440 1 1 1 1318 1321 1319 1320
441 1 1 1 1321 1324 1322 1323
442 1 1 1 1324 1327 1325 1326
443 1 1 1 1327 1330 1328 1329
444 1 1 1 1330 1333 1331 1332
445 1 1 1 1333 1336 1334 1335
446 1 1 1 1336 1339 1337 1338
447 1 1 1 1339 1342 1340 1341
448 1 1 1 1342 1345 1343 1344
449 1 1 1 1345 1348 1346 1347
450 1 1 1 1348 1351 1349 1350
451 1 1 1 1351 1354 1352 1353
452 1 1 1 1354 1357 1355 1356
453 1 1 1 1357 1360 1358 1359
454 1 1 1 1360 1363 1361 1362
455 1 1 1 1363 1366 1364 1365
456 1 1 1 1366 1369 1367 1368
457 1 1 1 1369 1372 1370 1371
458 1 1 1 1372 1375 1373 1374
459 1 1 1 1375 1378 1376 1377
460 1 1 1 1378 1381 1379 1380
461 1 1 1 1381 1384 1382 1383
462 1 1 1 1384 1387 1385 1386
463 1 1 1 1387 1390 1388 1389
464 1 1 1 1390 1393 1391 1392
465 1 1 1 1393 1396 1394 1395
466 1 1 1 1396 1399 1397 1398
467 1 1 1 1399 1402 1400 1401
468 1 1 1 1402 1405 1403 1404
469 1 1 1 1405 1408 1406 1407
470 1 1 1 1408 1411 1409 1410
471 1 1 1 1411 1414 1412 1413
472 1 1 1 1414 1417 1415 1416
473 1 1 1 1417 1420 1418 1419
474 1 1 1 1420 1423 1421 1422
475 1 1 1 1423 1426 1424 1425
476 1 1 1 1426 1429 1427 1428
477 1 1 1 1429 1432 1430 1431
478 1 1 1 1432 1435 1433 1434
479 1 1 1 1435 1438 1436 1437
480 1 1 1 1438 1441 1439 1440
481 1 1 1 1441 1444 1442 1443
482 1 1 1 1444 1447 1445 1446
483 1 1 1 1447 1450 1448 1449
484 1 1 1 1450 1453 1451 1452
485 1 1 1 1453 1456 1454 1455
486 1 1 1 1456 1459 1457 1458
487 1 1 1 1459 1462 1460 1461
488 1 1 1 1462 1465 1463 1464
489 1 1 1 1465 1468 1466 1467
490 1 1 1 1468 1471 1469 1470
491 1 1 1 1471 1474 1472 1473
492 1 1 1 1474 1477 1475 1476
493 1 1 1 1477 1480 1478 1479
494 1 1 1 1480 1483 1481 1482
495 1 1 1 1483 1486 1484 1485
496 1 1 1 1486 1489 1487 1488
497 1 1 1 1489 1492 1490 1491
498 1 1 1 1492 1495 1493 1494
499 1 1 1 1495 1498 1496 1497
500 1 1 1 1498 1501 1499 1500
501 1 1 1 1501 1504 1502 1503
502 1 1 1 1504 1507 1505 1506
503 1 1 1 1507 1510 1508 1509
504 1 1 1 1510 1513 1511 1512
505 1 1 1 1513 1516 1514 1515
506 1 1 1 1516 1519 1517 1518
507 1 1 1 1519 1522 1520 1521
508 1 1 1 1522 1525 1523 1524
509 1 1 1 1525 1528 1526 1527
510 1 1 1 1528 1531 1529 1530
511 1 1 1 1531 1534 1532 1533
512 1 1 1 1534 1537 1535 1536
513 1 1 1 1537 1540 1538 1539
514 1 1 1 1540 1543 1541 1542
515 1 1 1 1543 1546 1544 1545
516 1 1 1 1546 1549 1547 1548
517 1 1 1 1549 1552 1550 1551
518 1 1 1 1552 1555 1553 1554
519 1 1 1 1555 1558 1556 1557
520 1 1 1 1558 1561 1559 1560
521 1 1 1 1561 1564 1562 1563
522 1 1 1 1564 1567 1565 1566
523 1 1 1 1567 1570 1568 1569
524 1 1 1 1570 1573 1571 1572
525 1 1 1 1573 1576 1574 1575
526 1 1 1 1576 1579 1577 1578
527 1 1 1 1579 1582 1580 1581
528 1 1 1 1582 1585 1583 1584
529 1 1 1 1585 1588 1586 1587
530 1 1 1 1588 1591 1589 1590
531 1 1 1 1591 1594 1592 1593
532 1 1 1 1594 1597 1595 1596
533 1 1 1 1597 1600 1598 1599
534 1 1 1 1600 1603 1601 1602
535 1 1 1 1603 1606 1604 1605
536 1 1 1 1606 1609 1607 1608
537 1 1 1 1609 1612 1610 1611
538 1 1 1 1612 1615 1613 1614
539 1 1 1 1615 1618 1616 1617
540 1 1 1 1618 1621 1619 1620
541 1 1 1 1621 1624 1622 1623
542 1 1 1 1624 1627 1625 1626
543 1 1 1 1627 1630 1628 1629
544 1 1 1 1630 1633 1631 1632
545 1 1 1 1633 1636 1634 1635
546 1 1 1 1636 1639 1637 1638
547 1 1 1 1639 1642 1640 1641
548 1 1 1 1642 1645 1643 1644
549 1 1 1 1645 1648 1646 1647
550 1 1 1 1648 1651 1649 1650
551 1 1 1 1651 1654 1652 1653
552 1 1 1 1654 1657 1655 1656
553 1 1 1 1657 1660 1658 1659
554 1 1 1 1660 1663 1661 1662
555 1 1 1 1663 1666 1664 1665
556 1 1 1 1666 1669 1667 1668
557 1 1 1 1669 1672 1670 1671
558 1 1 1 1672 1675 1673 1674
559 1 1 1 1675 1678 1676 1677
560 1 1 1 1678 1681 1679 1680
561 1 1 1 1681 1684 1682 1683
562 1 1 1 1684 1687 1685 1686
563 1 1 1 1687 1690 1688 1689
564 1 1 1 1690 1693 1691 1692
565 1 1 1 1693 1696 1694 1695
566 1 1 1 1696 1699 1697 1698
567 1 1 1 1699 1702 1700 1701
568 1 1 1 1702 1705 1703 1704
569 1 1 1 1705 1708 1706 1707
570 1 1 1 1708 1711 1709 1710
571 1 1 1 1711 1714 1712 1713
572 1 1 1 1714 1717 1715 1716
573 1 1 1 1717 1720 1718 1719
574 1 1 1 1720 1723 1721 1722
575 1 1 1 1723 1726 1724 1725
576 1 1 1 1726 1729 1727 1728
577 1 1 1 1729 1732 1730 1731
578 1 1 1 1732 1735 1733 1734
579 1 1 1 1735 1738 1736 1737
580 1 1 1 1738 1741 1739 1740
581 1 1 1 1741 1744 1742 1743
582 1 1 1 1744 1747 1745 1746
583 1 1 1 1747 1750 1748 1749
584 1 1 1 1750 1753 1751 1752
585 1 1 1 1753 1756 1754 1755
586 1 1 1 1756 1759 1757 1758
587 1 1 1 1759 1762 1760 1761
588 1 1 1 1762 1765 1763 1764
589 1 1 1 1765 1768 1766 1767
590 1 1 1 1768 1771 1769 1770
591 1 1 1 1771 1774 1772 1773
592 1 1 1 1774 1777 1775 1776
593 1 1 1 1777 1780 1778 1779
594 1 1 1 1780 1783 1781 1782
595 1 1 1 1783 1786 1784 1785
596 1 1 1 1786 1789 1787 1788
597 1 1 1 1789 1792 1790 1791
598 1 1 1 1792 1795 1793 1794
599 1 1 1 1795 1798 1796 1797
600 1 1 1 1798 1801 1799 1800
601 1 1 1 1801 1804 1802 1803
602 1 1 1 1804 1807 1805 1806
603 1 1 1 1807 1810 1808 1809
604 1 1 1 1810 1813 1811 1812
605 1 1 1 1813 1816 1814 1815
606 1 1 1 1816 1819 1817 1818
607 1 1 1 1819 1822 1820 1821
608 1 1 1 1822 1825 1823 1824
609 1 1 1 1825 1828 1826 1827
610 1 1 1 1828 1831 1829 1830
611 1 1 1 1831 1834 1832 1833
612 1 1 1 1834 1837 1835 1836
613 1 1 1 1837 1840 1838 1839
614 1 1 1 1840 1843 1841 1842
615 1 1 1 1843 1846 1844 1845
616 1 1 1 1846 1849 1847 1848
617 1 1 1 1849 1852 1850 1851
618 1 1 1 1852 1855 1853 1854
619 1 1 1 1855 1858 1856 1857
620 1 1 1 1858 1861 1859 1860
621 1 1 1 1861 1864 1862 1863
622 1 1 1 1864 1867 1865 1866
623 1 1 1 1867 1870 1868 1869
624 1 1 1 1870 1873 1871 1872
625 1 1 1 1873 1876 1874 1875
626 1 1 1 1876 1879 1877 1878
627 1 1 1 1879 1882 1880 1881
628 1 1 1 1882 1885 1883 1884
629 1 1 1 1885 1888 1886 1887
630 1 1 1 1888 1891 1889 1890
631 1 1 1 1891 1894 1892 1893
632 1 1 1 1894 1897 1895 1896
633 1 1 1 1897 1900 1898 1899
634 1 1 1 1900 1903 1901 1902
635 1 1 1 1903 1906 1904 1905
636 1 1 1 1906 1909 1907 1908
637 1 1 1 1909 1912 1910 1911
638 1 1 1 1912 1915 1913 1914
639 1 1 1 1915 1918 1916 1917
640 1 1 1 1918 1921 1919 1920
641 1 1 1 1921 1924 1922 1923
642 1 1 1 1924 1927 1925 1926
643 1 1 1 1927 1930 1928 1929
644 1 1 1 1930 1933 1931 1932
645 1 1 1 1933 1936 1934 1935
646 1 1 1 1936 1939 1937 1938
647 1 1 1 1939 1942 1940 1941
648 1 1 1 1942 1945 1943 1944
649 1 1 1 1945 1948 1946 1947
650 1 1 1 1948 1951 1949 1950
651 1 1 1 1951 1954 1952 1953
652 1 1 1 1954 1957 1955 1956
653 1 1 1 1957 1960 1958 1959
654 1 1 1 1960 1963 1961 1962
655 1 1 1 1963 1966 1964 1965
656 1 1 1 1966 1969 1967 1968
657 1 1 1 1969 1972 1970 1971
658 1 1 1 1972 1975 1973 1974
659 1 1 1 1975 1978 1976 1977
660 1 1 1 1978 1981 1979 1980
661 1 1 1 1981 1984 1982 1983
662 1 1 1 1984 1987 1985 1986
663 1 1 1 1987 1990 1988 1989
664 1 1 1 1990 1993 1991 1992
665 1 1 1 1993 1996 1994 1995
666 1 1 1 1996 1999 1997 1998
667 1 1 1 1999 2002 2000 2001
668 1 1 1 2002 2005 2003 2004
669 1 1 1 2005 2008 2006 2007
670 1 1 1 2008 2011 2009 2010
671 1 1 1 2011 2014 2012 2013
672 1 1 1 2014 2017 2015 2016
673 1 1 1 2017 2020 2018 2019
674 1 1 1 2020 2023 2021 2022
675 1 1 1 2023 2026 2024 2025
676 1 1 1 2026 2029 2027 2028
677 1 1 1 2029 2032 2030 2031
678 1 1 1 2032 2035 2033 2034
679 1 1 1 2035 2038 2036 2037
680 1 1 1 2038 2041 2039 2040
681 1 1 1 2041 2044 2042 2043
682 1 1 1 2044 2047 2045 2046
683 1 1 1 2047 2050 2048 2049
684 1 1 1 2050 2053 2051 2052
685 1 1 1 2053 2056 2054 2055
686 1 1 1 2056 2059 2057 2058
687 1 1 1 2059 2062 2060 2061
688 1 1 1 2062 2065 2063 2064
689 1 1 1 2065 2068 2066 2067
690 1 1 1 2068 2071 2069 2070
691 1 1 1 2071 2074 2072 2073
692 1 1 1 2074 2077 2075 2076
693 1 1 1 2077 2080 2078 2079
694 1 1 1 2080 2083 2081 2082
695 1 1 1 2083 2086 2084 2085
696 1 1 1 2086 2089 2087 2088
697 1 1 1 2089 2092 2090 2091
698 1 1 1 2092 2095 2093 2094
699 1 1 1 2095 2098 2096 2097
700 1 1 1 2098 2101 2099 2100
701 1 1 1 2101 2104 2102 2103
702 1 1 1 2104 2107 2105 2106
703 1 1 1 2107 2110 2108 2109
704 1 1 1 2110 2113 2111 2112
705 1 1 1 2113 2116 2114 2115
706 1 1 1 2116 2119 2117 2118
707 1 1 1 2119 2122 2120 2121
708 1 1 1 2122 2125 2123 2124
709 1 1 1 2125 2128 2126 2127
710 1 1 1 2128 2131 2129 2130
711 1 1 1 2131 2134 2132 2133
712 1 1 1 2134 2137 2135 2136
713 1 1 1 2137 2140 2138 2139
714 1 1 1 2140 2143 2141 2142
715 1 1 1 2143 2146 2144 2145
716 1 1 1 2146 2149 2147 2148
717 1 1 1 2149 2152 2150 2151
718 1 1 1 2152 2155 2153 2154
719 1 1 1 2155 2158 2156 2157
720 1 1 1 2158 2161 2159 2160
721 1 1 1 2161 2164 2162 2163
722 1 1 1 2164 2167 2165 2166
723 1 1 1 2167 2170 2168 2169
724 1 1 1 2170 2173 2171 2172
725 1 1 1 2173 2176 2174 2175
726 1 1 1 2176 2179 2177 2178
727 1 1 1 2179 2182 2180 2181
728 1 1 1 2182 2185 2183 2184
729 1 1 1 2185 2188 2186 2187
730 1 1 1 2188 2191 2189 2190
731 1 1 1 2191 2194 2192 2193
732 1 1 1 2194 2197 2195 2196
733 1 1 1 2197 2200 2198 2199
734 1 1 1 2200 2203 2201 2202
735 1 1 1 2203 2206 2204 2205
736 1 1 1 2206 2209 2207 2208
737 1 1 1 2209 2212 2210 2211
738 1 1 1 2212 2215 2213 2214
739 1 1 1 2215 2218 2216 2217
740 1 1 1 2218 2221 2219 2220
741 1 1 1 2221 2224 2222 2223
742 1 1 1 2224 2227 2225 2226
743 1 1 1 2227 2230 2228 2229
744 1 1 1 2230 2233 2231 2232
745 1 1 1 2233 2236 2234 2235
746 1 1 1 2236 2239 2237 2238
747 1 1 1 2239 2242 2240 2241
748 1 1 1 2242 2245 2243 2244
749 1 1 1 2245 2248 2246 2247
750 1 1 1 2248 2251 2249 2250
751 1 1 1 2251 2254 2252 2253
752 1 1 1 2254 2257 2255 2256
753 1 1 1 2257 2260 2258 2259
754 1 1 1 2260 2263 2261 2262
755 1 1 1 2263 2266 2264 2265
756 1 1 1 2266 2269 2267 2268
757 1 1 1 2269 2272 2270 2271
758 1 1 1 2272 2275 2273 2274
759 1 1 1 2275 2278 2276 2277
760 1 1 1 2278 2281 2279 2280
761 1 1 1 2281 2284 2282 2283
762 1 1 1 2284 2287 2285 2286
763 1 1 1 2287 2290 2288 2289
764 1 1 1 2290 2293 2291 2292
765 1 1 1 2293 2296 2294 2295
766 1 1 1 2296 2299 2297 2298
767 1 1 1 2299 2302 2300 2301
