1 1 1 1 1 5 2 3 4
2 1 1 1 5 9 6 7 8
3 1 1 1 9 13 10 11 12
4 1 1 1 13 17 14 15 16
5 1 1 1 17 21 18 19 20
6 1 1 1 21 25 22 23 24
7 1 1 1 25 29 26 27 28
8 1 1 1 29 33 30 31 32
9 1 1 1 33 37 34 35 36
10 1 1 1 37 41 38 39 40
11 1 1 1 41 45 42 43 44
12 1 1 1 45 49 46 47 48
13 1 1 1 49 53 50 51 52
14 1 1 1 53 57 54 55 56
15 1 1 1 57 61 58 59 60
16 1 1 1 61 65 62 63 64
17 1 1 1 65 69 66 67 68
18 1 1 1 69 73 70 71 72
19 1 1 1 73 77 74 75 76
20 1 1 1 77 81 78 79 80
21 1 1 1 81 85 82 83 84
22 1 1 1 85 89 86 87 88
23 1 1 1 89 93 90 91 92
24 1 1 1 93 97 94 95 96
25 1 1 1 97 101 98 99 100
26 1 1 1 101 105 102 103 104
27 1 1 1 105 109 106 107 108
28 1 1 1 109 113 110 111 112
29 1 1 1 113 117 114 115 116
30 1 1 1 117 121 118 119 120
31 1 1 1 121 125 122 123 124
32 1 1 1 125 129 126 127 128
