1 1 1 1 1 3 2
2 1 1 1 3 5 4
3 1 1 1 5 7 6
4 1 1 1 7 9 8
5 1 1 1 9 11 10
6 1 1 1 11 13 12
7 1 1 1 13 15 14
8 1 1 1 15 17 16
9 1 1 1 17 19 18
10 1 1 1 19 21 20
11 1 1 1 21 23 22
12 1 1 1 23 25 24
13 1 1 1 25 27 26
14 1 1 1 27 29 28
15 1 1 1 29 31 30
16 1 1 1 31 33 32
17 1 1 1 33 35 34
18 1 1 1 35 37 36
19 1 1 1 37 39 38
20 1 1 1 39 41 40
21 1 1 1 41 43 42
22 1 1 1 43 45 44
23 1 1 1 45 47 46
24 1 1 1 47 49 48
25 1 1 1 49 51 50
26 1 1 1 51 53 52
27 1 1 1 53 55 54
28 1 1 1 55 57 56
29 1 1 1 57 59 58
30 1 1 1 59 61 60
31 1 1 1 61 63 62
32 1 1 1 63 65 64
33 1 1 1 65 67 66
34 1 1 1 67 69 68
35 1 1 1 69 71 70
36 1 1 1 71 73 72
37 1 1 1 73 75 74
38 1 1 1 75 77 76
39 1 1 1 77 79 78
40 1 1 1 79 81 80
41 1 1 1 81 83 82
42 1 1 1 83 85 84
43 1 1 1 85 87 86
44 1 1 1 87 89 88
45 1 1 1 89 91 90
46 1 1 1 91 93 92
47 1 1 1 93 95 94
48 1 1 1 95 97 96
49 1 1 1 97 99 98
50 1 1 1 99 101 100
51 1 1 1 101 103 102
52 1 1 1 103 105 104
53 1 1 1 105 107 106
54 1 1 1 107 109 108
55 1 1 1 109 111 110
56 1 1 1 111 113 112
57 1 1 1 113 115 114
58 1 1 1 115 117 116
59 1 1 1 117 119 118
60 1 1 1 119 121 120
61 1 1 1 121 123 122
62 1 1 1 123 125 124
63 1 1 1 125 127 126
64 1 1 1 127 129 128
65 1 1 1 129 131 130
66 1 1 1 131 133 132
67 1 1 1 133 135 134
68 1 1 1 135 137 136
69 1 1 1 137 139 138
70 1 1 1 139 141 140
71 1 1 1 141 143 142
72 1 1 1 143 145 144
73 1 1 1 145 147 146
74 1 1 1 147 149 148
75 1 1 1 149 151 150
76 1 1 1 151 153 152
77 1 1 1 153 155 154
78 1 1 1 155 157 156
79 1 1 1 157 159 158
80 1 1 1 159 161 160
81 1 1 1 161 163 162
82 1 1 1 163 165 164
83 1 1 1 165 167 166
84 1 1 1 167 169 168
85 1 1 1 169 171 170
86 1 1 1 171 173 172
87 1 1 1 173 175 174
88 1 1 1 175 177 176
89 1 1 1 177 179 178
90 1 1 1 179 181 180
91 1 1 1 181 183 182
92 1 1 1 183 185 184
93 1 1 1 185 187 186
94 1 1 1 187 189 188
95 1 1 1 189 191 190
96 1 1 1 191 193 192
97 1 1 1 193 195 194
98 1 1 1 195 197 196
99 1 1 1 197 199 198
100 1 1 1 199 201 200
101 1 1 1 201 203 202
102 1 1 1 203 205 204
103 1 1 1 205 207 206
104 1 1 1 207 209 208
105 1 1 1 209 211 210
106 1 1 1 211 213 212
107 1 1 1 213 215 214
108 1 1 1 215 217 216
109 1 1 1 217 219 218
110 1 1 1 219 221 220
111 1 1 1 221 223 222
112 1 1 1 223 225 224
113 1 1 1 225 227 226
114 1 1 1 227 229 228
115 1 1 1 229 231 230
116 1 1 1 231 233 232
117 1 1 1 233 235 234
118 1 1 1 235 237 236
119 1 1 1 237 239 238
120 1 1 1 239 241 240
121 1 1 1 241 243 242
122 1 1 1 243 245 244
123 1 1 1 245 247 246
124 1 1 1 247 249 248
125 1 1 1 249 251 250
126 1 1 1 251 253 252
127 1 1 1 253 255 254
128 1 1 1 255 257 256
129 1 1 1 257 259 258
130 1 1 1 259 261 260
131 1 1 1 261 263 262
132 1 1 1 263 265 264
133 1 1 1 265 267 266
134 1 1 1 267 269 268
135 1 1 1 269 271 270
136 1 1 1 271 273 272
137 1 1 1 273 275 274
138 1 1 1 275 277 276
139 1 1 1 277 279 278
140 1 1 1 279 281 280
141 1 1 1 281 283 282
142 1 1 1 283 285 284
143 1 1 1 285 287 286
144 1 1 1 287 289 288
145 1 1 1 289 291 290
146 1 1 1 291 293 292
147 1 1 1 293 295 294
148 1 1 1 295 297 296
149 1 1 1 297 299 298
150 1 1 1 299 301 300
151 1 1 1 301 303 302
152 1 1 1 303 305 304
153 1 1 1 305 307 306
154 1 1 1 307 309 308
155 1 1 1 309 311 310
156 1 1 1 311 313 312
157 1 1 1 313 315 314
158 1 1 1 315 317 316
159 1 1 1 317 319 318
160 1 1 1 319 321 320
161 1 1 1 321 323 322
162 1 1 1 323 325 324
163 1 1 1 325 327 326
164 1 1 1 327 329 328
165 1 1 1 329 331 330
166 1 1 1 331 333 332
167 1 1 1 333 335 334
168 1 1 1 335 337 336
169 1 1 1 337 339 338
170 1 1 1 339 341 340
171 1 1 1 341 343 342
172 1 1 1 343 345 344
173 1 1 1 345 347 346
174 1 1 1 347 349 348
175 1 1 1 349 351 350
176 1 1 1 351 353 352
177 1 1 1 353 355 354
178 1 1 1 355 357 356
179 1 1 1 357 359 358
180 1 1 1 359 361 360
181 1 1 1 361 363 362
182 1 1 1 363 365 364
183 1 1 1 365 367 366
184 1 1 1 367 369 368
185 1 1 1 369 371 370
186 1 1 1 371 373 372
187 1 1 1 373 375 374
188 1 1 1 375 377 376
189 1 1 1 377 379 378
190 1 1 1 379 381 380
191 1 1 1 381 383 382
192 1 1 1 383 385 384
193 1 1 1 385 387 386
194 1 1 1 387 389 388
195 1 1 1 389 391 390
196 1 1 1 391 393 392
197 1 1 1 393 395 394
198 1 1 1 395 397 396
199 1 1 1 397 399 398
200 1 1 1 399 401 400
201 1 1 1 401 403 402
202 1 1 1 403 405 404
203 1 1 1 405 407 406
204 1 1 1 407 409 408
205 1 1 1 409 411 410
206 1 1 1 411 413 412
207 1 1 1 413 415 414
208 1 1 1 415 417 416
209 1 1 1 417 419 418
210 1 1 1 419 421 420
211 1 1 1 421 423 422
212 1 1 1 423 425 424
213 1 1 1 425 427 426
214 1 1 1 427 429 428
215 1 1 1 429 431 430
216 1 1 1 431 433 432
217 1 1 1 433 435 434
218 1 1 1 435 437 436
219 1 1 1 437 439 438
220 1 1 1 439 441 440
221 1 1 1 441 443 442
222 1 1 1 443 445 444
223 1 1 1 445 447 446
224 1 1 1 447 449 448
225 1 1 1 449 451 450
226 1 1 1 451 453 452
227 1 1 1 453 455 454
228 1 1 1 455 457 456
229 1 1 1 457 459 458
230 1 1 1 459 461 460
231 1 1 1 461 463 462
232 1 1 1 463 465 464
233 1 1 1 465 467 466
234 1 1 1 467 469 468
235 1 1 1 469 471 470
236 1 1 1 471 473 472
237 1 1 1 473 475 474
238 1 1 1 475 477 476
239 1 1 1 477 479 478
240 1 1 1 479 481 480
241 1 1 1 481 483 482
242 1 1 1 483 485 484
243 1 1 1 485 487 486
244 1 1 1 487 489 488
245 1 1 1 489 491 490
246 1 1 1 491 493 492
247 1 1 1 493 495 494
248 1 1 1 495 497 496
249 1 1 1 497 499 498
250 1 1 1 499 501 500
251 1 1 1 501 503 502
252 1 1 1 503 505 504
253 1 1 1 505 507 506
254 1 1 1 507 509 508
255 1 1 1 509 511 510
256 1 1 1 511 513 512
257 1 1 1 513 515 514
258 1 1 1 515 517 516
259 1 1 1 517 519 518
260 1 1 1 519 521 520
261 1 1 1 521 523 522
262 1 1 1 523 525 524
263 1 1 1 525 527 526
264 1 1 1 527 529 528
265 1 1 1 529 531 530
266 1 1 1 531 533 532
267 1 1 1 533 535 534
268 1 1 1 535 537 536
269 1 1 1 537 539 538
270 1 1 1 539 541 540
271 1 1 1 541 543 542
272 1 1 1 543 545 544
273 1 1 1 545 547 546
274 1 1 1 547 549 548
275 1 1 1 549 551 550
276 1 1 1 551 553 552
277 1 1 1 553 555 554
278 1 1 1 555 557 556
279 1 1 1 557 559 558
280 1 1 1 559 561 560
281 1 1 1 561 563 562
282 1 1 1 563 565 564
283 1 1 1 565 567 566
284 1 1 1 567 569 568
285 1 1 1 569 571 570
286 1 1 1 571 573 572
287 1 1 1 573 575 574
288 1 1 1 575 577 576
289 1 1 1 577 579 578
290 1 1 1 579 581 580
291 1 1 1 581 583 582
292 1 1 1 583 585 584
293 1 1 1 585 587 586
294 1 1 1 587 589 588
295 1 1 1 589 591 590
296 1 1 1 591 593 592
297 1 1 1 593 595 594
298 1 1 1 595 597 596
299 1 1 1 597 599 598
300 1 1 1 599 601 600
301 1 1 1 601 603 602
302 1 1 1 603 605 604
303 1 1 1 605 607 606
304 1 1 1 607 609 608
305 1 1 1 609 611 610
306 1 1 1 611 613 612
307 1 1 1 613 615 614
308 1 1 1 615 617 616
309 1 1 1 617 619 618
310 1 1 1 619 621 620
311 1 1 1 621 623 622
312 1 1 1 623 625 624
313 1 1 1 625 627 626
314 1 1 1 627 629 628
315 1 1 1 629 631 630
316 1 1 1 631 633 632
317 1 1 1 633 635 634
318 1 1 1 635 637 636
319 1 1 1 637 639 638
320 1 1 1 639 641 640
321 1 1 1 641 643 642
322 1 1 1 643 645 644
323 1 1 1 645 647 646
324 1 1 1 647 649 648
325 1 1 1 649 651 650
326 1 1 1 651 653 652
327 1 1 1 653 655 654
328 1 1 1 655 657 656
329 1 1 1 657 659 658
330 1 1 1 659 661 660
331 1 1 1 661 663 662
332 1 1 1 663 665 664
333 1 1 1 665 667 666
334 1 1 1 667 669 668
335 1 1 1 669 671 670
336 1 1 1 671 673 672
337 1 1 1 673 675 674
338 1 1 1 675 677 676
339 1 1 1 677 679 678
340 1 1 1 679 681 680
341 1 1 1 681 683 682
342 1 1 1 683 685 684
343 1 1 1 685 687 686
344 1 1 1 687 689 688
345 1 1 1 689 691 690
346 1 1 1 691 693 692
347 1 1 1 693 695 694
348 1 1 1 695 697 696
349 1 1 1 697 699 698
350 1 1 1 699 701 700
351 1 1 1 701 703 702
352 1 1 1 703 705 704
353 1 1 1 705 707 706
354 1 1 1 707 709 708
355 1 1 1 709 711 710
356 1 1 1 711 713 712
357 1 1 1 713 715 714
358 1 1 1 715 717 716
359 1 1 1 717 719 718
360 1 1 1 719 721 720
361 1 1 1 721 723 722
362 1 1 1 723 725 724
363 1 1 1 725 727 726
364 1 1 1 727 729 728
365 1 1 1 729 731 730
366 1 1 1 731 733 732
367 1 1 1 733 735 734
368 1 1 1 735 737 736
369 1 1 1 737 739 738
370 1 1 1 739 741 740
371 1 1 1 741 743 742
372 1 1 1 743 745 744
373 1 1 1 745 747 746
374 1 1 1 747 749 748
375 1 1 1 749 751 750
376 1 1 1 751 753 752
377 1 1 1 753 755 754
378 1 1 1 755 757 756
379 1 1 1 757 759 758
380 1 1 1 759 761 760
381 1 1 1 761 763 762
382 1 1 1 763 765 764
383 1 1 1 765 767 766
384 1 1 1 767 769 768
385 1 1 1 769 771 770
386 1 1 1 771 773 772
387 1 1 1 773 775 774
388 1 1 1 775 777 776
389 1 1 1 777 779 778
390 1 1 1 779 781 780
391 1 1 1 781 783 782
392 1 1 1 783 785 784
393 1 1 1 785 787 786
394 1 1 1 787 789 788
395 1 1 1 789 791 790
396 1 1 1 791 793 792
397 1 1 1 793 795 794
398 1 1 1 795 797 796
399 1 1 1 797 799 798
400 1 1 1 799 801 800
401 1 1 1 801 803 802
402 1 1 1 803 805 804
403 1 1 1 805 807 806
404 1 1 1 807 809 808
405 1 1 1 809 811 810
406 1 1 1 811 813 812
407 1 1 1 813 815 814
408 1 1 1 815 817 816
409 1 1 1 817 819 818
410 1 1 1 819 821 820
411 1 1 1 821 823 822
412 1 1 1 823 825 824
413 1 1 1 825 827 826
414 1 1 1 827 829 828
415 1 1 1 829 831 830
416 1 1 1 831 833 832
417 1 1 1 833 835 834
418 1 1 1 835 837 836
419 1 1 1 837 839 838
420 1 1 1 839 841 840
421 1 1 1 841 843 842
422 1 1 1 843 845 844
423 1 1 1 845 847 846
424 1 1 1 847 849 848
425 1 1 1 849 851 850
426 1 1 1 851 853 852
427 1 1 1 853 855 854
428 1 1 1 855 857 856
429 1 1 1 857 859 858
430 1 1 1 859 861 860
431 1 1 1 861 863 862
432 1 1 1 863 865 864
433 1 1 1 865 867 866
434 1 1 1 867 869 868
435 1 1 1 869 871 870
436 1 1 1 871 873 872
437 1 1 1 873 875 874
438 1 1 1 875 877 876
439 1 1 1 877 879 878
440 1 1 1 879 881 880
441 1 1 1 881 883 882
442 1 1 1 883 885 884
443 1 1 1 885 887 886
444 1 1 1 887 889 888
445 1 1 1 889 891 890
446 1 1 1 891 893 892
447 1 1 1 893 895 894
448 1 1 1 895 897 896
449 1 1 1 897 899 898
450 1 1 1 899 901 900
451 1 1 1 901 903 902
452 1 1 1 903 905 904
453 1 1 1 905 907 906
454 1 1 1 907 909 908
455 1 1 1 909 911 910
456 1 1 1 911 913 912
457 1 1 1 913 915 914
458 1 1 1 915 917 916
459 1 1 1 917 919 918
460 1 1 1 919 921 920
461 1 1 1 921 923 922
462 1 1 1 923 925 924
463 1 1 1 925 927 926
464 1 1 1 927 929 928
465 1 1 1 929 931 930
466 1 1 1 931 933 932
467 1 1 1 933 935 934
468 1 1 1 935 937 936
469 1 1 1 937 939 938
470 1 1 1 939 941 940
471 1 1 1 941 943 942
472 1 1 1 943 945 944
473 1 1 1 945 947 946
474 1 1 1 947 949 948
475 1 1 1 949 951 950
476 1 1 1 951 953 952
477 1 1 1 953 955 954
478 1 1 1 955 957 956
479 1 1 1 957 959 958
480 1 1 1 959 961 960
481 1 1 1 961 963 962
482 1 1 1 963 965 964
483 1 1 1 965 967 966
484 1 1 1 967 969 968
485 1 1 1 969 971 970
486 1 1 1 971 973 972
487 1 1 1 973 975 974
488 1 1 1 975 977 976
489 1 1 1 977 979 978
490 1 1 1 979 981 980
491 1 1 1 981 983 982
492 1 1 1 983 985 984
493 1 1 1 985 987 986
494 1 1 1 987 989 988
495 1 1 1 989 991 990
496 1 1 1 991 993 992
497 1 1 1 993 995 994
498 1 1 1 995 997 996
499 1 1 1 997 999 998
500 1 1 1 999 1001 1000
501 1 1 1 1001 1003 1002
502 1 1 1 1003 1005 1004
503 1 1 1 1005 1007 1006
504 1 1 1 1007 1009 1008
505 1 1 1 1009 1011 1010
506 1 1 1 1011 1013 1012
507 1 1 1 1013 1015 1014
508 1 1 1 1015 1017 1016
509 1 1 1 1017 1019 1018
510 1 1 1 1019 1021 1020
511 1 1 1 1021 1023 1022
512 1 1 1 1023 1025 1024
513 1 1 1 1025 1027 1026
514 1 1 1 1027 1029 1028
515 1 1 1 1029 1031 1030
516 1 1 1 1031 1033 1032
517 1 1 1 1033 1035 1034
518 1 1 1 1035 1037 1036
519 1 1 1 1037 1039 1038
520 1 1 1 1039 1041 1040
521 1 1 1 1041 1043 1042
522 1 1 1 1043 1045 1044
523 1 1 1 1045 1047 1046
524 1 1 1 1047 1049 1048
525 1 1 1 1049 1051 1050
526 1 1 1 1051 1053 1052
527 1 1 1 1053 1055 1054
528 1 1 1 1055 1057 1056
529 1 1 1 1057 1059 1058
530 1 1 1 1059 1061 1060
531 1 1 1 1061 1063 1062
532 1 1 1 1063 1065 1064
533 1 1 1 1065 1067 1066
534 1 1 1 1067 1069 1068
535 1 1 1 1069 1071 1070
536 1 1 1 1071 1073 1072
537 1 1 1 1073 1075 1074
538 1 1 1 1075 1077 1076
539 1 1 1 1077 1079 1078
540 1 1 1 1079 1081 1080
541 1 1 1 1081 1083 1082
542 1 1 1 1083 1085 1084
543 1 1 1 1085 1087 1086
544 1 1 1 1087 1089 1088
545 1 1 1 1089 1091 1090
546 1 1 1 1091 1093 1092
547 1 1 1 1093 1095 1094
548 1 1 1 1095 1097 1096
549 1 1 1 1097 1099 1098
550 1 1 1 1099 1101 1100
551 1 1 1 1101 1103 1102
552 1 1 1 1103 1105 1104
553 1 1 1 1105 1107 1106
554 1 1 1 1107 1109 1108
555 1 1 1 1109 1111 1110
556 1 1 1 1111 1113 1112
557 1 1 1 1113 1115 1114
558 1 1 1 1115 1117 1116
559 1 1 1 1117 1119 1118
560 1 1 1 1119 1121 1120
561 1 1 1 1121 1123 1122
562 1 1 1 1123 1125 1124
563 1 1 1 1125 1127 1126
564 1 1 1 1127 1129 1128
565 1 1 1 1129 1131 1130
566 1 1 1 1131 1133 1132
567 1 1 1 1133 1135 1134
568 1 1 1 1135 1137 1136
569 1 1 1 1137 1139 1138
570 1 1 1 1139 1141 1140
571 1 1 1 1141 1143 1142
572 1 1 1 1143 1145 1144
573 1 1 1 1145 1147 1146
574 1 1 1 1147 1149 1148
575 1 1 1 1149 1151 1150
576 1 1 1 1151 1153 1152
577 1 1 1 1153 1155 1154
578 1 1 1 1155 1157 1156
579 1 1 1 1157 1159 1158
580 1 1 1 1159 1161 1160
581 1 1 1 1161 1163 1162
582 1 1 1 1163 1165 1164
583 1 1 1 1165 1167 1166
584 1 1 1 1167 1169 1168
585 1 1 1 1169 1171 1170
586 1 1 1 1171 1173 1172
587 1 1 1 1173 1175 1174
588 1 1 1 1175 1177 1176
589 1 1 1 1177 1179 1178
590 1 1 1 1179 1181 1180
591 1 1 1 1181 1183 1182
592 1 1 1 1183 1185 1184
593 1 1 1 1185 1187 1186
594 1 1 1 1187 1189 1188
595 1 1 1 1189 1191 1190
596 1 1 1 1191 1193 1192
597 1 1 1 1193 1195 1194
598 1 1 1 1195 1197 1196
599 1 1 1 1197 1199 1198
600 1 1 1 1199 1201 1200
601 1 1 1 1201 1203 1202
602 1 1 1 1203 1205 1204
603 1 1 1 1205 1207 1206
604 1 1 1 1207 1209 1208
605 1 1 1 1209 1211 1210
606 1 1 1 1211 1213 1212
607 1 1 1 1213 1215 1214
608 1 1 1 1215 1217 1216
609 1 1 1 1217 1219 1218
610 1 1 1 1219 1221 1220
611 1 1 1 1221 1223 1222
612 1 1 1 1223 1225 1224
613 1 1 1 1225 1227 1226
614 1 1 1 1227 1229 1228
615 1 1 1 1229 1231 1230
616 1 1 1 1231 1233 1232
617 1 1 1 1233 1235 1234
618 1 1 1 1235 1237 1236
619 1 1 1 1237 1239 1238
620 1 1 1 1239 1241 1240
621 1 1 1 1241 1243 1242
622 1 1 1 1243 1245 1244
623 1 1 1 1245 1247 1246
624 1 1 1 1247 1249 1248
625 1 1 1 1249 1251 1250
626 1 1 1 1251 1253 1252
627 1 1 1 1253 1255 1254
628 1 1 1 1255 1257 1256
629 1 1 1 1257 1259 1258
630 1 1 1 1259 1261 1260
631 1 1 1 1261 1263 1262
632 1 1 1 1263 1265 1264
633 1 1 1 1265 1267 1266
634 1 1 1 1267 1269 1268
635 1 1 1 1269 1271 1270
636 1 1 1 1271 1273 1272
637 1 1 1 1273 1275 1274
638 1 1 1 1275 1277 1276
639 1 1 1 1277 1279 1278
640 1 1 1 1279 1281 1280
641 1 1 1 1281 1283 1282
642 1 1 1 1283 1285 1284
643 1 1 1 1285 1287 1286
644 1 1 1 1287 1289 1288
645 1 1 1 1289 1291 1290
646 1 1 1 1291 1293 1292
647 1 1 1 1293 1295 1294
648 1 1 1 1295 1297 1296
649 1 1 1 1297 1299 1298
650 1 1 1 1299 1301 1300
651 1 1 1 1301 1303 1302
652 1 1 1 1303 1305 1304
653 1 1 1 1305 1307 1306
654 1 1 1 1307 1309 1308
655 1 1 1 1309 1311 1310
656 1 1 1 1311 1313 1312
657 1 1 1 1313 1315 1314
658 1 1 1 1315 1317 1316
659 1 1 1 1317 1319 1318
660 1 1 1 1319 1321 1320
661 1 1 1 1321 1323 1322
662 1 1 1 1323 1325 1324
663 1 1 1 1325 1327 1326
664 1 1 1 1327 1329 1328
665 1 1 1 1329 1331 1330
666 1 1 1 1331 1333 1332
667 1 1 1 1333 1335 1334
668 1 1 1 1335 1337 1336
669 1 1 1 1337 1339 1338
670 1 1 1 1339 1341 1340
671 1 1 1 1341 1343 1342
672 1 1 1 1343 1345 1344
673 1 1 1 1345 1347 1346
674 1 1 1 1347 1349 1348
675 1 1 1 1349 1351 1350
676 1 1 1 1351 1353 1352
677 1 1 1 1353 1355 1354
678 1 1 1 1355 1357 1356
679 1 1 1 1357 1359 1358
680 1 1 1 1359 1361 1360
681 1 1 1 1361 1363 1362
682 1 1 1 1363 1365 1364
683 1 1 1 1365 1367 1366
684 1 1 1 1367 1369 1368
685 1 1 1 1369 1371 1370
686 1 1 1 1371 1373 1372
687 1 1 1 1373 1375 1374
688 1 1 1 1375 1377 1376
689 1 1 1 1377 1379 1378
690 1 1 1 1379 1381 1380
691 1 1 1 1381 1383 1382
692 1 1 1 1383 1385 1384
693 1 1 1 1385 1387 1386
694 1 1 1 1387 1389 1388
695 1 1 1 1389 1391 1390
696 1 1 1 1391 1393 1392
697 1 1 1 1393 1395 1394
698 1 1 1 1395 1397 1396
699 1 1 1 1397 1399 1398
700 1 1 1 1399 1401 1400
701 1 1 1 1401 1403 1402
702 1 1 1 1403 1405 1404
703 1 1 1 1405 1407 1406
704 1 1 1 1407 1409 1408
705 1 1 1 1409 1411 1410
706 1 1 1 1411 1413 1412
707 1 1 1 1413 1415 1414
708 1 1 1 1415 1417 1416
709 1 1 1 1417 1419 1418
710 1 1 1 1419 1421 1420
711 1 1 1 1421 1423 1422
712 1 1 1 1423 1425 1424
713 1 1 1 1425 1427 1426
714 1 1 1 1427 1429 1428
715 1 1 1 1429 1431 1430
716 1 1 1 1431 1433 1432
717 1 1 1 1433 1435 1434
718 1 1 1 1435 1437 1436
719 1 1 1 1437 1439 1438
720 1 1 1 1439 1441 1440
721 1 1 1 1441 1443 1442
722 1 1 1 1443 1445 1444
723 1 1 1 1445 1447 1446
724 1 1 1 1447 1449 1448
725 1 1 1 1449 1451 1450
726 1 1 1 1451 1453 1452
727 1 1 1 1453 1455 1454
728 1 1 1 1455 1457 1456
729 1 1 1 1457 1459 1458
730 1 1 1 1459 1461 1460
731 1 1 1 1461 1463 1462
732 1 1 1 1463 1465 1464
733 1 1 1 1465 1467 1466
734 1 1 1 1467 1469 1468
735 1 1 1 1469 1471 1470
736 1 1 1 1471 1473 1472
737 1 1 1 1473 1475 1474
738 1 1 1 1475 1477 1476
739 1 1 1 1477 1479 1478
740 1 1 1 1479 1481 1480
741 1 1 1 1481 1483 1482
742 1 1 1 1483 1485 1484
743 1 1 1 1485 1487 1486
744 1 1 1 1487 1489 1488
745 1 1 1 1489 1491 1490
746 1 1 1 1491 1493 1492
747 1 1 1 1493 1495 1494
748 1 1 1 1495 1497 1496
749 1 1 1 1497 1499 1498
750 1 1 1 1499 1501 1500
751 1 1 1 1501 1503 1502
752 1 1 1 1503 1505 1504
753 1 1 1 1505 1507 1506
754 1 1 1 1507 1509 1508
755 1 1 1 1509 1511 1510
756 1 1 1 1511 1513 1512
757 1 1 1 1513 1515 1514
758 1 1 1 1515 1517 1516
759 1 1 1 1517 1519 1518
760 1 1 1 1519 1521 1520
761 1 1 1 1521 1523 1522
762 1 1 1 1523 1525 1524
763 1 1 1 1525 1527 1526
764 1 1 1 1527 1529 1528
765 1 1 1 1529 1531 1530
766 1 1 1 1531 1533 1532
767 1 1 1 1533 1535 1534
768 1 1 1 1535 1537 1536
769 1 1 1 1537 1539 1538
770 1 1 1 1539 1541 1540
771 1 1 1 1541 1543 1542
772 1 1 1 1543 1545 1544
773 1 1 1 1545 1547 1546
774 1 1 1 1547 1549 1548
775 1 1 1 1549 1551 1550
776 1 1 1 1551 1553 1552
777 1 1 1 1553 1555 1554
778 1 1 1 1555 1557 1556
779 1 1 1 1557 1559 1558
780 1 1 1 1559 1561 1560
781 1 1 1 1561 1563 1562
782 1 1 1 1563 1565 1564
783 1 1 1 1565 1567 1566
784 1 1 1 1567 1569 1568
785 1 1 1 1569 1571 1570
786 1 1 1 1571 1573 1572
787 1 1 1 1573 1575 1574
788 1 1 1 1575 1577 1576
789 1 1 1 1577 1579 1578
790 1 1 1 1579 1581 1580
791 1 1 1 1581 1583 1582
792 1 1 1 1583 1585 1584
793 1 1 1 1585 1587 1586
794 1 1 1 1587 1589 1588
795 1 1 1 1589 1591 1590
796 1 1 1 1591 1593 1592
797 1 1 1 1593 1595 1594
798 1 1 1 1595 1597 1596
799 1 1 1 1597 1599 1598
800 1 1 1 1599 1601 1600
801 1 1 1 1601 1603 1602
802 1 1 1 1603 1605 1604
803 1 1 1 1605 1607 1606
804 1 1 1 1607 1609 1608
805 1 1 1 1609 1611 1610
806 1 1 1 1611 1613 1612
807 1 1 1 1613 1615 1614
808 1 1 1 1615 1617 1616
809 1 1 1 1617 1619 1618
810 1 1 1 1619 1621 1620
811 1 1 1 1621 1623 1622
812 1 1 1 1623 1625 1624
813 1 1 1 1625 1627 1626
814 1 1 1 1627 1629 1628
815 1 1 1 1629 1631 1630
816 1 1 1 1631 1633 1632
817 1 1 1 1633 1635 1634
818 1 1 1 1635 1637 1636
819 1 1 1 1637 1639 1638
820 1 1 1 1639 1641 1640
821 1 1 1 1641 1643 1642
822 1 1 1 1643 1645 1644
823 1 1 1 1645 1647 1646
824 1 1 1 1647 1649 1648
825 1 1 1 1649 1651 1650
826 1 1 1 1651 1653 1652
827 1 1 1 1653 1655 1654
828 1 1 1 1655 1657 1656
829 1 1 1 1657 1659 1658
830 1 1 1 1659 1661 1660
831 1 1 1 1661 1663 1662
832 1 1 1 1663 1665 1664
833 1 1 1 1665 1667 1666
834 1 1 1 1667 1669 1668
835 1 1 1 1669 1671 1670
836 1 1 1 1671 1673 1672
837 1 1 1 1673 1675 1674
838 1 1 1 1675 1677 1676
839 1 1 1 1677 1679 1678
840 1 1 1 1679 1681 1680
841 1 1 1 1681 1683 1682
842 1 1 1 1683 1685 1684
843 1 1 1 1685 1687 1686
844 1 1 1 1687 1689 1688
845 1 1 1 1689 1691 1690
846 1 1 1 1691 1693 1692
847 1 1 1 1693 1695 1694
848 1 1 1 1695 1697 1696
849 1 1 1 1697 1699 1698
850 1 1 1 1699 1701 1700
851 1 1 1 1701 1703 1702
852 1 1 1 1703 1705 1704
853 1 1 1 1705 1707 1706
854 1 1 1 1707 1709 1708
855 1 1 1 1709 1711 1710
856 1 1 1 1711 1713 1712
857 1 1 1 1713 1715 1714
858 1 1 1 1715 1717 1716
859 1 1 1 1717 1719 1718
860 1 1 1 1719 1721 1720
861 1 1 1 1721 1723 1722
862 1 1 1 1723 1725 1724
863 1 1 1 1725 1727 1726
864 1 1 1 1727 1729 1728
865 1 1 1 1729 1731 1730
866 1 1 1 1731 1733 1732
867 1 1 1 1733 1735 1734
868 1 1 1 1735 1737 1736
869 1 1 1 1737 1739 1738
870 1 1 1 1739 1741 1740
871 1 1 1 1741 1743 1742
872 1 1 1 1743 1745 1744
873 1 1 1 1745 1747 1746
874 1 1 1 1747 1749 1748
875 1 1 1 1749 1751 1750
876 1 1 1 1751 1753 1752
877 1 1 1 1753 1755 1754
878 1 1 1 1755 1757 1756
879 1 1 1 1757 1759 1758
880 1 1 1 1759 1761 1760
881 1 1 1 1761 1763 1762
882 1 1 1 1763 1765 1764
883 1 1 1 1765 1767 1766
884 1 1 1 1767 1769 1768
885 1 1 1 1769 1771 1770
886 1 1 1 1771 1773 1772
887 1 1 1 1773 1775 1774
888 1 1 1 1775 1777 1776
889 1 1 1 1777 1779 1778
890 1 1 1 1779 1781 1780
891 1 1 1 1781 1783 1782
892 1 1 1 1783 1785 1784
893 1 1 1 1785 1787 1786
894 1 1 1 1787 1789 1788
895 1 1 1 1789 1791 1790
896 1 1 1 1791 1793 1792
897 1 1 1 1793 1795 1794
898 1 1 1 1795 1797 1796
899 1 1 1 1797 1799 1798
900 1 1 1 1799 1801 1800
901 1 1 1 1801 1803 1802
902 1 1 1 1803 1805 1804
903 1 1 1 1805 1807 1806
904 1 1 1 1807 1809 1808
905 1 1 1 1809 1811 1810
906 1 1 1 1811 1813 1812
907 1 1 1 1813 1815 1814
908 1 1 1 1815 1817 1816
909 1 1 1 1817 1819 1818
910 1 1 1 1819 1821 1820
911 1 1 1 1821 1823 1822
912 1 1 1 1823 1825 1824
913 1 1 1 1825 1827 1826
914 1 1 1 1827 1829 1828
915 1 1 1 1829 1831 1830
916 1 1 1 1831 1833 1832
917 1 1 1 1833 1835 1834
918 1 1 1 1835 1837 1836
919 1 1 1 1837 1839 1838
920 1 1 1 1839 1841 1840
921 1 1 1 1841 1843 1842
922 1 1 1 1843 1845 1844
923 1 1 1 1845 1847 1846
924 1 1 1 1847 1849 1848
925 1 1 1 1849 1851 1850
926 1 1 1 1851 1853 1852
927 1 1 1 1853 1855 1854
928 1 1 1 1855 1857 1856
929 1 1 1 1857 1859 1858
930 1 1 1 1859 1861 1860
931 1 1 1 1861 1863 1862
932 1 1 1 1863 1865 1864
933 1 1 1 1865 1867 1866
934 1 1 1 1867 1869 1868
935 1 1 1 1869 1871 1870
936 1 1 1 1871 1873 1872
937 1 1 1 1873 1875 1874
938 1 1 1 1875 1877 1876
939 1 1 1 1877 1879 1878
940 1 1 1 1879 1881 1880
941 1 1 1 1881 1883 1882
942 1 1 1 1883 1885 1884
943 1 1 1 1885 1887 1886
944 1 1 1 1887 1889 1888
945 1 1 1 1889 1891 1890
946 1 1 1 1891 1893 1892
947 1 1 1 1893 1895 1894
948 1 1 1 1895 1897 1896
949 1 1 1 1897 1899 1898
950 1 1 1 1899 1901 1900
951 1 1 1 1901 1903 1902
952 1 1 1 1903 1905 1904
953 1 1 1 1905 1907 1906
954 1 1 1 1907 1909 1908
955 1 1 1 1909 1911 1910
956 1 1 1 1911 1913 1912
957 1 1 1 1913 1915 1914
958 1 1 1 1915 1917 1916
959 1 1 1 1917 1919 1918
960 1 1 1 1919 1921 1920
961 1 1 1 1921 1923 1922
962 1 1 1 1923 1925 1924
963 1 1 1 1925 1927 1926
964 1 1 1 1927 1929 1928
965 1 1 1 1929 1931 1930
966 1 1 1 1931 1933 1932
967 1 1 1 1933 1935 1934
968 1 1 1 1935 1937 1936
969 1 1 1 1937 1939 1938
970 1 1 1 1939 1941 1940
971 1 1 1 1941 1943 1942
972 1 1 1 1943 1945 1944
973 1 1 1 1945 1947 1946
974 1 1 1 1947 1949 1948
975 1 1 1 1949 1951 1950
976 1 1 1 1951 1953 1952
977 1 1 1 1953 1955 1954
978 1 1 1 1955 1957 1956
979 1 1 1 1957 1959 1958
980 1 1 1 1959 1961 1960
981 1 1 1 1961 1963 1962
982 1 1 1 1963 1965 1964
983 1 1 1 1965 1967 1966
984 1 1 1 1967 1969 1968
985 1 1 1 1969 1971 1970
986 1 1 1 1971 1973 1972
987 1 1 1 1973 1975 1974
988 1 1 1 1975 1977 1976
989 1 1 1 1977 1979 1978
990 1 1 1 1979 1981 1980
991 1 1 1 1981 1983 1982
992 1 1 1 1983 1985 1984
993 1 1 1 1985 1987 1986
994 1 1 1 1987 1989 1988
995 1 1 1 1989 1991 1990
996 1 1 1 1991 1993 1992
997 1 1 1 1993 1995 1994
998 1 1 1 1995 1997 1996
999 1 1 1 1997 1999 1998
1000 1 1 1 1999 2001 2000
1001 1 1 1 2001 2003 2002
1002 1 1 1 2003 2005 2004
1003 1 1 1 2005 2007 2006
1004 1 1 1 2007 2009 2008
1005 1 1 1 2009 2011 2010
1006 1 1 1 2011 2013 2012
1007 1 1 1 2013 2015 2014
1008 1 1 1 2015 2017 2016
1009 1 1 1 2017 2019 2018
1010 1 1 1 2019 2021 2020
1011 1 1 1 2021 2023 2022
1012 1 1 1 2023 2025 2024
1013 1 1 1 2025 2027 2026
1014 1 1 1 2027 2029 2028
1015 1 1 1 2029 2031 2030
1016 1 1 1 2031 2033 2032
1017 1 1 1 2033 2035 2034
1018 1 1 1 2035 2037 2036
1019 1 1 1 2037 2039 2038
1020 1 1 1 2039 2041 2040
1021 1 1 1 2041 2043 2042
1022 1 1 1 2043 2045 2044
1023 1 1 1 2045 2047 2046
1024 1 1 1 2047 2049 2048
1025 1 1 1 2049 2051 2050
1026 1 1 1 2051 2053 2052
1027 1 1 1 2053 2055 2054
1028 1 1 1 2055 2057 2056
1029 1 1 1 2057 2059 2058
1030 1 1 1 2059 2061 2060
1031 1 1 1 2061 2063 2062
1032 1 1 1 2063 2065 2064
1033 1 1 1 2065 2067 2066
1034 1 1 1 2067 2069 2068
1035 1 1 1 2069 2071 2070
1036 1 1 1 2071 2073 2072
1037 1 1 1 2073 2075 2074
1038 1 1 1 2075 2077 2076
1039 1 1 1 2077 2079 2078
1040 1 1 1 2079 2081 2080
1041 1 1 1 2081 2083 2082
1042 1 1 1 2083 2085 2084
1043 1 1 1 2085 2087 2086
1044 1 1 1 2087 2089 2088
1045 1 1 1 2089 2091 2090
1046 1 1 1 2091 2093 2092
1047 1 1 1 2093 2095 2094
1048 1 1 1 2095 2097 2096
1049 1 1 1 2097 2099 2098
1050 1 1 1 2099 2101 2100
1051 1 1 1 2101 2103 2102
1052 1 1 1 2103 2105 2104
1053 1 1 1 2105 2107 2106
1054 1 1 1 2107 2109 2108
1055 1 1 1 2109 2111 2110
1056 1 1 1 2111 2113 2112
1057 1 1 1 2113 2115 2114
1058 1 1 1 2115 2117 2116
1059 1 1 1 2117 2119 2118
1060 1 1 1 2119 2121 2120
1061 1 1 1 2121 2123 2122
1062 1 1 1 2123 2125 2124
1063 1 1 1 2125 2127 2126
1064 1 1 1 2127 2129 2128
1065 1 1 1 2129 2131 2130
1066 1 1 1 2131 2133 2132
1067 1 1 1 2133 2135 2134
1068 1 1 1 2135 2137 2136
1069 1 1 1 2137 2139 2138
1070 1 1 1 2139 2141 2140
1071 1 1 1 2141 2143 2142
1072 1 1 1 2143 2145 2144
1073 1 1 1 2145 2147 2146
1074 1 1 1 2147 2149 2148
1075 1 1 1 2149 2151 2150
1076 1 1 1 2151 2153 2152
1077 1 1 1 2153 2155 2154
1078 1 1 1 2155 2157 2156
1079 1 1 1 2157 2159 2158
1080 1 1 1 2159 2161 2160
1081 1 1 1 2161 2163 2162
1082 1 1 1 2163 2165 2164
1083 1 1 1 2165 2167 2166
1084 1 1 1 2167 2169 2168
1085 1 1 1 2169 2171 2170
1086 1 1 1 2171 2173 2172
1087 1 1 1 2173 2175 2174
1088 1 1 1 2175 2177 2176
1089 1 1 1 2177 2179 2178
1090 1 1 1 2179 2181 2180
1091 1 1 1 2181 2183 2182
1092 1 1 1 2183 2185 2184
1093 1 1 1 2185 2187 2186
1094 1 1 1 2187 2189 2188
1095 1 1 1 2189 2191 2190
1096 1 1 1 2191 2193 2192
1097 1 1 1 2193 2195 2194
1098 1 1 1 2195 2197 2196
1099 1 1 1 2197 2199 2198
1100 1 1 1 2199 2201 2200
1101 1 1 1 2201 2203 2202
1102 1 1 1 2203 2205 2204
1103 1 1 1 2205 2207 2206
1104 1 1 1 2207 2209 2208
1105 1 1 1 2209 2211 2210
1106 1 1 1 2211 2213 2212
1107 1 1 1 2213 2215 2214
1108 1 1 1 2215 2217 2216
1109 1 1 1 2217 2219 2218
1110 1 1 1 2219 2221 2220
1111 1 1 1 2221 2223 2222
1112 1 1 1 2223 2225 2224
1113 1 1 1 2225 2227 2226
1114 1 1 1 2227 2229 2228
1115 1 1 1 2229 2231 2230
1116 1 1 1 2231 2233 2232
1117 1 1 1 2233 2235 2234
1118 1 1 1 2235 2237 2236
1119 1 1 1 2237 2239 2238
1120 1 1 1 2239 2241 2240
1121 1 1 1 2241 2243 2242
1122 1 1 1 2243 2245 2244
1123 1 1 1 2245 2247 2246
1124 1 1 1 2247 2249 2248
1125 1 1 1 2249 2251 2250
1126 1 1 1 2251 2253 2252
1127 1 1 1 2253 2255 2254
1128 1 1 1 2255 2257 2256
1129 1 1 1 2257 2259 2258
1130 1 1 1 2259 2261 2260
1131 1 1 1 2261 2263 2262
1132 1 1 1 2263 2265 2264
1133 1 1 1 2265 2267 2266
1134 1 1 1 2267 2269 2268
1135 1 1 1 2269 2271 2270
1136 1 1 1 2271 2273 2272
1137 1 1 1 2273 2275 2274
1138 1 1 1 2275 2277 2276
1139 1 1 1 2277 2279 2278
1140 1 1 1 2279 2281 2280
1141 1 1 1 2281 2283 2282
1142 1 1 1 2283 2285 2284
1143 1 1 1 2285 2287 2286
1144 1 1 1 2287 2289 2288
1145 1 1 1 2289 2291 2290
1146 1 1 1 2291 2293 2292
1147 1 1 1 2293 2295 2294
1148 1 1 1 2295 2297 2296
1149 1 1 1 2297 2299 2298
1150 1 1 1 2299 2301 2300
1151 1 1 1 2301 2303 2302
1152 1 1 1 2303 2305 2304
1153 1 1 1 2305 2307 2306
1154 1 1 1 2307 2309 2308
1155 1 1 1 2309 2311 2310
1156 1 1 1 2311 2313 2312
1157 1 1 1 2313 2315 2314
1158 1 1 1 2315 2317 2316
1159 1 1 1 2317 2319 2318
1160 1 1 1 2319 2321 2320
1161 1 1 1 2321 2323 2322
1162 1 1 1 2323 2325 2324
1163 1 1 1 2325 2327 2326
1164 1 1 1 2327 2329 2328
1165 1 1 1 2329 2331 2330
1166 1 1 1 2331 2333 2332
1167 1 1 1 2333 2335 2334
1168 1 1 1 2335 2337 2336
1169 1 1 1 2337 2339 2338
1170 1 1 1 2339 2341 2340
1171 1 1 1 2341 2343 2342
1172 1 1 1 2343 2345 2344
1173 1 1 1 2345 2347 2346
1174 1 1 1 2347 2349 2348
1175 1 1 1 2349 2351 2350
1176 1 1 1 2351 2353 2352
1177 1 1 1 2353 2355 2354
1178 1 1 1 2355 2357 2356
1179 1 1 1 2357 2359 2358
1180 1 1 1 2359 2361 2360
1181 1 1 1 2361 2363 2362
1182 1 1 1 2363 2365 2364
1183 1 1 1 2365 2367 2366
1184 1 1 1 2367 2369 2368
1185 1 1 1 2369 2371 2370
1186 1 1 1 2371 2373 2372
1187 1 1 1 2373 2375 2374
1188 1 1 1 2375 2377 2376
1189 1 1 1 2377 2379 2378
1190 1 1 1 2379 2381 2380
1191 1 1 1 2381 2383 2382
1192 1 1 1 2383 2385 2384
1193 1 1 1 2385 2387 2386
1194 1 1 1 2387 2389 2388
1195 1 1 1 2389 2391 2390
1196 1 1 1 2391 2393 2392
1197 1 1 1 2393 2395 2394
1198 1 1 1 2395 2397 2396
1199 1 1 1 2397 2399 2398
1200 1 1 1 2399 2401 2400
1201 1 1 1 2401 2403 2402
1202 1 1 1 2403 2405 2404
1203 1 1 1 2405 2407 2406
1204 1 1 1 2407 2409 2408
1205 1 1 1 2409 2411 2410
1206 1 1 1 2411 2413 2412
1207 1 1 1 2413 2415 2414
1208 1 1 1 2415 2417 2416
1209 1 1 1 2417 2419 2418
1210 1 1 1 2419 2421 2420
1211 1 1 1 2421 2423 2422
1212 1 1 1 2423 2425 2424
1213 1 1 1 2425 2427 2426
1214 1 1 1 2427 2429 2428
1215 1 1 1 2429 2431 2430
1216 1 1 1 2431 2433 2432
1217 1 1 1 2433 2435 2434
1218 1 1 1 2435 2437 2436
1219 1 1 1 2437 2439 2438
1220 1 1 1 2439 2441 2440
1221 1 1 1 2441 2443 2442
1222 1 1 1 2443 2445 2444
1223 1 1 1 2445 2447 2446
1224 1 1 1 2447 2449 2448
1225 1 1 1 2449 2451 2450
1226 1 1 1 2451 2453 2452
1227 1 1 1 2453 2455 2454
1228 1 1 1 2455 2457 2456
1229 1 1 1 2457 2459 2458
1230 1 1 1 2459 2461 2460
1231 1 1 1 2461 2463 2462
1232 1 1 1 2463 2465 2464
1233 1 1 1 2465 2467 2466
1234 1 1 1 2467 2469 2468
1235 1 1 1 2469 2471 2470
1236 1 1 1 2471 2473 2472
1237 1 1 1 2473 2475 2474
1238 1 1 1 2475 2477 2476
1239 1 1 1 2477 2479 2478
1240 1 1 1 2479 2481 2480
1241 1 1 1 2481 2483 2482
1242 1 1 1 2483 2485 2484
1243 1 1 1 2485 2487 2486
1244 1 1 1 2487 2489 2488
1245 1 1 1 2489 2491 2490
1246 1 1 1 2491 2493 2492
1247 1 1 1 2493 2495 2494
1248 1 1 1 2495 2497 2496
1249 1 1 1 2497 2499 2498
1250 1 1 1 2499 2501 2500
1251 1 1 1 2501 2503 2502
1252 1 1 1 2503 2505 2504
1253 1 1 1 2505 2507 2506
1254 1 1 1 2507 2509 2508
1255 1 1 1 2509 2511 2510
1256 1 1 1 2511 2513 2512
1257 1 1 1 2513 2515 2514
1258 1 1 1 2515 2517 2516
1259 1 1 1 2517 2519 2518
1260 1 1 1 2519 2521 2520
1261 1 1 1 2521 2523 2522
1262 1 1 1 2523 2525 2524
1263 1 1 1 2525 2527 2526
1264 1 1 1 2527 2529 2528
1265 1 1 1 2529 2531 2530
1266 1 1 1 2531 2533 2532
1267 1 1 1 2533 2535 2534
1268 1 1 1 2535 2537 2536
1269 1 1 1 2537 2539 2538
1270 1 1 1 2539 2541 2540
1271 1 1 1 2541 2543 2542
1272 1 1 1 2543 2545 2544
1273 1 1 1 2545 2547 2546
1274 1 1 1 2547 2549 2548
1275 1 1 1 2549 2551 2550
1276 1 1 1 2551 2553 2552
1277 1 1 1 2553 2555 2554
1278 1 1 1 2555 2557 2556
1279 1 1 1 2557 2559 2558
1280 1 1 1 2559 2561 2560
1281 1 1 1 2561 2563 2562
1282 1 1 1 2563 2565 2564
1283 1 1 1 2565 2567 2566
1284 1 1 1 2567 2569 2568
1285 1 1 1 2569 2571 2570
1286 1 1 1 2571 2573 2572
1287 1 1 1 2573 2575 2574
1288 1 1 1 2575 2577 2576
1289 1 1 1 2577 2579 2578
1290 1 1 1 2579 2581 2580
1291 1 1 1 2581 2583 2582
1292 1 1 1 2583 2585 2584
1293 1 1 1 2585 2587 2586
1294 1 1 1 2587 2589 2588
1295 1 1 1 2589 2591 2590
1296 1 1 1 2591 2593 2592
1297 1 1 1 2593 2595 2594
1298 1 1 1 2595 2597 2596
1299 1 1 1 2597 2599 2598
1300 1 1 1 2599 2601 2600
1301 1 1 1 2601 2603 2602
1302 1 1 1 2603 2605 2604
1303 1 1 1 2605 2607 2606
1304 1 1 1 2607 2609 2608
1305 1 1 1 2609 2611 2610
1306 1 1 1 2611 2613 2612
1307 1 1 1 2613 2615 2614
1308 1 1 1 2615 2617 2616
1309 1 1 1 2617 2619 2618
1310 1 1 1 2619 2621 2620
1311 1 1 1 2621 2623 2622
1312 1 1 1 2623 2625 2624
1313 1 1 1 2625 2627 2626
1314 1 1 1 2627 2629 2628
1315 1 1 1 2629 2631 2630
1316 1 1 1 2631 2633 2632
1317 1 1 1 2633 2635 2634
1318 1 1 1 2635 2637 2636
1319 1 1 1 2637 2639 2638
1320 1 1 1 2639 2641 2640
1321 1 1 1 2641 2643 2642
1322 1 1 1 2643 2645 2644
1323 1 1 1 2645 2647 2646
1324 1 1 1 2647 2649 2648
1325 1 1 1 2649 2651 2650
1326 1 1 1 2651 2653 2652
1327 1 1 1 2653 2655 2654
1328 1 1 1 2655 2657 2656
1329 1 1 1 2657 2659 2658
1330 1 1 1 2659 2661 2660
1331 1 1 1 2661 2663 2662
1332 1 1 1 2663 2665 2664
1333 1 1 1 2665 2667 2666
1334 1 1 1 2667 2669 2668
1335 1 1 1 2669 2671 2670
1336 1 1 1 2671 2673 2672
1337 1 1 1 2673 2675 2674
1338 1 1 1 2675 2677 2676
1339 1 1 1 2677 2679 2678
1340 1 1 1 2679 2681 2680
1341 1 1 1 2681 2683 2682
1342 1 1 1 2683 2685 2684
1343 1 1 1 2685 2687 2686
1344 1 1 1 2687 2689 2688
1345 1 1 1 2689 2691 2690
1346 1 1 1 2691 2693 2692
1347 1 1 1 2693 2695 2694
1348 1 1 1 2695 2697 2696
1349 1 1 1 2697 2699 2698
1350 1 1 1 2699 2701 2700
1351 1 1 1 2701 2703 2702
1352 1 1 1 2703 2705 2704
1353 1 1 1 2705 2707 2706
1354 1 1 1 2707 2709 2708
1355 1 1 1 2709 2711 2710
1356 1 1 1 2711 2713 2712
1357 1 1 1 2713 2715 2714
1358 1 1 1 2715 2717 2716
1359 1 1 1 2717 2719 2718
1360 1 1 1 2719 2721 2720
1361 1 1 1 2721 2723 2722
1362 1 1 1 2723 2725 2724
1363 1 1 1 2725 2727 2726
1364 1 1 1 2727 2729 2728
1365 1 1 1 2729 2731 2730
1366 1 1 1 2731 2733 2732
1367 1 1 1 2733 2735 2734
1368 1 1 1 2735 2737 2736
1369 1 1 1 2737 2739 2738
1370 1 1 1 2739 2741 2740
1371 1 1 1 2741 2743 2742
1372 1 1 1 2743 2745 2744
1373 1 1 1 2745 2747 2746
1374 1 1 1 2747 2749 2748
1375 1 1 1 2749 2751 2750
1376 1 1 1 2751 2753 2752
1377 1 1 1 2753 2755 2754
1378 1 1 1 2755 2757 2756
1379 1 1 1 2757 2759 2758
1380 1 1 1 2759 2761 2760
1381 1 1 1 2761 2763 2762
1382 1 1 1 2763 2765 2764
1383 1 1 1 2765 2767 2766
1384 1 1 1 2767 2769 2768
1385 1 1 1 2769 2771 2770
1386 1 1 1 2771 2773 2772
1387 1 1 1 2773 2775 2774
1388 1 1 1 2775 2777 2776
1389 1 1 1 2777 2779 2778
1390 1 1 1 2779 2781 2780
1391 1 1 1 2781 2783 2782
1392 1 1 1 2783 2785 2784
1393 1 1 1 2785 2787 2786
1394 1 1 1 2787 2789 2788
1395 1 1 1 2789 2791 2790
1396 1 1 1 2791 2793 2792
1397 1 1 1 2793 2795 2794
1398 1 1 1 2795 2797 2796
1399 1 1 1 2797 2799 2798
1400 1 1 1 2799 2801 2800
1401 1 1 1 2801 2803 2802
1402 1 1 1 2803 2805 2804
1403 1 1 1 2805 2807 2806
1404 1 1 1 2807 2809 2808
1405 1 1 1 2809 2811 2810
1406 1 1 1 2811 2813 2812
1407 1 1 1 2813 2815 2814
1408 1 1 1 2815 2817 2816
1409 1 1 1 2817 2819 2818
1410 1 1 1 2819 2821 2820
1411 1 1 1 2821 2823 2822
1412 1 1 1 2823 2825 2824
1413 1 1 1 2825 2827 2826
1414 1 1 1 2827 2829 2828
1415 1 1 1 2829 2831 2830
1416 1 1 1 2831 2833 2832
1417 1 1 1 2833 2835 2834
1418 1 1 1 2835 2837 2836
1419 1 1 1 2837 2839 2838
1420 1 1 1 2839 2841 2840
1421 1 1 1 2841 2843 2842
1422 1 1 1 2843 2845 2844
1423 1 1 1 2845 2847 2846
1424 1 1 1 2847 2849 2848
1425 1 1 1 2849 2851 2850
1426 1 1 1 2851 2853 2852
1427 1 1 1 2853 2855 2854
1428 1 1 1 2855 2857 2856
1429 1 1 1 2857 2859 2858
1430 1 1 1 2859 2861 2860
1431 1 1 1 2861 2863 2862
1432 1 1 1 2863 2865 2864
1433 1 1 1 2865 2867 2866
1434 1 1 1 2867 2869 2868
1435 1 1 1 2869 2871 2870
1436 1 1 1 2871 2873 2872
1437 1 1 1 2873 2875 2874
1438 1 1 1 2875 2877 2876
1439 1 1 1 2877 2879 2878
1440 1 1 1 2879 2881 2880
1441 1 1 1 2881 2883 2882
1442 1 1 1 2883 2885 2884
1443 1 1 1 2885 2887 2886
1444 1 1 1 2887 2889 2888
1445 1 1 1 2889 2891 2890
1446 1 1 1 2891 2893 2892
1447 1 1 1 2893 2895 2894
1448 1 1 1 2895 2897 2896
1449 1 1 1 2897 2899 2898
1450 1 1 1 2899 2901 2900
1451 1 1 1 2901 2903 2902
1452 1 1 1 2903 2905 2904
1453 1 1 1 2905 2907 2906
1454 1 1 1 2907 2909 2908
1455 1 1 1 2909 2911 2910
1456 1 1 1 2911 2913 2912
1457 1 1 1 2913 2915 2914
1458 1 1 1 2915 2917 2916
1459 1 1 1 2917 2919 2918
1460 1 1 1 2919 2921 2920
1461 1 1 1 2921 2923 2922
1462 1 1 1 2923 2925 2924
1463 1 1 1 2925 2927 2926
1464 1 1 1 2927 2929 2928
1465 1 1 1 2929 2931 2930
1466 1 1 1 2931 2933 2932
1467 1 1 1 2933 2935 2934
1468 1 1 1 2935 2937 2936
1469 1 1 1 2937 2939 2938
1470 1 1 1 2939 2941 2940
1471 1 1 1 2941 2943 2942
1472 1 1 1 2943 2945 2944
1473 1 1 1 2945 2947 2946
1474 1 1 1 2947 2949 2948
1475 1 1 1 2949 2951 2950
1476 1 1 1 2951 2953 2952
1477 1 1 1 2953 2955 2954
1478 1 1 1 2955 2957 2956
1479 1 1 1 2957 2959 2958
1480 1 1 1 2959 2961 2960
1481 1 1 1 2961 2963 2962
1482 1 1 1 2963 2965 2964
1483 1 1 1 2965 2967 2966
1484 1 1 1 2967 2969 2968
1485 1 1 1 2969 2971 2970
1486 1 1 1 2971 2973 2972
1487 1 1 1 2973 2975 2974
1488 1 1 1 2975 2977 2976
1489 1 1 1 2977 2979 2978
1490 1 1 1 2979 2981 2980
1491 1 1 1 2981 2983 2982
1492 1 1 1 2983 2985 2984
1493 1 1 1 2985 2987 2986
1494 1 1 1 2987 2989 2988
1495 1 1 1 2989 2991 2990
1496 1 1 1 2991 2993 2992
1497 1 1 1 2993 2995 2994
1498 1 1 1 2995 2997 2996
1499 1 1 1 2997 2999 2998
1500 1 1 1 2999 3001 3000
1501 1 1 1 3001 3003 3002
1502 1 1 1 3003 3005 3004
1503 1 1 1 3005 3007 3006
1504 1 1 1 3007 3009 3008
1505 1 1 1 3009 3011 3010
1506 1 1 1 3011 3013 3012
1507 1 1 1 3013 3015 3014
1508 1 1 1 3015 3017 3016
1509 1 1 1 3017 3019 3018
1510 1 1 1 3019 3021 3020
1511 1 1 1 3021 3023 3022
1512 1 1 1 3023 3025 3024
1513 1 1 1 3025 3027 3026
1514 1 1 1 3027 3029 3028
1515 1 1 1 3029 3031 3030
1516 1 1 1 3031 3033 3032
1517 1 1 1 3033 3035 3034
1518 1 1 1 3035 3037 3036
1519 1 1 1 3037 3039 3038
1520 1 1 1 3039 3041 3040
1521 1 1 1 3041 3043 3042
1522 1 1 1 3043 3045 3044
1523 1 1 1 3045 3047 3046
1524 1 1 1 3047 3049 3048
1525 1 1 1 3049 3051 3050
1526 1 1 1 3051 3053 3052
1527 1 1 1 3053 3055 3054
1528 1 1 1 3055 3057 3056
1529 1 1 1 3057 3059 3058
1530 1 1 1 3059 3061 3060
1531 1 1 1 3061 3063 3062
1532 1 1 1 3063 3065 3064
1533 1 1 1 3065 3067 3066
1534 1 1 1 3067 3069 3068
1535 1 1 1 3069 3071 3070
1536 1 1 1 3071 3073 3072
1537 1 1 1 3073 3075 3074
1538 1 1 1 3075 3077 3076
1539 1 1 1 3077 3079 3078
1540 1 1 1 3079 3081 3080
1541 1 1 1 3081 3083 3082
1542 1 1 1 3083 3085 3084
1543 1 1 1 3085 3087 3086
1544 1 1 1 3087 3089 3088
1545 1 1 1 3089 3091 3090
1546 1 1 1 3091 3093 3092
1547 1 1 1 3093 3095 3094
1548 1 1 1 3095 3097 3096
1549 1 1 1 3097 3099 3098
1550 1 1 1 3099 3101 3100
1551 1 1 1 3101 3103 3102
1552 1 1 1 3103 3105 3104
1553 1 1 1 3105 3107 3106
1554 1 1 1 3107 3109 3108
1555 1 1 1 3109 3111 3110
1556 1 1 1 3111 3113 3112
1557 1 1 1 3113 3115 3114
1558 1 1 1 3115 3117 3116
1559 1 1 1 3117 3119 3118
1560 1 1 1 3119 3121 3120
1561 1 1 1 3121 3123 3122
1562 1 1 1 3123 3125 3124
1563 1 1 1 3125 3127 3126
1564 1 1 1 3127 3129 3128
1565 1 1 1 3129 3131 3130
1566 1 1 1 3131 3133 3132
1567 1 1 1 3133 3135 3134
1568 1 1 1 3135 3137 3136
1569 1 1 1 3137 3139 3138
1570 1 1 1 3139 3141 3140
1571 1 1 1 3141 3143 3142
1572 1 1 1 3143 3145 3144
1573 1 1 1 3145 3147 3146
1574 1 1 1 3147 3149 3148
1575 1 1 1 3149 3151 3150
1576 1 1 1 3151 3153 3152
1577 1 1 1 3153 3155 3154
1578 1 1 1 3155 3157 3156
1579 1 1 1 3157 3159 3158
1580 1 1 1 3159 3161 3160
1581 1 1 1 3161 3163 3162
1582 1 1 1 3163 3165 3164
1583 1 1 1 3165 3167 3166
1584 1 1 1 3167 3169 3168
1585 1 1 1 3169 3171 3170
1586 1 1 1 3171 3173 3172
1587 1 1 1 3173 3175 3174
1588 1 1 1 3175 3177 3176
1589 1 1 1 3177 3179 3178
1590 1 1 1 3179 3181 3180
1591 1 1 1 3181 3183 3182
1592 1 1 1 3183 3185 3184
1593 1 1 1 3185 3187 3186
1594 1 1 1 3187 3189 3188
1595 1 1 1 3189 3191 3190
1596 1 1 1 3191 3193 3192
1597 1 1 1 3193 3195 3194
1598 1 1 1 3195 3197 3196
1599 1 1 1 3197 3199 3198
1600 1 1 1 3199 3201 3200
1601 1 1 1 3201 3203 3202
1602 1 1 1 3203 3205 3204
1603 1 1 1 3205 3207 3206
1604 1 1 1 3207 3209 3208
1605 1 1 1 3209 3211 3210
1606 1 1 1 3211 3213 3212
1607 1 1 1 3213 3215 3214
1608 1 1 1 3215 3217 3216
1609 1 1 1 3217 3219 3218
1610 1 1 1 3219 3221 3220
1611 1 1 1 3221 3223 3222
1612 1 1 1 3223 3225 3224
1613 1 1 1 3225 3227 3226
1614 1 1 1 3227 3229 3228
1615 1 1 1 3229 3231 3230
1616 1 1 1 3231 3233 3232
1617 1 1 1 3233 3235 3234
1618 1 1 1 3235 3237 3236
1619 1 1 1 3237 3239 3238
1620 1 1 1 3239 3241 3240
1621 1 1 1 3241 3243 3242
1622 1 1 1 3243 3245 3244
1623 1 1 1 3245 3247 3246
1624 1 1 1 3247 3249 3248
1625 1 1 1 3249 3251 3250
1626 1 1 1 3251 3253 3252
1627 1 1 1 3253 3255 3254
1628 1 1 1 3255 3257 3256
1629 1 1 1 3257 3259 3258
1630 1 1 1 3259 3261 3260
1631 1 1 1 3261 3263 3262
1632 1 1 1 3263 3265 3264
1633 1 1 1 3265 3267 3266
1634 1 1 1 3267 3269 3268
1635 1 1 1 3269 3271 3270
1636 1 1 1 3271 3273 3272
1637 1 1 1 3273 3275 3274
1638 1 1 1 3275 3277 3276
1639 1 1 1 3277 3279 3278
1640 1 1 1 3279 3281 3280
1641 1 1 1 3281 3283 3282
1642 1 1 1 3283 3285 3284
1643 1 1 1 3285 3287 3286
1644 1 1 1 3287 3289 3288
1645 1 1 1 3289 3291 3290
1646 1 1 1 3291 3293 3292
1647 1 1 1 3293 3295 3294
1648 1 1 1 3295 3297 3296
1649 1 1 1 3297 3299 3298
1650 1 1 1 3299 3301 3300
1651 1 1 1 3301 3303 3302
1652 1 1 1 3303 3305 3304
1653 1 1 1 3305 3307 3306
1654 1 1 1 3307 3309 3308
1655 1 1 1 3309 3311 3310
1656 1 1 1 3311 3313 3312
1657 1 1 1 3313 3315 3314
1658 1 1 1 3315 3317 3316
1659 1 1 1 3317 3319 3318
1660 1 1 1 3319 3321 3320
1661 1 1 1 3321 3323 3322
1662 1 1 1 3323 3325 3324
1663 1 1 1 3325 3327 3326
1664 1 1 1 3327 3329 3328
1665 1 1 1 3329 3331 3330
1666 1 1 1 3331 3333 3332
1667 1 1 1 3333 3335 3334
1668 1 1 1 3335 3337 3336
1669 1 1 1 3337 3339 3338
1670 1 1 1 3339 3341 3340
1671 1 1 1 3341 3343 3342
1672 1 1 1 3343 3345 3344
1673 1 1 1 3345 3347 3346
1674 1 1 1 3347 3349 3348
1675 1 1 1 3349 3351 3350
1676 1 1 1 3351 3353 3352
1677 1 1 1 3353 3355 3354
1678 1 1 1 3355 3357 3356
1679 1 1 1 3357 3359 3358
1680 1 1 1 3359 3361 3360
1681 1 1 1 3361 3363 3362
1682 1 1 1 3363 3365 3364
1683 1 1 1 3365 3367 3366
1684 1 1 1 3367 3369 3368
1685 1 1 1 3369 3371 3370
1686 1 1 1 3371 3373 3372
1687 1 1 1 3373 3375 3374
1688 1 1 1 3375 3377 3376
1689 1 1 1 3377 3379 3378
1690 1 1 1 3379 3381 3380
1691 1 1 1 3381 3383 3382
1692 1 1 1 3383 3385 3384
1693 1 1 1 3385 3387 3386
1694 1 1 1 3387 3389 3388
1695 1 1 1 3389 3391 3390
1696 1 1 1 3391 3393 3392
1697 1 1 1 3393 3395 3394
1698 1 1 1 3395 3397 3396
1699 1 1 1 3397 3399 3398
1700 1 1 1 3399 3401 3400
1701 1 1 1 3401 3403 3402
1702 1 1 1 3403 3405 3404
1703 1 1 1 3405 3407 3406
1704 1 1 1 3407 3409 3408
1705 1 1 1 3409 3411 3410
1706 1 1 1 3411 3413 3412
1707 1 1 1 3413 3415 3414
1708 1 1 1 3415 3417 3416
1709 1 1 1 3417 3419 3418
1710 1 1 1 3419 3421 3420
1711 1 1 1 3421 3423 3422
1712 1 1 1 3423 3425 3424
1713 1 1 1 3425 3427 3426
1714 1 1 1 3427 3429 3428
1715 1 1 1 3429 3431 3430
1716 1 1 1 3431 3433 3432
1717 1 1 1 3433 3435 3434
1718 1 1 1 3435 3437 3436
1719 1 1 1 3437 3439 3438
1720 1 1 1 3439 3441 3440
1721 1 1 1 3441 3443 3442
1722 1 1 1 3443 3445 3444
1723 1 1 1 3445 3447 3446
1724 1 1 1 3447 3449 3448
1725 1 1 1 3449 3451 3450
1726 1 1 1 3451 3453 3452
1727 1 1 1 3453 3455 3454
1728 1 1 1 3455 3457 3456
1729 1 1 1 3457 3459 3458
1730 1 1 1 3459 3461 3460
1731 1 1 1 3461 3463 3462
1732 1 1 1 3463 3465 3464
1733 1 1 1 3465 3467 3466
1734 1 1 1 3467 3469 3468
1735 1 1 1 3469 3471 3470
1736 1 1 1 3471 3473 3472
1737 1 1 1 3473 3475 3474
1738 1 1 1 3475 3477 3476
1739 1 1 1 3477 3479 3478
1740 1 1 1 3479 3481 3480
1741 1 1 1 3481 3483 3482
1742 1 1 1 3483 3485 3484
1743 1 1 1 3485 3487 3486
1744 1 1 1 3487 3489 3488
1745 1 1 1 3489 3491 3490
1746 1 1 1 3491 3493 3492
1747 1 1 1 3493 3495 3494
1748 1 1 1 3495 3497 3496
1749 1 1 1 3497 3499 3498
1750 1 1 1 3499 3501 3500
1751 1 1 1 3501 3503 3502
1752 1 1 1 3503 3505 3504
1753 1 1 1 3505 3507 3506
1754 1 1 1 3507 3509 3508
1755 1 1 1 3509 3511 3510
1756 1 1 1 3511 3513 3512
1757 1 1 1 3513 3515 3514
1758 1 1 1 3515 3517 3516
1759 1 1 1 3517 3519 3518
1760 1 1 1 3519 3521 3520
1761 1 1 1 3521 3523 3522
1762 1 1 1 3523 3525 3524
1763 1 1 1 3525 3527 3526
1764 1 1 1 3527 3529 3528
1765 1 1 1 3529 3531 3530
1766 1 1 1 3531 3533 3532
1767 1 1 1 3533 3535 3534
1768 1 1 1 3535 3537 3536
1769 1 1 1 3537 3539 3538
1770 1 1 1 3539 3541 3540
1771 1 1 1 3541 3543 3542
1772 1 1 1 3543 3545 3544
1773 1 1 1 3545 3547 3546
1774 1 1 1 3547 3549 3548
1775 1 1 1 3549 3551 3550
1776 1 1 1 3551 3553 3552
1777 1 1 1 3553 3555 3554
1778 1 1 1 3555 3557 3556
1779 1 1 1 3557 3559 3558
1780 1 1 1 3559 3561 3560
1781 1 1 1 3561 3563 3562
1782 1 1 1 3563 3565 3564
1783 1 1 1 3565 3567 3566
1784 1 1 1 3567 3569 3568
1785 1 1 1 3569 3571 3570
1786 1 1 1 3571 3573 3572
1787 1 1 1 3573 3575 3574
1788 1 1 1 3575 3577 3576
1789 1 1 1 3577 3579 3578
1790 1 1 1 3579 3581 3580
1791 1 1 1 3581 3583 3582
1792 1 1 1 3583 3585 3584
1793 1 1 1 3585 3587 3586
1794 1 1 1 3587 3589 3588
1795 1 1 1 3589 3591 3590
1796 1 1 1 3591 3593 3592
1797 1 1 1 3593 3595 3594
1798 1 1 1 3595 3597 3596
1799 1 1 1 3597 3599 3598
1800 1 1 1 3599 3601 3600
1801 1 1 1 3601 3603 3602
1802 1 1 1 3603 3605 3604
1803 1 1 1 3605 3607 3606
1804 1 1 1 3607 3609 3608
1805 1 1 1 3609 3611 3610
1806 1 1 1 3611 3613 3612
1807 1 1 1 3613 3615 3614
1808 1 1 1 3615 3617 3616
1809 1 1 1 3617 3619 3618
1810 1 1 1 3619 3621 3620
1811 1 1 1 3621 3623 3622
1812 1 1 1 3623 3625 3624
1813 1 1 1 3625 3627 3626
1814 1 1 1 3627 3629 3628
1815 1 1 1 3629 3631 3630
1816 1 1 1 3631 3633 3632
1817 1 1 1 3633 3635 3634
1818 1 1 1 3635 3637 3636
1819 1 1 1 3637 3639 3638
1820 1 1 1 3639 3641 3640
1821 1 1 1 3641 3643 3642
1822 1 1 1 3643 3645 3644
1823 1 1 1 3645 3647 3646
1824 1 1 1 3647 3649 3648
1825 1 1 1 3649 3651 3650
1826 1 1 1 3651 3653 3652
1827 1 1 1 3653 3655 3654
1828 1 1 1 3655 3657 3656
1829 1 1 1 3657 3659 3658
1830 1 1 1 3659 3661 3660
1831 1 1 1 3661 3663 3662
1832 1 1 1 3663 3665 3664
1833 1 1 1 3665 3667 3666
1834 1 1 1 3667 3669 3668
1835 1 1 1 3669 3671 3670
1836 1 1 1 3671 3673 3672
1837 1 1 1 3673 3675 3674
1838 1 1 1 3675 3677 3676
1839 1 1 1 3677 3679 3678
1840 1 1 1 3679 3681 3680
1841 1 1 1 3681 3683 3682
1842 1 1 1 3683 3685 3684
1843 1 1 1 3685 3687 3686
1844 1 1 1 3687 3689 3688
1845 1 1 1 3689 3691 3690
1846 1 1 1 3691 3693 3692
1847 1 1 1 3693 3695 3694
1848 1 1 1 3695 3697 3696
1849 1 1 1 3697 3699 3698
1850 1 1 1 3699 3701 3700
1851 1 1 1 3701 3703 3702
1852 1 1 1 3703 3705 3704
1853 1 1 1 3705 3707 3706
1854 1 1 1 3707 3709 3708
1855 1 1 1 3709 3711 3710
1856 1 1 1 3711 3713 3712
1857 1 1 1 3713 3715 3714
1858 1 1 1 3715 3717 3716
1859 1 1 1 3717 3719 3718
1860 1 1 1 3719 3721 3720
1861 1 1 1 3721 3723 3722
1862 1 1 1 3723 3725 3724
1863 1 1 1 3725 3727 3726
1864 1 1 1 3727 3729 3728
1865 1 1 1 3729 3731 3730
1866 1 1 1 3731 3733 3732
1867 1 1 1 3733 3735 3734
1868 1 1 1 3735 3737 3736
1869 1 1 1 3737 3739 3738
1870 1 1 1 3739 3741 3740
1871 1 1 1 3741 3743 3742
1872 1 1 1 3743 3745 3744
1873 1 1 1 3745 3747 3746
1874 1 1 1 3747 3749 3748
1875 1 1 1 3749 3751 3750
1876 1 1 1 3751 3753 3752
1877 1 1 1 3753 3755 3754
1878 1 1 1 3755 3757 3756
1879 1 1 1 3757 3759 3758
1880 1 1 1 3759 3761 3760
1881 1 1 1 3761 3763 3762
1882 1 1 1 3763 3765 3764
1883 1 1 1 3765 3767 3766
1884 1 1 1 3767 3769 3768
1885 1 1 1 3769 3771 3770
1886 1 1 1 3771 3773 3772
1887 1 1 1 3773 3775 3774
1888 1 1 1 3775 3777 3776
1889 1 1 1 3777 3779 3778
1890 1 1 1 3779 3781 3780
1891 1 1 1 3781 3783 3782
1892 1 1 1 3783 3785 3784
1893 1 1 1 3785 3787 3786
1894 1 1 1 3787 3789 3788
1895 1 1 1 3789 3791 3790
1896 1 1 1 3791 3793 3792
1897 1 1 1 3793 3795 3794
1898 1 1 1 3795 3797 3796
1899 1 1 1 3797 3799 3798
1900 1 1 1 3799 3801 3800
1901 1 1 1 3801 3803 3802
1902 1 1 1 3803 3805 3804
1903 1 1 1 3805 3807 3806
1904 1 1 1 3807 3809 3808
1905 1 1 1 3809 3811 3810
1906 1 1 1 3811 3813 3812
1907 1 1 1 3813 3815 3814
1908 1 1 1 3815 3817 3816
1909 1 1 1 3817 3819 3818
1910 1 1 1 3819 3821 3820
1911 1 1 1 3821 3823 3822
1912 1 1 1 3823 3825 3824
1913 1 1 1 3825 3827 3826
1914 1 1 1 3827 3829 3828
1915 1 1 1 3829 3831 3830
1916 1 1 1 3831 3833 3832
1917 1 1 1 3833 3835 3834
1918 1 1 1 3835 3837 3836
1919 1 1 1 3837 3839 3838
1920 1 1 1 3839 3841 3840
1921 1 1 1 3841 3843 3842
1922 1 1 1 3843 3845 3844
1923 1 1 1 3845 3847 3846
1924 1 1 1 3847 3849 3848
1925 1 1 1 3849 3851 3850
1926 1 1 1 3851 3853 3852
1927 1 1 1 3853 3855 3854
1928 1 1 1 3855 3857 3856
1929 1 1 1 3857 3859 3858
1930 1 1 1 3859 3861 3860
1931 1 1 1 3861 3863 3862
1932 1 1 1 3863 3865 3864
1933 1 1 1 3865 3867 3866
1934 1 1 1 3867 3869 3868
1935 1 1 1 3869 3871 3870
1936 1 1 1 3871 3873 3872
1937 1 1 1 3873 3875 3874
1938 1 1 1 3875 3877 3876
1939 1 1 1 3877 3879 3878
1940 1 1 1 3879 3881 3880
1941 1 1 1 3881 3883 3882
1942 1 1 1 3883 3885 3884
1943 1 1 1 3885 3887 3886
1944 1 1 1 3887 3889 3888
1945 1 1 1 3889 3891 3890
1946 1 1 1 3891 3893 3892
1947 1 1 1 3893 3895 3894
1948 1 1 1 3895 3897 3896
1949 1 1 1 3897 3899 3898
1950 1 1 1 3899 3901 3900
1951 1 1 1 3901 3903 3902
1952 1 1 1 3903 3905 3904
1953 1 1 1 3905 3907 3906
1954 1 1 1 3907 3909 3908
1955 1 1 1 3909 3911 3910
1956 1 1 1 3911 3913 3912
1957 1 1 1 3913 3915 3914
1958 1 1 1 3915 3917 3916
1959 1 1 1 3917 3919 3918
1960 1 1 1 3919 3921 3920
1961 1 1 1 3921 3923 3922
1962 1 1 1 3923 3925 3924
1963 1 1 1 3925 3927 3926
1964 1 1 1 3927 3929 3928
1965 1 1 1 3929 3931 3930
1966 1 1 1 3931 3933 3932
1967 1 1 1 3933 3935 3934
1968 1 1 1 3935 3937 3936
1969 1 1 1 3937 3939 3938
1970 1 1 1 3939 3941 3940
1971 1 1 1 3941 3943 3942
1972 1 1 1 3943 3945 3944
1973 1 1 1 3945 3947 3946
1974 1 1 1 3947 3949 3948
1975 1 1 1 3949 3951 3950
1976 1 1 1 3951 3953 3952
1977 1 1 1 3953 3955 3954
1978 1 1 1 3955 3957 3956
1979 1 1 1 3957 3959 3958
1980 1 1 1 3959 3961 3960
1981 1 1 1 3961 3963 3962
1982 1 1 1 3963 3965 3964
1983 1 1 1 3965 3967 3966
1984 1 1 1 3967 3969 3968
1985 1 1 1 3969 3971 3970
1986 1 1 1 3971 3973 3972
1987 1 1 1 3973 3975 3974
1988 1 1 1 3975 3977 3976
1989 1 1 1 3977 3979 3978
1990 1 1 1 3979 3981 3980
1991 1 1 1 3981 3983 3982
1992 1 1 1 3983 3985 3984
1993 1 1 1 3985 3987 3986
1994 1 1 1 3987 3989 3988
1995 1 1 1 3989 3991 3990
1996 1 1 1 3991 3993 3992
1997 1 1 1 3993 3995 3994
1998 1 1 1 3995 3997 3996
1999 1 1 1 3997 3999 3998
2000 1 1 1 3999 4001 4000
2001 1 1 1 4001 4003 4002
2002 1 1 1 4003 4005 4004
2003 1 1 1 4005 4007 4006
2004 1 1 1 4007 4009 4008
2005 1 1 1 4009 4011 4010
2006 1 1 1 4011 4013 4012
2007 1 1 1 4013 4015 4014
2008 1 1 1 4015 4017 4016
2009 1 1 1 4017 4019 4018
2010 1 1 1 4019 4021 4020
2011 1 1 1 4021 4023 4022
2012 1 1 1 4023 4025 4024
2013 1 1 1 4025 4027 4026
2014 1 1 1 4027 4029 4028
2015 1 1 1 4029 4031 4030
2016 1 1 1 4031 4033 4032
2017 1 1 1 4033 4035 4034
2018 1 1 1 4035 4037 4036
2019 1 1 1 4037 4039 4038
2020 1 1 1 4039 4041 4040
2021 1 1 1 4041 4043 4042
2022 1 1 1 4043 4045 4044
2023 1 1 1 4045 4047 4046
2024 1 1 1 4047 4049 4048
2025 1 1 1 4049 4051 4050
2026 1 1 1 4051 4053 4052
2027 1 1 1 4053 4055 4054
2028 1 1 1 4055 4057 4056
2029 1 1 1 4057 4059 4058
2030 1 1 1 4059 4061 4060
2031 1 1 1 4061 4063 4062
2032 1 1 1 4063 4065 4064
2033 1 1 1 4065 4067 4066
2034 1 1 1 4067 4069 4068
2035 1 1 1 4069 4071 4070
2036 1 1 1 4071 4073 4072
2037 1 1 1 4073 4075 4074
2038 1 1 1 4075 4077 4076
2039 1 1 1 4077 4079 4078
2040 1 1 1 4079 4081 4080
2041 1 1 1 4081 4083 4082
2042 1 1 1 4083 4085 4084
2043 1 1 1 4085 4087 4086
2044 1 1 1 4087 4089 4088
2045 1 1 1 4089 4091 4090
2046 1 1 1 4091 4093 4092
2047 1 1 1 4093 4095 4094
2048 1 1 1 4095 4097 4096
