1 1 1 1 1 6 2 3 4 5
2 1 1 1 6 11 7 8 9 10
3 1 1 1 11 16 12 13 14 15
4 1 1 1 16 21 17 18 19 20
5 1 1 1 21 26 22 23 24 25
6 1 1 1 26 31 27 28 29 30
7 1 1 1 31 36 32 33 34 35
8 1 1 1 36 41 37 38 39 40
9 1 1 1 41 46 42 43 44 45
10 1 1 1 46 51 47 48 49 50
11 1 1 1 51 56 52 53 54 55
12 1 1 1 56 61 57 58 59 60
13 1 1 1 61 66 62 63 64 65
14 1 1 1 66 71 67 68 69 70
15 1 1 1 71 76 72 73 74 75
16 1 1 1 76 81 77 78 79 80
17 1 1 1 81 86 82 83 84 85
18 1 1 1 86 91 87 88 89 90
19 1 1 1 91 96 92 93 94 95
20 1 1 1 96 101 97 98 99 100
21 1 1 1 101 106 102 103 104 105
22 1 1 1 106 111 107 108 109 110
23 1 1 1 111 116 112 113 114 115
24 1 1 1 116 121 117 118 119 120
25 1 1 1 121 126 122 123 124 125
26 1 1 1 126 131 127 128 129 130
27 1 1 1 131 136 132 133 134 135
28 1 1 1 136 141 137 138 139 140
29 1 1 1 141 146 142 143 144 145
30 1 1 1 146 151 147 148 149 150
31 1 1 1 151 156 152 153 154 155
32 1 1 1 156 161 157 158 159 160
33 1 1 1 161 166 162 163 164 165
34 1 1 1 166 171 167 168 169 170
35 1 1 1 171 176 172 173 174 175
36 1 1 1 176 181 177 178 179 180
37 1 1 1 181 186 182 183 184 185
38 1 1 1 186 191 187 188 189 190
39 1 1 1 191 196 192 193 194 195
40 1 1 1 196 201 197 198 199 200
41 1 1 1 201 206 202 203 204 205
42 1 1 1 206 211 207 208 209 210
43 1 1 1 211 216 212 213 214 215
44 1 1 1 216 221 217 218 219 220
45 1 1 1 221 226 222 223 224 225
46 1 1 1 226 231 227 228 229 230
47 1 1 1 231 236 232 233 234 235
48 1 1 1 236 241 237 238 239 240
49 1 1 1 241 246 242 243 244 245
50 1 1 1 246 251 247 248 249 250
