1 1 1 1 1 5 2 3 4
2 1 1 1 5 9 6 7 8
3 1 1 1 9 13 10 11 12
4 1 1 1 13 17 14 15 16
5 1 1 1 17 21 18 19 20
6 1 1 1 21 25 22 23 24
7 1 1 1 25 29 26 27 28
8 1 1 1 29 33 30 31 32
9 1 1 1 33 37 34 35 36
10 1 1 1 37 41 38 39 40
11 1 1 1 41 45 42 43 44
12 1 1 1 45 49 46 47 48
13 1 1 1 49 53 50 51 52
14 1 1 1 53 57 54 55 56
15 1 1 1 57 61 58 59 60
16 1 1 1 61 65 62 63 64
17 1 1 1 65 69 66 67 68
18 1 1 1 69 73 70 71 72
19 1 1 1 73 77 74 75 76
20 1 1 1 77 81 78 79 80
21 1 1 1 81 85 82 83 84
22 1 1 1 85 89 86 87 88
23 1 1 1 89 93 90 91 92
24 1 1 1 93 97 94 95 96
25 1 1 1 97 101 98 99 100
26 1 1 1 101 105 102 103 104
27 1 1 1 105 109 106 107 108
28 1 1 1 109 113 110 111 112
29 1 1 1 113 117 114 115 116
30 1 1 1 117 121 118 119 120
31 1 1 1 121 125 122 123 124
32 1 1 1 125 129 126 127 128
33 1 1 1 129 133 130 131 132
34 1 1 1 133 137 134 135 136
35 1 1 1 137 141 138 139 140
36 1 1 1 141 145 142 143 144
37 1 1 1 145 149 146 147 148
38 1 1 1 149 153 150 151 152
39 1 1 1 153 157 154 155 156
40 1 1 1 157 161 158 159 160
41 1 1 1 161 165 162 163 164
42 1 1 1 165 169 166 167 168
43 1 1 1 169 173 170 171 172
44 1 1 1 173 177 174 175 176
45 1 1 1 177 181 178 179 180
46 1 1 1 181 185 182 183 184
47 1 1 1 185 189 186 187 188
48 1 1 1 189 193 190 191 192
49 1 1 1 193 197 194 195 196
50 1 1 1 197 201 198 199 200
51 1 1 1 201 205 202 203 204
52 1 1 1 205 209 206 207 208
53 1 1 1 209 213 210 211 212
54 1 1 1 213 217 214 215 216
55 1 1 1 217 221 218 219 220
56 1 1 1 221 225 222 223 224
57 1 1 1 225 229 226 227 228
58 1 1 1 229 233 230 231 232
59 1 1 1 233 237 234 235 236
60 1 1 1 237 241 238 239 240
61 1 1 1 241 245 242 243 244
62 1 1 1 245 249 246 247 248
63 1 1 1 249 253 250 251 252
64 1 1 1 253 257 254 255 256
65 1 1 1 257 261 258 259 260
66 1 1 1 261 265 262 263 264
67 1 1 1 265 269 266 267 268
68 1 1 1 269 273 270 271 272
69 1 1 1 273 277 274 275 276
70 1 1 1 277 281 278 279 280
71 1 1 1 281 285 282 283 284
72 1 1 1 285 289 286 287 288
73 1 1 1 289 293 290 291 292
74 1 1 1 293 297 294 295 296
75 1 1 1 297 301 298 299 300
76 1 1 1 301 305 302 303 304
77 1 1 1 305 309 306 307 308
78 1 1 1 309 313 310 311 312
79 1 1 1 313 317 314 315 316
80 1 1 1 317 321 318 319 320
81 1 1 1 321 325 322 323 324
82 1 1 1 325 329 326 327 328
83 1 1 1 329 333 330 331 332
84 1 1 1 333 337 334 335 336
85 1 1 1 337 341 338 339 340
86 1 1 1 341 345 342 343 344
87 1 1 1 345 349 346 347 348
88 1 1 1 349 353 350 351 352
89 1 1 1 353 357 354 355 356
90 1 1 1 357 361 358 359 360
91 1 1 1 361 365 362 363 364
92 1 1 1 365 369 366 367 368
93 1 1 1 369 373 370 371 372
94 1 1 1 373 377 374 375 376
95 1 1 1 377 381 378 379 380
96 1 1 1 381 385 382 383 384
97 1 1 1 385 389 386 387 388
98 1 1 1 389 393 390 391 392
99 1 1 1 393 397 394 395 396
100 1 1 1 397 401 398 399 400
101 1 1 1 401 405 402 403 404
102 1 1 1 405 409 406 407 408
103 1 1 1 409 413 410 411 412
104 1 1 1 413 417 414 415 416
105 1 1 1 417 421 418 419 420
106 1 1 1 421 425 422 423 424
107 1 1 1 425 429 426 427 428
108 1 1 1 429 433 430 431 432
109 1 1 1 433 437 434 435 436
110 1 1 1 437 441 438 439 440
111 1 1 1 441 445 442 443 444
112 1 1 1 445 449 446 447 448
113 1 1 1 449 453 450 451 452
114 1 1 1 453 457 454 455 456
115 1 1 1 457 461 458 459 460
116 1 1 1 461 465 462 463 464
117 1 1 1 465 469 466 467 468
118 1 1 1 469 473 470 471 472
119 1 1 1 473 477 474 475 476
120 1 1 1 477 481 478 479 480
121 1 1 1 481 485 482 483 484
122 1 1 1 485 489 486 487 488
123 1 1 1 489 493 490 491 492
124 1 1 1 493 497 494 495 496
125 1 1 1 497 501 498 499 500
126 1 1 1 501 505 502 503 504
127 1 1 1 505 509 506 507 508
128 1 1 1 509 513 510 511 512
129 1 1 1 513 517 514 515 516
130 1 1 1 517 521 518 519 520
131 1 1 1 521 525 522 523 524
132 1 1 1 525 529 526 527 528
133 1 1 1 529 533 530 531 532
134 1 1 1 533 537 534 535 536
135 1 1 1 537 541 538 539 540
136 1 1 1 541 545 542 543 544
137 1 1 1 545 549 546 547 548
138 1 1 1 549 553 550 551 552
139 1 1 1 553 557 554 555 556
140 1 1 1 557 561 558 559 560
141 1 1 1 561 565 562 563 564
142 1 1 1 565 569 566 567 568
143 1 1 1 569 573 570 571 572
144 1 1 1 573 577 574 575 576
145 1 1 1 577 581 578 579 580
146 1 1 1 581 585 582 583 584
147 1 1 1 585 589 586 587 588
148 1 1 1 589 593 590 591 592
149 1 1 1 593 597 594 595 596
150 1 1 1 597 601 598 599 600
151 1 1 1 601 605 602 603 604
152 1 1 1 605 609 606 607 608
153 1 1 1 609 613 610 611 612
154 1 1 1 613 617 614 615 616
155 1 1 1 617 621 618 619 620
156 1 1 1 621 625 622 623 624
157 1 1 1 625 629 626 627 628
158 1 1 1 629 633 630 631 632
159 1 1 1 633 637 634 635 636
160 1 1 1 637 641 638 639 640
161 1 1 1 641 645 642 643 644
162 1 1 1 645 649 646 647 648
163 1 1 1 649 653 650 651 652
164 1 1 1 653 657 654 655 656
165 1 1 1 657 661 658 659 660
166 1 1 1 661 665 662 663 664
167 1 1 1 665 669 666 667 668
168 1 1 1 669 673 670 671 672
169 1 1 1 673 677 674 675 676
170 1 1 1 677 681 678 679 680
171 1 1 1 681 685 682 683 684
172 1 1 1 685 689 686 687 688
173 1 1 1 689 693 690 691 692
174 1 1 1 693 697 694 695 696
175 1 1 1 697 701 698 699 700
176 1 1 1 701 705 702 703 704
177 1 1 1 705 709 706 707 708
178 1 1 1 709 713 710 711 712
179 1 1 1 713 717 714 715 716
180 1 1 1 717 721 718 719 720
181 1 1 1 721 725 722 723 724
182 1 1 1 725 729 726 727 728
183 1 1 1 729 733 730 731 732
184 1 1 1 733 737 734 735 736
185 1 1 1 737 741 738 739 740
186 1 1 1 741 745 742 743 744
187 1 1 1 745 749 746 747 748
188 1 1 1 749 753 750 751 752
189 1 1 1 753 757 754 755 756
190 1 1 1 757 761 758 759 760
191 1 1 1 761 765 762 763 764
