1 1 1 1 1 5 2 3 4
2 1 1 1 5 9 6 7 8
3 1 1 1 9 13 10 11 12
4 1 1 1 13 17 14 15 16
5 1 1 1 17 21 18 19 20
6 1 1 1 21 25 22 23 24
7 1 1 1 25 29 26 27 28
8 1 1 1 29 33 30 31 32
9 1 1 1 33 37 34 35 36
10 1 1 1 37 41 38 39 40
11 1 1 1 41 45 42 43 44
12 1 1 1 45 49 46 47 48
13 1 1 1 49 53 50 51 52
14 1 1 1 53 57 54 55 56
15 1 1 1 57 61 58 59 60
16 1 1 1 61 65 62 63 64
17 1 1 1 65 69 66 67 68
18 1 1 1 69 73 70 71 72
19 1 1 1 73 77 74 75 76
20 1 1 1 77 81 78 79 80
21 1 1 1 81 85 82 83 84
22 1 1 1 85 89 86 87 88
23 1 1 1 89 93 90 91 92
24 1 1 1 93 97 94 95 96
25 1 1 1 97 101 98 99 100
26 1 1 1 101 105 102 103 104
27 1 1 1 105 109 106 107 108
28 1 1 1 109 113 110 111 112
29 1 1 1 113 117 114 115 116
30 1 1 1 117 121 118 119 120
31 1 1 1 121 125 122 123 124
32 1 1 1 125 129 126 127 128
33 1 1 1 129 133 130 131 132
34 1 1 1 133 137 134 135 136
35 1 1 1 137 141 138 139 140
36 1 1 1 141 145 142 143 144
37 1 1 1 145 149 146 147 148
38 1 1 1 149 153 150 151 152
39 1 1 1 153 157 154 155 156
40 1 1 1 157 161 158 159 160
41 1 1 1 161 165 162 163 164
42 1 1 1 165 169 166 167 168
43 1 1 1 169 173 170 171 172
44 1 1 1 173 177 174 175 176
45 1 1 1 177 181 178 179 180
46 1 1 1 181 185 182 183 184
47 1 1 1 185 189 186 187 188
48 1 1 1 189 193 190 191 192
49 1 1 1 193 197 194 195 196
50 1 1 1 197 201 198 199 200
51 1 1 1 201 205 202 203 204
52 1 1 1 205 209 206 207 208
53 1 1 1 209 213 210 211 212
54 1 1 1 213 217 214 215 216
55 1 1 1 217 221 218 219 220
56 1 1 1 221 225 222 223 224
57 1 1 1 225 229 226 227 228
58 1 1 1 229 233 230 231 232
59 1 1 1 233 237 234 235 236
60 1 1 1 237 241 238 239 240
61 1 1 1 241 245 242 243 244
62 1 1 1 245 249 246 247 248
63 1 1 1 249 253 250 251 252
64 1 1 1 253 257 254 255 256
65 1 1 1 257 261 258 259 260
66 1 1 1 261 265 262 263 264
67 1 1 1 265 269 266 267 268
68 1 1 1 269 273 270 271 272
69 1 1 1 273 277 274 275 276
70 1 1 1 277 281 278 279 280
71 1 1 1 281 285 282 283 284
72 1 1 1 285 289 286 287 288
73 1 1 1 289 293 290 291 292
74 1 1 1 293 297 294 295 296
75 1 1 1 297 301 298 299 300
76 1 1 1 301 305 302 303 304
77 1 1 1 305 309 306 307 308
78 1 1 1 309 313 310 311 312
79 1 1 1 313 317 314 315 316
80 1 1 1 317 321 318 319 320
81 1 1 1 321 325 322 323 324
82 1 1 1 325 329 326 327 328
83 1 1 1 329 333 330 331 332
84 1 1 1 333 337 334 335 336
85 1 1 1 337 341 338 339 340
86 1 1 1 341 345 342 343 344
87 1 1 1 345 349 346 347 348
88 1 1 1 349 353 350 351 352
89 1 1 1 353 357 354 355 356
90 1 1 1 357 361 358 359 360
91 1 1 1 361 365 362 363 364
92 1 1 1 365 369 366 367 368
93 1 1 1 369 373 370 371 372
94 1 1 1 373 377 374 375 376
95 1 1 1 377 381 378 379 380
96 1 1 1 381 385 382 383 384
97 1 1 1 385 389 386 387 388
98 1 1 1 389 393 390 391 392
99 1 1 1 393 397 394 395 396
100 1 1 1 397 401 398 399 400
101 1 1 1 401 405 402 403 404
102 1 1 1 405 409 406 407 408
103 1 1 1 409 413 410 411 412
104 1 1 1 413 417 414 415 416
105 1 1 1 417 421 418 419 420
106 1 1 1 421 425 422 423 424
107 1 1 1 425 429 426 427 428
108 1 1 1 429 433 430 431 432
109 1 1 1 433 437 434 435 436
110 1 1 1 437 441 438 439 440
111 1 1 1 441 445 442 443 444
112 1 1 1 445 449 446 447 448
113 1 1 1 449 453 450 451 452
114 1 1 1 453 457 454 455 456
115 1 1 1 457 461 458 459 460
116 1 1 1 461 465 462 463 464
117 1 1 1 465 469 466 467 468
118 1 1 1 469 473 470 471 472
119 1 1 1 473 477 474 475 476
120 1 1 1 477 481 478 479 480
121 1 1 1 481 485 482 483 484
122 1 1 1 485 489 486 487 488
123 1 1 1 489 493 490 491 492
124 1 1 1 493 497 494 495 496
125 1 1 1 497 501 498 499 500
126 1 1 1 501 505 502 503 504
127 1 1 1 505 509 506 507 508
128 1 1 1 509 513 510 511 512
129 1 1 1 513 517 514 515 516
130 1 1 1 517 521 518 519 520
131 1 1 1 521 525 522 523 524
132 1 1 1 525 529 526 527 528
133 1 1 1 529 533 530 531 532
134 1 1 1 533 537 534 535 536
135 1 1 1 537 541 538 539 540
136 1 1 1 541 545 542 543 544
137 1 1 1 545 549 546 547 548
138 1 1 1 549 553 550 551 552
139 1 1 1 553 557 554 555 556
140 1 1 1 557 561 558 559 560
141 1 1 1 561 565 562 563 564
142 1 1 1 565 569 566 567 568
143 1 1 1 569 573 570 571 572
144 1 1 1 573 577 574 575 576
145 1 1 1 577 581 578 579 580
146 1 1 1 581 585 582 583 584
147 1 1 1 585 589 586 587 588
148 1 1 1 589 593 590 591 592
149 1 1 1 593 597 594 595 596
150 1 1 1 597 601 598 599 600
151 1 1 1 601 605 602 603 604
152 1 1 1 605 609 606 607 608
153 1 1 1 609 613 610 611 612
154 1 1 1 613 617 614 615 616
155 1 1 1 617 621 618 619 620
156 1 1 1 621 625 622 623 624
157 1 1 1 625 629 626 627 628
158 1 1 1 629 633 630 631 632
159 1 1 1 633 637 634 635 636
160 1 1 1 637 641 638 639 640
161 1 1 1 641 645 642 643 644
162 1 1 1 645 649 646 647 648
163 1 1 1 649 653 650 651 652
164 1 1 1 653 657 654 655 656
165 1 1 1 657 661 658 659 660
166 1 1 1 661 665 662 663 664
167 1 1 1 665 669 666 667 668
168 1 1 1 669 673 670 671 672
169 1 1 1 673 677 674 675 676
170 1 1 1 677 681 678 679 680
171 1 1 1 681 685 682 683 684
172 1 1 1 685 689 686 687 688
173 1 1 1 689 693 690 691 692
174 1 1 1 693 697 694 695 696
175 1 1 1 697 701 698 699 700
176 1 1 1 701 705 702 703 704
177 1 1 1 705 709 706 707 708
178 1 1 1 709 713 710 711 712
179 1 1 1 713 717 714 715 716
180 1 1 1 717 721 718 719 720
181 1 1 1 721 725 722 723 724
182 1 1 1 725 729 726 727 728
183 1 1 1 729 733 730 731 732
184 1 1 1 733 737 734 735 736
185 1 1 1 737 741 738 739 740
186 1 1 1 741 745 742 743 744
187 1 1 1 745 749 746 747 748
188 1 1 1 749 753 750 751 752
189 1 1 1 753 757 754 755 756
190 1 1 1 757 761 758 759 760
191 1 1 1 761 765 762 763 764
192 1 1 1 765 769 766 767 768
193 1 1 1 769 773 770 771 772
194 1 1 1 773 777 774 775 776
195 1 1 1 777 781 778 779 780
196 1 1 1 781 785 782 783 784
197 1 1 1 785 789 786 787 788
198 1 1 1 789 793 790 791 792
199 1 1 1 793 797 794 795 796
200 1 1 1 797 801 798 799 800
201 1 1 1 801 805 802 803 804
202 1 1 1 805 809 806 807 808
203 1 1 1 809 813 810 811 812
204 1 1 1 813 817 814 815 816
205 1 1 1 817 821 818 819 820
206 1 1 1 821 825 822 823 824
207 1 1 1 825 829 826 827 828
208 1 1 1 829 833 830 831 832
209 1 1 1 833 837 834 835 836
210 1 1 1 837 841 838 839 840
211 1 1 1 841 845 842 843 844
212 1 1 1 845 849 846 847 848
213 1 1 1 849 853 850 851 852
214 1 1 1 853 857 854 855 856
215 1 1 1 857 861 858 859 860
216 1 1 1 861 865 862 863 864
217 1 1 1 865 869 866 867 868
218 1 1 1 869 873 870 871 872
219 1 1 1 873 877 874 875 876
220 1 1 1 877 881 878 879 880
221 1 1 1 881 885 882 883 884
222 1 1 1 885 889 886 887 888
223 1 1 1 889 893 890 891 892
224 1 1 1 893 897 894 895 896
225 1 1 1 897 901 898 899 900
226 1 1 1 901 905 902 903 904
227 1 1 1 905 909 906 907 908
228 1 1 1 909 913 910 911 912
229 1 1 1 913 917 914 915 916
230 1 1 1 917 921 918 919 920
231 1 1 1 921 925 922 923 924
232 1 1 1 925 929 926 927 928
233 1 1 1 929 933 930 931 932
234 1 1 1 933 937 934 935 936
235 1 1 1 937 941 938 939 940
236 1 1 1 941 945 942 943 944
237 1 1 1 945 949 946 947 948
238 1 1 1 949 953 950 951 952
239 1 1 1 953 957 954 955 956
240 1 1 1 957 961 958 959 960
241 1 1 1 961 965 962 963 964
242 1 1 1 965 969 966 967 968
243 1 1 1 969 973 970 971 972
244 1 1 1 973 977 974 975 976
245 1 1 1 977 981 978 979 980
246 1 1 1 981 985 982 983 984
247 1 1 1 985 989 986 987 988
248 1 1 1 989 993 990 991 992
249 1 1 1 993 997 994 995 996
250 1 1 1 997 1001 998 999 1000
251 1 1 1 1001 1005 1002 1003 1004
252 1 1 1 1005 1009 1006 1007 1008
253 1 1 1 1009 1013 1010 1011 1012
254 1 1 1 1013 1017 1014 1015 1016
255 1 1 1 1017 1021 1018 1019 1020
256 1 1 1 1021 1025 1022 1023 1024
257 1 1 1 1025 1029 1026 1027 1028
258 1 1 1 1029 1033 1030 1031 1032
259 1 1 1 1033 1037 1034 1035 1036
260 1 1 1 1037 1041 1038 1039 1040
261 1 1 1 1041 1045 1042 1043 1044
262 1 1 1 1045 1049 1046 1047 1048
263 1 1 1 1049 1053 1050 1051 1052
264 1 1 1 1053 1057 1054 1055 1056
265 1 1 1 1057 1061 1058 1059 1060
266 1 1 1 1061 1065 1062 1063 1064
267 1 1 1 1065 1069 1066 1067 1068
268 1 1 1 1069 1073 1070 1071 1072
269 1 1 1 1073 1077 1074 1075 1076
270 1 1 1 1077 1081 1078 1079 1080
271 1 1 1 1081 1085 1082 1083 1084
272 1 1 1 1085 1089 1086 1087 1088
273 1 1 1 1089 1093 1090 1091 1092
274 1 1 1 1093 1097 1094 1095 1096
275 1 1 1 1097 1101 1098 1099 1100
276 1 1 1 1101 1105 1102 1103 1104
277 1 1 1 1105 1109 1106 1107 1108
278 1 1 1 1109 1113 1110 1111 1112
279 1 1 1 1113 1117 1114 1115 1116
280 1 1 1 1117 1121 1118 1119 1120
281 1 1 1 1121 1125 1122 1123 1124
282 1 1 1 1125 1129 1126 1127 1128
283 1 1 1 1129 1133 1130 1131 1132
284 1 1 1 1133 1137 1134 1135 1136
285 1 1 1 1137 1141 1138 1139 1140
286 1 1 1 1141 1145 1142 1143 1144
287 1 1 1 1145 1149 1146 1147 1148
288 1 1 1 1149 1153 1150 1151 1152
289 1 1 1 1153 1157 1154 1155 1156
290 1 1 1 1157 1161 1158 1159 1160
291 1 1 1 1161 1165 1162 1163 1164
292 1 1 1 1165 1169 1166 1167 1168
293 1 1 1 1169 1173 1170 1171 1172
294 1 1 1 1173 1177 1174 1175 1176
295 1 1 1 1177 1181 1178 1179 1180
296 1 1 1 1181 1185 1182 1183 1184
297 1 1 1 1185 1189 1186 1187 1188
298 1 1 1 1189 1193 1190 1191 1192
299 1 1 1 1193 1197 1194 1195 1196
300 1 1 1 1197 1201 1198 1199 1200
301 1 1 1 1201 1205 1202 1203 1204
302 1 1 1 1205 1209 1206 1207 1208
303 1 1 1 1209 1213 1210 1211 1212
304 1 1 1 1213 1217 1214 1215 1216
305 1 1 1 1217 1221 1218 1219 1220
306 1 1 1 1221 1225 1222 1223 1224
307 1 1 1 1225 1229 1226 1227 1228
308 1 1 1 1229 1233 1230 1231 1232
309 1 1 1 1233 1237 1234 1235 1236
310 1 1 1 1237 1241 1238 1239 1240
311 1 1 1 1241 1245 1242 1243 1244
312 1 1 1 1245 1249 1246 1247 1248
313 1 1 1 1249 1253 1250 1251 1252
314 1 1 1 1253 1257 1254 1255 1256
315 1 1 1 1257 1261 1258 1259 1260
316 1 1 1 1261 1265 1262 1263 1264
317 1 1 1 1265 1269 1266 1267 1268
318 1 1 1 1269 1273 1270 1271 1272
319 1 1 1 1273 1277 1274 1275 1276
320 1 1 1 1277 1281 1278 1279 1280
321 1 1 1 1281 1285 1282 1283 1284
322 1 1 1 1285 1289 1286 1287 1288
323 1 1 1 1289 1293 1290 1291 1292
324 1 1 1 1293 1297 1294 1295 1296
325 1 1 1 1297 1301 1298 1299 1300
326 1 1 1 1301 1305 1302 1303 1304
327 1 1 1 1305 1309 1306 1307 1308
328 1 1 1 1309 1313 1310 1311 1312
329 1 1 1 1313 1317 1314 1315 1316
330 1 1 1 1317 1321 1318 1319 1320
331 1 1 1 1321 1325 1322 1323 1324
332 1 1 1 1325 1329 1326 1327 1328
333 1 1 1 1329 1333 1330 1331 1332
334 1 1 1 1333 1337 1334 1335 1336
335 1 1 1 1337 1341 1338 1339 1340
336 1 1 1 1341 1345 1342 1343 1344
337 1 1 1 1345 1349 1346 1347 1348
338 1 1 1 1349 1353 1350 1351 1352
339 1 1 1 1353 1357 1354 1355 1356
340 1 1 1 1357 1361 1358 1359 1360
341 1 1 1 1361 1365 1362 1363 1364
342 1 1 1 1365 1369 1366 1367 1368
343 1 1 1 1369 1373 1370 1371 1372
344 1 1 1 1373 1377 1374 1375 1376
345 1 1 1 1377 1381 1378 1379 1380
346 1 1 1 1381 1385 1382 1383 1384
347 1 1 1 1385 1389 1386 1387 1388
348 1 1 1 1389 1393 1390 1391 1392
349 1 1 1 1393 1397 1394 1395 1396
350 1 1 1 1397 1401 1398 1399 1400
351 1 1 1 1401 1405 1402 1403 1404
352 1 1 1 1405 1409 1406 1407 1408
353 1 1 1 1409 1413 1410 1411 1412
354 1 1 1 1413 1417 1414 1415 1416
355 1 1 1 1417 1421 1418 1419 1420
356 1 1 1 1421 1425 1422 1423 1424
357 1 1 1 1425 1429 1426 1427 1428
358 1 1 1 1429 1433 1430 1431 1432
359 1 1 1 1433 1437 1434 1435 1436
360 1 1 1 1437 1441 1438 1439 1440
361 1 1 1 1441 1445 1442 1443 1444
362 1 1 1 1445 1449 1446 1447 1448
363 1 1 1 1449 1453 1450 1451 1452
364 1 1 1 1453 1457 1454 1455 1456
365 1 1 1 1457 1461 1458 1459 1460
366 1 1 1 1461 1465 1462 1463 1464
367 1 1 1 1465 1469 1466 1467 1468
368 1 1 1 1469 1473 1470 1471 1472
369 1 1 1 1473 1477 1474 1475 1476
370 1 1 1 1477 1481 1478 1479 1480
371 1 1 1 1481 1485 1482 1483 1484
372 1 1 1 1485 1489 1486 1487 1488
373 1 1 1 1489 1493 1490 1491 1492
374 1 1 1 1493 1497 1494 1495 1496
375 1 1 1 1497 1501 1498 1499 1500
376 1 1 1 1501 1505 1502 1503 1504
377 1 1 1 1505 1509 1506 1507 1508
378 1 1 1 1509 1513 1510 1511 1512
379 1 1 1 1513 1517 1514 1515 1516
380 1 1 1 1517 1521 1518 1519 1520
381 1 1 1 1521 1525 1522 1523 1524
382 1 1 1 1525 1529 1526 1527 1528
383 1 1 1 1529 1533 1530 1531 1532
384 1 1 1 1533 1537 1534 1535 1536
