1 1 1 1 1 6 2 3 4 5
2 1 1 1 6 11 7 8 9 10
3 1 1 1 11 16 12 13 14 15
4 1 1 1 16 21 17 18 19 20
5 1 1 1 21 26 22 23 24 25
6 1 1 1 26 31 27 28 29 30
7 1 1 1 31 36 32 33 34 35
8 1 1 1 36 41 37 38 39 40
9 1 1 1 41 46 42 43 44 45
10 1 1 1 46 51 47 48 49 50
11 1 1 1 51 56 52 53 54 55
12 1 1 1 56 61 57 58 59 60
13 1 1 1 61 66 62 63 64 65
14 1 1 1 66 71 67 68 69 70
15 1 1 1 71 76 72 73 74 75
16 1 1 1 76 81 77 78 79 80
17 1 1 1 81 86 82 83 84 85
18 1 1 1 86 91 87 88 89 90
19 1 1 1 91 96 92 93 94 95
20 1 1 1 96 101 97 98 99 100
21 1 1 1 101 106 102 103 104 105
22 1 1 1 106 111 107 108 109 110
23 1 1 1 111 116 112 113 114 115
24 1 1 1 116 121 117 118 119 120
25 1 1 1 121 126 122 123 124 125
26 1 1 1 126 131 127 128 129 130
27 1 1 1 131 136 132 133 134 135
28 1 1 1 136 141 137 138 139 140
29 1 1 1 141 146 142 143 144 145
30 1 1 1 146 151 147 148 149 150
31 1 1 1 151 156 152 153 154 155
32 1 1 1 156 161 157 158 159 160
33 1 1 1 161 166 162 163 164 165
34 1 1 1 166 171 167 168 169 170
35 1 1 1 171 176 172 173 174 175
36 1 1 1 176 181 177 178 179 180
37 1 1 1 181 186 182 183 184 185
38 1 1 1 186 191 187 188 189 190
39 1 1 1 191 196 192 193 194 195
40 1 1 1 196 201 197 198 199 200
41 1 1 1 201 206 202 203 204 205
42 1 1 1 206 211 207 208 209 210
43 1 1 1 211 216 212 213 214 215
44 1 1 1 216 221 217 218 219 220
45 1 1 1 221 226 222 223 224 225
46 1 1 1 226 231 227 228 229 230
47 1 1 1 231 236 232 233 234 235
48 1 1 1 236 241 237 238 239 240
49 1 1 1 241 246 242 243 244 245
50 1 1 1 246 251 247 248 249 250
51 1 1 1 251 256 252 253 254 255
52 1 1 1 256 261 257 258 259 260
53 1 1 1 261 266 262 263 264 265
54 1 1 1 266 271 267 268 269 270
55 1 1 1 271 276 272 273 274 275
56 1 1 1 276 281 277 278 279 280
57 1 1 1 281 286 282 283 284 285
58 1 1 1 286 291 287 288 289 290
59 1 1 1 291 296 292 293 294 295
60 1 1 1 296 301 297 298 299 300
61 1 1 1 301 306 302 303 304 305
62 1 1 1 306 311 307 308 309 310
63 1 1 1 311 316 312 313 314 315
64 1 1 1 316 321 317 318 319 320
65 1 1 1 321 326 322 323 324 325
66 1 1 1 326 331 327 328 329 330
67 1 1 1 331 336 332 333 334 335
68 1 1 1 336 341 337 338 339 340
69 1 1 1 341 346 342 343 344 345
70 1 1 1 346 351 347 348 349 350
71 1 1 1 351 356 352 353 354 355
72 1 1 1 356 361 357 358 359 360
73 1 1 1 361 366 362 363 364 365
74 1 1 1 366 371 367 368 369 370
75 1 1 1 371 376 372 373 374 375
76 1 1 1 376 381 377 378 379 380
77 1 1 1 381 386 382 383 384 385
78 1 1 1 386 391 387 388 389 390
79 1 1 1 391 396 392 393 394 395
80 1 1 1 396 401 397 398 399 400
81 1 1 1 401 406 402 403 404 405
82 1 1 1 406 411 407 408 409 410
83 1 1 1 411 416 412 413 414 415
84 1 1 1 416 421 417 418 419 420
85 1 1 1 421 426 422 423 424 425
86 1 1 1 426 431 427 428 429 430
87 1 1 1 431 436 432 433 434 435
88 1 1 1 436 441 437 438 439 440
89 1 1 1 441 446 442 443 444 445
90 1 1 1 446 451 447 448 449 450
91 1 1 1 451 456 452 453 454 455
92 1 1 1 456 461 457 458 459 460
93 1 1 1 461 466 462 463 464 465
94 1 1 1 466 471 467 468 469 470
95 1 1 1 471 476 472 473 474 475
96 1 1 1 476 481 477 478 479 480
97 1 1 1 481 486 482 483 484 485
98 1 1 1 486 491 487 488 489 490
99 1 1 1 491 496 492 493 494 495
100 1 1 1 496 501 497 498 499 500
101 1 1 1 501 506 502 503 504 505
102 1 1 1 506 511 507 508 509 510
103 1 1 1 511 516 512 513 514 515
104 1 1 1 516 521 517 518 519 520
105 1 1 1 521 526 522 523 524 525
106 1 1 1 526 531 527 528 529 530
107 1 1 1 531 536 532 533 534 535
108 1 1 1 536 541 537 538 539 540
109 1 1 1 541 546 542 543 544 545
110 1 1 1 546 551 547 548 549 550
111 1 1 1 551 556 552 553 554 555
112 1 1 1 556 561 557 558 559 560
113 1 1 1 561 566 562 563 564 565
114 1 1 1 566 571 567 568 569 570
115 1 1 1 571 576 572 573 574 575
116 1 1 1 576 581 577 578 579 580
117 1 1 1 581 586 582 583 584 585
118 1 1 1 586 591 587 588 589 590
119 1 1 1 591 596 592 593 594 595
120 1 1 1 596 601 597 598 599 600
121 1 1 1 601 606 602 603 604 605
122 1 1 1 606 611 607 608 609 610
123 1 1 1 611 616 612 613 614 615
124 1 1 1 616 621 617 618 619 620
125 1 1 1 621 626 622 623 624 625
126 1 1 1 626 631 627 628 629 630
127 1 1 1 631 636 632 633 634 635
128 1 1 1 636 641 637 638 639 640
129 1 1 1 641 646 642 643 644 645
130 1 1 1 646 651 647 648 649 650
131 1 1 1 651 656 652 653 654 655
132 1 1 1 656 661 657 658 659 660
133 1 1 1 661 666 662 663 664 665
134 1 1 1 666 671 667 668 669 670
135 1 1 1 671 676 672 673 674 675
136 1 1 1 676 681 677 678 679 680
137 1 1 1 681 686 682 683 684 685
138 1 1 1 686 691 687 688 689 690
139 1 1 1 691 696 692 693 694 695
140 1 1 1 696 701 697 698 699 700
141 1 1 1 701 706 702 703 704 705
142 1 1 1 706 711 707 708 709 710
143 1 1 1 711 716 712 713 714 715
144 1 1 1 716 721 717 718 719 720
145 1 1 1 721 726 722 723 724 725
146 1 1 1 726 731 727 728 729 730
147 1 1 1 731 736 732 733 734 735
148 1 1 1 736 741 737 738 739 740
149 1 1 1 741 746 742 743 744 745
150 1 1 1 746 751 747 748 749 750
151 1 1 1 751 756 752 753 754 755
152 1 1 1 756 761 757 758 759 760
153 1 1 1 761 766 762 763 764 765
154 1 1 1 766 771 767 768 769 770
155 1 1 1 771 776 772 773 774 775
156 1 1 1 776 781 777 778 779 780
157 1 1 1 781 786 782 783 784 785
158 1 1 1 786 791 787 788 789 790
159 1 1 1 791 796 792 793 794 795
160 1 1 1 796 801 797 798 799 800
161 1 1 1 801 806 802 803 804 805
162 1 1 1 806 811 807 808 809 810
163 1 1 1 811 816 812 813 814 815
164 1 1 1 816 821 817 818 819 820
165 1 1 1 821 826 822 823 824 825
166 1 1 1 826 831 827 828 829 830
167 1 1 1 831 836 832 833 834 835
168 1 1 1 836 841 837 838 839 840
169 1 1 1 841 846 842 843 844 845
170 1 1 1 846 851 847 848 849 850
171 1 1 1 851 856 852 853 854 855
172 1 1 1 856 861 857 858 859 860
173 1 1 1 861 866 862 863 864 865
174 1 1 1 866 871 867 868 869 870
175 1 1 1 871 876 872 873 874 875
176 1 1 1 876 881 877 878 879 880
177 1 1 1 881 886 882 883 884 885
178 1 1 1 886 891 887 888 889 890
179 1 1 1 891 896 892 893 894 895
180 1 1 1 896 901 897 898 899 900
181 1 1 1 901 906 902 903 904 905
182 1 1 1 906 911 907 908 909 910
183 1 1 1 911 916 912 913 914 915
184 1 1 1 916 921 917 918 919 920
185 1 1 1 921 926 922 923 924 925
186 1 1 1 926 931 927 928 929 930
187 1 1 1 931 936 932 933 934 935
188 1 1 1 936 941 937 938 939 940
189 1 1 1 941 946 942 943 944 945
190 1 1 1 946 951 947 948 949 950
191 1 1 1 951 956 952 953 954 955
192 1 1 1 956 961 957 958 959 960
193 1 1 1 961 966 962 963 964 965
194 1 1 1 966 971 967 968 969 970
195 1 1 1 971 976 972 973 974 975
196 1 1 1 976 981 977 978 979 980
197 1 1 1 981 986 982 983 984 985
198 1 1 1 986 991 987 988 989 990
199 1 1 1 991 996 992 993 994 995
200 1 1 1 996 1001 997 998 999 1000
201 1 1 1 1001 1006 1002 1003 1004 1005
202 1 1 1 1006 1011 1007 1008 1009 1010
203 1 1 1 1011 1016 1012 1013 1014 1015
204 1 1 1 1016 1021 1017 1018 1019 1020
205 1 1 1 1021 1026 1022 1023 1024 1025
206 1 1 1 1026 1031 1027 1028 1029 1030
207 1 1 1 1031 1036 1032 1033 1034 1035
208 1 1 1 1036 1041 1037 1038 1039 1040
209 1 1 1 1041 1046 1042 1043 1044 1045
210 1 1 1 1046 1051 1047 1048 1049 1050
211 1 1 1 1051 1056 1052 1053 1054 1055
212 1 1 1 1056 1061 1057 1058 1059 1060
213 1 1 1 1061 1066 1062 1063 1064 1065
214 1 1 1 1066 1071 1067 1068 1069 1070
215 1 1 1 1071 1076 1072 1073 1074 1075
216 1 1 1 1076 1081 1077 1078 1079 1080
217 1 1 1 1081 1086 1082 1083 1084 1085
218 1 1 1 1086 1091 1087 1088 1089 1090
219 1 1 1 1091 1096 1092 1093 1094 1095
220 1 1 1 1096 1101 1097 1098 1099 1100
221 1 1 1 1101 1106 1102 1103 1104 1105
222 1 1 1 1106 1111 1107 1108 1109 1110
223 1 1 1 1111 1116 1112 1113 1114 1115
224 1 1 1 1116 1121 1117 1118 1119 1120
225 1 1 1 1121 1126 1122 1123 1124 1125
226 1 1 1 1126 1131 1127 1128 1129 1130
227 1 1 1 1131 1136 1132 1133 1134 1135
228 1 1 1 1136 1141 1137 1138 1139 1140
229 1 1 1 1141 1146 1142 1143 1144 1145
230 1 1 1 1146 1151 1147 1148 1149 1150
231 1 1 1 1151 1156 1152 1153 1154 1155
232 1 1 1 1156 1161 1157 1158 1159 1160
233 1 1 1 1161 1166 1162 1163 1164 1165
234 1 1 1 1166 1171 1167 1168 1169 1170
235 1 1 1 1171 1176 1172 1173 1174 1175
236 1 1 1 1176 1181 1177 1178 1179 1180
237 1 1 1 1181 1186 1182 1183 1184 1185
238 1 1 1 1186 1191 1187 1188 1189 1190
239 1 1 1 1191 1196 1192 1193 1194 1195
240 1 1 1 1196 1201 1197 1198 1199 1200
241 1 1 1 1201 1206 1202 1203 1204 1205
242 1 1 1 1206 1211 1207 1208 1209 1210
243 1 1 1 1211 1216 1212 1213 1214 1215
244 1 1 1 1216 1221 1217 1218 1219 1220
245 1 1 1 1221 1226 1222 1223 1224 1225
246 1 1 1 1226 1231 1227 1228 1229 1230
247 1 1 1 1231 1236 1232 1233 1234 1235
248 1 1 1 1236 1241 1237 1238 1239 1240
249 1 1 1 1241 1246 1242 1243 1244 1245
250 1 1 1 1246 1251 1247 1248 1249 1250
251 1 1 1 1251 1256 1252 1253 1254 1255
252 1 1 1 1256 1261 1257 1258 1259 1260
253 1 1 1 1261 1266 1262 1263 1264 1265
254 1 1 1 1266 1271 1267 1268 1269 1270
255 1 1 1 1271 1276 1272 1273 1274 1275
256 1 1 1 1276 1281 1277 1278 1279 1280
257 1 1 1 1281 1286 1282 1283 1284 1285
258 1 1 1 1286 1291 1287 1288 1289 1290
259 1 1 1 1291 1296 1292 1293 1294 1295
260 1 1 1 1296 1301 1297 1298 1299 1300
261 1 1 1 1301 1306 1302 1303 1304 1305
262 1 1 1 1306 1311 1307 1308 1309 1310
263 1 1 1 1311 1316 1312 1313 1314 1315
264 1 1 1 1316 1321 1317 1318 1319 1320
265 1 1 1 1321 1326 1322 1323 1324 1325
266 1 1 1 1326 1331 1327 1328 1329 1330
267 1 1 1 1331 1336 1332 1333 1334 1335
268 1 1 1 1336 1341 1337 1338 1339 1340
269 1 1 1 1341 1346 1342 1343 1344 1345
270 1 1 1 1346 1351 1347 1348 1349 1350
271 1 1 1 1351 1356 1352 1353 1354 1355
272 1 1 1 1356 1361 1357 1358 1359 1360
273 1 1 1 1361 1366 1362 1363 1364 1365
274 1 1 1 1366 1371 1367 1368 1369 1370
275 1 1 1 1371 1376 1372 1373 1374 1375
276 1 1 1 1376 1381 1377 1378 1379 1380
277 1 1 1 1381 1386 1382 1383 1384 1385
278 1 1 1 1386 1391 1387 1388 1389 1390
279 1 1 1 1391 1396 1392 1393 1394 1395
280 1 1 1 1396 1401 1397 1398 1399 1400
281 1 1 1 1401 1406 1402 1403 1404 1405
282 1 1 1 1406 1411 1407 1408 1409 1410
283 1 1 1 1411 1416 1412 1413 1414 1415
284 1 1 1 1416 1421 1417 1418 1419 1420
285 1 1 1 1421 1426 1422 1423 1424 1425
286 1 1 1 1426 1431 1427 1428 1429 1430
287 1 1 1 1431 1436 1432 1433 1434 1435
288 1 1 1 1436 1441 1437 1438 1439 1440
289 1 1 1 1441 1446 1442 1443 1444 1445
290 1 1 1 1446 1451 1447 1448 1449 1450
291 1 1 1 1451 1456 1452 1453 1454 1455
292 1 1 1 1456 1461 1457 1458 1459 1460
293 1 1 1 1461 1466 1462 1463 1464 1465
294 1 1 1 1466 1471 1467 1468 1469 1470
295 1 1 1 1471 1476 1472 1473 1474 1475
296 1 1 1 1476 1481 1477 1478 1479 1480
297 1 1 1 1481 1486 1482 1483 1484 1485
298 1 1 1 1486 1491 1487 1488 1489 1490
299 1 1 1 1491 1496 1492 1493 1494 1495
300 1 1 1 1496 1501 1497 1498 1499 1500
301 1 1 1 1501 1506 1502 1503 1504 1505
302 1 1 1 1506 1511 1507 1508 1509 1510
303 1 1 1 1511 1516 1512 1513 1514 1515
304 1 1 1 1516 1521 1517 1518 1519 1520
305 1 1 1 1521 1526 1522 1523 1524 1525
306 1 1 1 1526 1531 1527 1528 1529 1530
307 1 1 1 1531 1536 1532 1533 1534 1535
308 1 1 1 1536 1541 1537 1538 1539 1540
309 1 1 1 1541 1546 1542 1543 1544 1545
310 1 1 1 1546 1551 1547 1548 1549 1550
311 1 1 1 1551 1556 1552 1553 1554 1555
312 1 1 1 1556 1561 1557 1558 1559 1560
313 1 1 1 1561 1566 1562 1563 1564 1565
314 1 1 1 1566 1571 1567 1568 1569 1570
315 1 1 1 1571 1576 1572 1573 1574 1575
316 1 1 1 1576 1581 1577 1578 1579 1580
317 1 1 1 1581 1586 1582 1583 1584 1585
318 1 1 1 1586 1591 1587 1588 1589 1590
319 1 1 1 1591 1596 1592 1593 1594 1595
320 1 1 1 1596 1601 1597 1598 1599 1600
321 1 1 1 1601 1606 1602 1603 1604 1605
322 1 1 1 1606 1611 1607 1608 1609 1610
323 1 1 1 1611 1616 1612 1613 1614 1615
324 1 1 1 1616 1621 1617 1618 1619 1620
325 1 1 1 1621 1626 1622 1623 1624 1625
326 1 1 1 1626 1631 1627 1628 1629 1630
327 1 1 1 1631 1636 1632 1633 1634 1635
328 1 1 1 1636 1641 1637 1638 1639 1640
329 1 1 1 1641 1646 1642 1643 1644 1645
330 1 1 1 1646 1651 1647 1648 1649 1650
331 1 1 1 1651 1656 1652 1653 1654 1655
332 1 1 1 1656 1661 1657 1658 1659 1660
333 1 1 1 1661 1666 1662 1663 1664 1665
334 1 1 1 1666 1671 1667 1668 1669 1670
335 1 1 1 1671 1676 1672 1673 1674 1675
336 1 1 1 1676 1681 1677 1678 1679 1680
337 1 1 1 1681 1686 1682 1683 1684 1685
338 1 1 1 1686 1691 1687 1688 1689 1690
339 1 1 1 1691 1696 1692 1693 1694 1695
340 1 1 1 1696 1701 1697 1698 1699 1700
341 1 1 1 1701 1706 1702 1703 1704 1705
342 1 1 1 1706 1711 1707 1708 1709 1710
343 1 1 1 1711 1716 1712 1713 1714 1715
344 1 1 1 1716 1721 1717 1718 1719 1720
345 1 1 1 1721 1726 1722 1723 1724 1725
346 1 1 1 1726 1731 1727 1728 1729 1730
347 1 1 1 1731 1736 1732 1733 1734 1735
348 1 1 1 1736 1741 1737 1738 1739 1740
349 1 1 1 1741 1746 1742 1743 1744 1745
350 1 1 1 1746 1751 1747 1748 1749 1750
351 1 1 1 1751 1756 1752 1753 1754 1755
352 1 1 1 1756 1761 1757 1758 1759 1760
353 1 1 1 1761 1766 1762 1763 1764 1765
354 1 1 1 1766 1771 1767 1768 1769 1770
355 1 1 1 1771 1776 1772 1773 1774 1775
356 1 1 1 1776 1781 1777 1778 1779 1780
357 1 1 1 1781 1786 1782 1783 1784 1785
358 1 1 1 1786 1791 1787 1788 1789 1790
359 1 1 1 1791 1796 1792 1793 1794 1795
360 1 1 1 1796 1801 1797 1798 1799 1800
361 1 1 1 1801 1806 1802 1803 1804 1805
362 1 1 1 1806 1811 1807 1808 1809 1810
363 1 1 1 1811 1816 1812 1813 1814 1815
364 1 1 1 1816 1821 1817 1818 1819 1820
365 1 1 1 1821 1826 1822 1823 1824 1825
366 1 1 1 1826 1831 1827 1828 1829 1830
367 1 1 1 1831 1836 1832 1833 1834 1835
368 1 1 1 1836 1841 1837 1838 1839 1840
369 1 1 1 1841 1846 1842 1843 1844 1845
370 1 1 1 1846 1851 1847 1848 1849 1850
371 1 1 1 1851 1856 1852 1853 1854 1855
372 1 1 1 1856 1861 1857 1858 1859 1860
373 1 1 1 1861 1866 1862 1863 1864 1865
374 1 1 1 1866 1871 1867 1868 1869 1870
375 1 1 1 1871 1876 1872 1873 1874 1875
376 1 1 1 1876 1881 1877 1878 1879 1880
377 1 1 1 1881 1886 1882 1883 1884 1885
378 1 1 1 1886 1891 1887 1888 1889 1890
379 1 1 1 1891 1896 1892 1893 1894 1895
380 1 1 1 1896 1901 1897 1898 1899 1900
381 1 1 1 1901 1906 1902 1903 1904 1905
382 1 1 1 1906 1911 1907 1908 1909 1910
383 1 1 1 1911 1916 1912 1913 1914 1915
384 1 1 1 1916 1921 1917 1918 1919 1920
385 1 1 1 1921 1926 1922 1923 1924 1925
386 1 1 1 1926 1931 1927 1928 1929 1930
387 1 1 1 1931 1936 1932 1933 1934 1935
388 1 1 1 1936 1941 1937 1938 1939 1940
389 1 1 1 1941 1946 1942 1943 1944 1945
390 1 1 1 1946 1951 1947 1948 1949 1950
391 1 1 1 1951 1956 1952 1953 1954 1955
392 1 1 1 1956 1961 1957 1958 1959 1960
393 1 1 1 1961 1966 1962 1963 1964 1965
394 1 1 1 1966 1971 1967 1968 1969 1970
395 1 1 1 1971 1976 1972 1973 1974 1975
396 1 1 1 1976 1981 1977 1978 1979 1980
397 1 1 1 1981 1986 1982 1983 1984 1985
398 1 1 1 1986 1991 1987 1988 1989 1990
399 1 1 1 1991 1996 1992 1993 1994 1995
400 1 1 1 1996 2001 1997 1998 1999 2000
401 1 1 1 2001 2006 2002 2003 2004 2005
402 1 1 1 2006 2011 2007 2008 2009 2010
403 1 1 1 2011 2016 2012 2013 2014 2015
404 1 1 1 2016 2021 2017 2018 2019 2020
405 1 1 1 2021 2026 2022 2023 2024 2025
406 1 1 1 2026 2031 2027 2028 2029 2030
407 1 1 1 2031 2036 2032 2033 2034 2035
408 1 1 1 2036 2041 2037 2038 2039 2040
409 1 1 1 2041 2046 2042 2043 2044 2045
410 1 1 1 2046 2051 2047 2048 2049 2050
411 1 1 1 2051 2056 2052 2053 2054 2055
412 1 1 1 2056 2061 2057 2058 2059 2060
413 1 1 1 2061 2066 2062 2063 2064 2065
414 1 1 1 2066 2071 2067 2068 2069 2070
415 1 1 1 2071 2076 2072 2073 2074 2075
416 1 1 1 2076 2081 2077 2078 2079 2080
417 1 1 1 2081 2086 2082 2083 2084 2085
418 1 1 1 2086 2091 2087 2088 2089 2090
419 1 1 1 2091 2096 2092 2093 2094 2095
420 1 1 1 2096 2101 2097 2098 2099 2100
421 1 1 1 2101 2106 2102 2103 2104 2105
422 1 1 1 2106 2111 2107 2108 2109 2110
423 1 1 1 2111 2116 2112 2113 2114 2115
424 1 1 1 2116 2121 2117 2118 2119 2120
425 1 1 1 2121 2126 2122 2123 2124 2125
426 1 1 1 2126 2131 2127 2128 2129 2130
427 1 1 1 2131 2136 2132 2133 2134 2135
428 1 1 1 2136 2141 2137 2138 2139 2140
429 1 1 1 2141 2146 2142 2143 2144 2145
430 1 1 1 2146 2151 2147 2148 2149 2150
431 1 1 1 2151 2156 2152 2153 2154 2155
432 1 1 1 2156 2161 2157 2158 2159 2160
433 1 1 1 2161 2166 2162 2163 2164 2165
434 1 1 1 2166 2171 2167 2168 2169 2170
435 1 1 1 2171 2176 2172 2173 2174 2175
436 1 1 1 2176 2181 2177 2178 2179 2180
437 1 1 1 2181 2186 2182 2183 2184 2185
438 1 1 1 2186 2191 2187 2188 2189 2190
439 1 1 1 2191 2196 2192 2193 2194 2195
440 1 1 1 2196 2201 2197 2198 2199 2200
441 1 1 1 2201 2206 2202 2203 2204 2205
442 1 1 1 2206 2211 2207 2208 2209 2210
443 1 1 1 2211 2216 2212 2213 2214 2215
444 1 1 1 2216 2221 2217 2218 2219 2220
445 1 1 1 2221 2226 2222 2223 2224 2225
446 1 1 1 2226 2231 2227 2228 2229 2230
447 1 1 1 2231 2236 2232 2233 2234 2235
448 1 1 1 2236 2241 2237 2238 2239 2240
449 1 1 1 2241 2246 2242 2243 2244 2245
450 1 1 1 2246 2251 2247 2248 2249 2250
451 1 1 1 2251 2256 2252 2253 2254 2255
452 1 1 1 2256 2261 2257 2258 2259 2260
453 1 1 1 2261 2266 2262 2263 2264 2265
454 1 1 1 2266 2271 2267 2268 2269 2270
455 1 1 1 2271 2276 2272 2273 2274 2275
456 1 1 1 2276 2281 2277 2278 2279 2280
457 1 1 1 2281 2286 2282 2283 2284 2285
458 1 1 1 2286 2291 2287 2288 2289 2290
459 1 1 1 2291 2296 2292 2293 2294 2295
460 1 1 1 2296 2301 2297 2298 2299 2300
461 1 1 1 2301 2306 2302 2303 2304 2305
462 1 1 1 2306 2311 2307 2308 2309 2310
463 1 1 1 2311 2316 2312 2313 2314 2315
464 1 1 1 2316 2321 2317 2318 2319 2320
465 1 1 1 2321 2326 2322 2323 2324 2325
466 1 1 1 2326 2331 2327 2328 2329 2330
467 1 1 1 2331 2336 2332 2333 2334 2335
468 1 1 1 2336 2341 2337 2338 2339 2340
469 1 1 1 2341 2346 2342 2343 2344 2345
470 1 1 1 2346 2351 2347 2348 2349 2350
471 1 1 1 2351 2356 2352 2353 2354 2355
472 1 1 1 2356 2361 2357 2358 2359 2360
473 1 1 1 2361 2366 2362 2363 2364 2365
474 1 1 1 2366 2371 2367 2368 2369 2370
475 1 1 1 2371 2376 2372 2373 2374 2375
476 1 1 1 2376 2381 2377 2378 2379 2380
477 1 1 1 2381 2386 2382 2383 2384 2385
478 1 1 1 2386 2391 2387 2388 2389 2390
479 1 1 1 2391 2396 2392 2393 2394 2395
480 1 1 1 2396 2401 2397 2398 2399 2400
481 1 1 1 2401 2406 2402 2403 2404 2405
482 1 1 1 2406 2411 2407 2408 2409 2410
483 1 1 1 2411 2416 2412 2413 2414 2415
484 1 1 1 2416 2421 2417 2418 2419 2420
485 1 1 1 2421 2426 2422 2423 2424 2425
486 1 1 1 2426 2431 2427 2428 2429 2430
487 1 1 1 2431 2436 2432 2433 2434 2435
488 1 1 1 2436 2441 2437 2438 2439 2440
489 1 1 1 2441 2446 2442 2443 2444 2445
490 1 1 1 2446 2451 2447 2448 2449 2450
491 1 1 1 2451 2456 2452 2453 2454 2455
492 1 1 1 2456 2461 2457 2458 2459 2460
493 1 1 1 2461 2466 2462 2463 2464 2465
494 1 1 1 2466 2471 2467 2468 2469 2470
495 1 1 1 2471 2476 2472 2473 2474 2475
496 1 1 1 2476 2481 2477 2478 2479 2480
497 1 1 1 2481 2486 2482 2483 2484 2485
498 1 1 1 2486 2491 2487 2488 2489 2490
499 1 1 1 2491 2496 2492 2493 2494 2495
500 1 1 1 2496 2501 2497 2498 2499 2500
501 1 1 1 2501 2506 2502 2503 2504 2505
502 1 1 1 2506 2511 2507 2508 2509 2510
503 1 1 1 2511 2516 2512 2513 2514 2515
504 1 1 1 2516 2521 2517 2518 2519 2520
505 1 1 1 2521 2526 2522 2523 2524 2525
506 1 1 1 2526 2531 2527 2528 2529 2530
507 1 1 1 2531 2536 2532 2533 2534 2535
508 1 1 1 2536 2541 2537 2538 2539 2540
509 1 1 1 2541 2546 2542 2543 2544 2545
510 1 1 1 2546 2551 2547 2548 2549 2550
511 1 1 1 2551 2556 2552 2553 2554 2555
512 1 1 1 2556 2561 2557 2558 2559 2560
513 1 1 1 2561 2566 2562 2563 2564 2565
514 1 1 1 2566 2571 2567 2568 2569 2570
515 1 1 1 2571 2576 2572 2573 2574 2575
516 1 1 1 2576 2581 2577 2578 2579 2580
517 1 1 1 2581 2586 2582 2583 2584 2585
518 1 1 1 2586 2591 2587 2588 2589 2590
519 1 1 1 2591 2596 2592 2593 2594 2595
520 1 1 1 2596 2601 2597 2598 2599 2600
521 1 1 1 2601 2606 2602 2603 2604 2605
522 1 1 1 2606 2611 2607 2608 2609 2610
523 1 1 1 2611 2616 2612 2613 2614 2615
524 1 1 1 2616 2621 2617 2618 2619 2620
525 1 1 1 2621 2626 2622 2623 2624 2625
526 1 1 1 2626 2631 2627 2628 2629 2630
527 1 1 1 2631 2636 2632 2633 2634 2635
528 1 1 1 2636 2641 2637 2638 2639 2640
529 1 1 1 2641 2646 2642 2643 2644 2645
530 1 1 1 2646 2651 2647 2648 2649 2650
531 1 1 1 2651 2656 2652 2653 2654 2655
532 1 1 1 2656 2661 2657 2658 2659 2660
533 1 1 1 2661 2666 2662 2663 2664 2665
534 1 1 1 2666 2671 2667 2668 2669 2670
535 1 1 1 2671 2676 2672 2673 2674 2675
536 1 1 1 2676 2681 2677 2678 2679 2680
537 1 1 1 2681 2686 2682 2683 2684 2685
538 1 1 1 2686 2691 2687 2688 2689 2690
539 1 1 1 2691 2696 2692 2693 2694 2695
540 1 1 1 2696 2701 2697 2698 2699 2700
541 1 1 1 2701 2706 2702 2703 2704 2705
542 1 1 1 2706 2711 2707 2708 2709 2710
543 1 1 1 2711 2716 2712 2713 2714 2715
544 1 1 1 2716 2721 2717 2718 2719 2720
545 1 1 1 2721 2726 2722 2723 2724 2725
546 1 1 1 2726 2731 2727 2728 2729 2730
547 1 1 1 2731 2736 2732 2733 2734 2735
548 1 1 1 2736 2741 2737 2738 2739 2740
549 1 1 1 2741 2746 2742 2743 2744 2745
550 1 1 1 2746 2751 2747 2748 2749 2750
551 1 1 1 2751 2756 2752 2753 2754 2755
552 1 1 1 2756 2761 2757 2758 2759 2760
553 1 1 1 2761 2766 2762 2763 2764 2765
554 1 1 1 2766 2771 2767 2768 2769 2770
555 1 1 1 2771 2776 2772 2773 2774 2775
556 1 1 1 2776 2781 2777 2778 2779 2780
557 1 1 1 2781 2786 2782 2783 2784 2785
558 1 1 1 2786 2791 2787 2788 2789 2790
559 1 1 1 2791 2796 2792 2793 2794 2795
560 1 1 1 2796 2801 2797 2798 2799 2800
561 1 1 1 2801 2806 2802 2803 2804 2805
562 1 1 1 2806 2811 2807 2808 2809 2810
563 1 1 1 2811 2816 2812 2813 2814 2815
564 1 1 1 2816 2821 2817 2818 2819 2820
565 1 1 1 2821 2826 2822 2823 2824 2825
566 1 1 1 2826 2831 2827 2828 2829 2830
567 1 1 1 2831 2836 2832 2833 2834 2835
568 1 1 1 2836 2841 2837 2838 2839 2840
569 1 1 1 2841 2846 2842 2843 2844 2845
570 1 1 1 2846 2851 2847 2848 2849 2850
571 1 1 1 2851 2856 2852 2853 2854 2855
572 1 1 1 2856 2861 2857 2858 2859 2860
573 1 1 1 2861 2866 2862 2863 2864 2865
574 1 1 1 2866 2871 2867 2868 2869 2870
575 1 1 1 2871 2876 2872 2873 2874 2875
576 1 1 1 2876 2881 2877 2878 2879 2880
577 1 1 1 2881 2886 2882 2883 2884 2885
578 1 1 1 2886 2891 2887 2888 2889 2890
579 1 1 1 2891 2896 2892 2893 2894 2895
580 1 1 1 2896 2901 2897 2898 2899 2900
581 1 1 1 2901 2906 2902 2903 2904 2905
582 1 1 1 2906 2911 2907 2908 2909 2910
583 1 1 1 2911 2916 2912 2913 2914 2915
584 1 1 1 2916 2921 2917 2918 2919 2920
585 1 1 1 2921 2926 2922 2923 2924 2925
586 1 1 1 2926 2931 2927 2928 2929 2930
587 1 1 1 2931 2936 2932 2933 2934 2935
588 1 1 1 2936 2941 2937 2938 2939 2940
589 1 1 1 2941 2946 2942 2943 2944 2945
590 1 1 1 2946 2951 2947 2948 2949 2950
591 1 1 1 2951 2956 2952 2953 2954 2955
592 1 1 1 2956 2961 2957 2958 2959 2960
593 1 1 1 2961 2966 2962 2963 2964 2965
594 1 1 1 2966 2971 2967 2968 2969 2970
595 1 1 1 2971 2976 2972 2973 2974 2975
596 1 1 1 2976 2981 2977 2978 2979 2980
597 1 1 1 2981 2986 2982 2983 2984 2985
598 1 1 1 2986 2991 2987 2988 2989 2990
599 1 1 1 2991 2996 2992 2993 2994 2995
600 1 1 1 2996 3001 2997 2998 2999 3000
601 1 1 1 3001 3006 3002 3003 3004 3005
602 1 1 1 3006 3011 3007 3008 3009 3010
603 1 1 1 3011 3016 3012 3013 3014 3015
604 1 1 1 3016 3021 3017 3018 3019 3020
605 1 1 1 3021 3026 3022 3023 3024 3025
606 1 1 1 3026 3031 3027 3028 3029 3030
607 1 1 1 3031 3036 3032 3033 3034 3035
608 1 1 1 3036 3041 3037 3038 3039 3040
609 1 1 1 3041 3046 3042 3043 3044 3045
610 1 1 1 3046 3051 3047 3048 3049 3050
611 1 1 1 3051 3056 3052 3053 3054 3055
612 1 1 1 3056 3061 3057 3058 3059 3060
613 1 1 1 3061 3066 3062 3063 3064 3065
614 1 1 1 3066 3071 3067 3068 3069 3070
615 1 1 1 3071 3076 3072 3073 3074 3075
616 1 1 1 3076 3081 3077 3078 3079 3080
617 1 1 1 3081 3086 3082 3083 3084 3085
618 1 1 1 3086 3091 3087 3088 3089 3090
619 1 1 1 3091 3096 3092 3093 3094 3095
620 1 1 1 3096 3101 3097 3098 3099 3100
621 1 1 1 3101 3106 3102 3103 3104 3105
622 1 1 1 3106 3111 3107 3108 3109 3110
623 1 1 1 3111 3116 3112 3113 3114 3115
624 1 1 1 3116 3121 3117 3118 3119 3120
625 1 1 1 3121 3126 3122 3123 3124 3125
626 1 1 1 3126 3131 3127 3128 3129 3130
627 1 1 1 3131 3136 3132 3133 3134 3135
628 1 1 1 3136 3141 3137 3138 3139 3140
629 1 1 1 3141 3146 3142 3143 3144 3145
630 1 1 1 3146 3151 3147 3148 3149 3150
631 1 1 1 3151 3156 3152 3153 3154 3155
632 1 1 1 3156 3161 3157 3158 3159 3160
633 1 1 1 3161 3166 3162 3163 3164 3165
634 1 1 1 3166 3171 3167 3168 3169 3170
635 1 1 1 3171 3176 3172 3173 3174 3175
636 1 1 1 3176 3181 3177 3178 3179 3180
637 1 1 1 3181 3186 3182 3183 3184 3185
638 1 1 1 3186 3191 3187 3188 3189 3190
639 1 1 1 3191 3196 3192 3193 3194 3195
640 1 1 1 3196 3201 3197 3198 3199 3200
641 1 1 1 3201 3206 3202 3203 3204 3205
642 1 1 1 3206 3211 3207 3208 3209 3210
643 1 1 1 3211 3216 3212 3213 3214 3215
644 1 1 1 3216 3221 3217 3218 3219 3220
645 1 1 1 3221 3226 3222 3223 3224 3225
646 1 1 1 3226 3231 3227 3228 3229 3230
647 1 1 1 3231 3236 3232 3233 3234 3235
648 1 1 1 3236 3241 3237 3238 3239 3240
649 1 1 1 3241 3246 3242 3243 3244 3245
650 1 1 1 3246 3251 3247 3248 3249 3250
651 1 1 1 3251 3256 3252 3253 3254 3255
652 1 1 1 3256 3261 3257 3258 3259 3260
653 1 1 1 3261 3266 3262 3263 3264 3265
654 1 1 1 3266 3271 3267 3268 3269 3270
655 1 1 1 3271 3276 3272 3273 3274 3275
656 1 1 1 3276 3281 3277 3278 3279 3280
657 1 1 1 3281 3286 3282 3283 3284 3285
658 1 1 1 3286 3291 3287 3288 3289 3290
659 1 1 1 3291 3296 3292 3293 3294 3295
660 1 1 1 3296 3301 3297 3298 3299 3300
661 1 1 1 3301 3306 3302 3303 3304 3305
662 1 1 1 3306 3311 3307 3308 3309 3310
663 1 1 1 3311 3316 3312 3313 3314 3315
664 1 1 1 3316 3321 3317 3318 3319 3320
665 1 1 1 3321 3326 3322 3323 3324 3325
666 1 1 1 3326 3331 3327 3328 3329 3330
667 1 1 1 3331 3336 3332 3333 3334 3335
668 1 1 1 3336 3341 3337 3338 3339 3340
669 1 1 1 3341 3346 3342 3343 3344 3345
670 1 1 1 3346 3351 3347 3348 3349 3350
671 1 1 1 3351 3356 3352 3353 3354 3355
672 1 1 1 3356 3361 3357 3358 3359 3360
673 1 1 1 3361 3366 3362 3363 3364 3365
674 1 1 1 3366 3371 3367 3368 3369 3370
675 1 1 1 3371 3376 3372 3373 3374 3375
676 1 1 1 3376 3381 3377 3378 3379 3380
677 1 1 1 3381 3386 3382 3383 3384 3385
678 1 1 1 3386 3391 3387 3388 3389 3390
679 1 1 1 3391 3396 3392 3393 3394 3395
680 1 1 1 3396 3401 3397 3398 3399 3400
681 1 1 1 3401 3406 3402 3403 3404 3405
682 1 1 1 3406 3411 3407 3408 3409 3410
683 1 1 1 3411 3416 3412 3413 3414 3415
684 1 1 1 3416 3421 3417 3418 3419 3420
685 1 1 1 3421 3426 3422 3423 3424 3425
686 1 1 1 3426 3431 3427 3428 3429 3430
687 1 1 1 3431 3436 3432 3433 3434 3435
688 1 1 1 3436 3441 3437 3438 3439 3440
689 1 1 1 3441 3446 3442 3443 3444 3445
690 1 1 1 3446 3451 3447 3448 3449 3450
691 1 1 1 3451 3456 3452 3453 3454 3455
692 1 1 1 3456 3461 3457 3458 3459 3460
693 1 1 1 3461 3466 3462 3463 3464 3465
694 1 1 1 3466 3471 3467 3468 3469 3470
695 1 1 1 3471 3476 3472 3473 3474 3475
696 1 1 1 3476 3481 3477 3478 3479 3480
697 1 1 1 3481 3486 3482 3483 3484 3485
698 1 1 1 3486 3491 3487 3488 3489 3490
699 1 1 1 3491 3496 3492 3493 3494 3495
700 1 1 1 3496 3501 3497 3498 3499 3500
701 1 1 1 3501 3506 3502 3503 3504 3505
702 1 1 1 3506 3511 3507 3508 3509 3510
703 1 1 1 3511 3516 3512 3513 3514 3515
704 1 1 1 3516 3521 3517 3518 3519 3520
705 1 1 1 3521 3526 3522 3523 3524 3525
706 1 1 1 3526 3531 3527 3528 3529 3530
707 1 1 1 3531 3536 3532 3533 3534 3535
708 1 1 1 3536 3541 3537 3538 3539 3540
709 1 1 1 3541 3546 3542 3543 3544 3545
710 1 1 1 3546 3551 3547 3548 3549 3550
711 1 1 1 3551 3556 3552 3553 3554 3555
712 1 1 1 3556 3561 3557 3558 3559 3560
713 1 1 1 3561 3566 3562 3563 3564 3565
714 1 1 1 3566 3571 3567 3568 3569 3570
715 1 1 1 3571 3576 3572 3573 3574 3575
716 1 1 1 3576 3581 3577 3578 3579 3580
717 1 1 1 3581 3586 3582 3583 3584 3585
718 1 1 1 3586 3591 3587 3588 3589 3590
719 1 1 1 3591 3596 3592 3593 3594 3595
720 1 1 1 3596 3601 3597 3598 3599 3600
721 1 1 1 3601 3606 3602 3603 3604 3605
722 1 1 1 3606 3611 3607 3608 3609 3610
723 1 1 1 3611 3616 3612 3613 3614 3615
724 1 1 1 3616 3621 3617 3618 3619 3620
725 1 1 1 3621 3626 3622 3623 3624 3625
726 1 1 1 3626 3631 3627 3628 3629 3630
727 1 1 1 3631 3636 3632 3633 3634 3635
728 1 1 1 3636 3641 3637 3638 3639 3640
729 1 1 1 3641 3646 3642 3643 3644 3645
730 1 1 1 3646 3651 3647 3648 3649 3650
731 1 1 1 3651 3656 3652 3653 3654 3655
732 1 1 1 3656 3661 3657 3658 3659 3660
733 1 1 1 3661 3666 3662 3663 3664 3665
734 1 1 1 3666 3671 3667 3668 3669 3670
735 1 1 1 3671 3676 3672 3673 3674 3675
736 1 1 1 3676 3681 3677 3678 3679 3680
737 1 1 1 3681 3686 3682 3683 3684 3685
738 1 1 1 3686 3691 3687 3688 3689 3690
739 1 1 1 3691 3696 3692 3693 3694 3695
740 1 1 1 3696 3701 3697 3698 3699 3700
741 1 1 1 3701 3706 3702 3703 3704 3705
742 1 1 1 3706 3711 3707 3708 3709 3710
743 1 1 1 3711 3716 3712 3713 3714 3715
744 1 1 1 3716 3721 3717 3718 3719 3720
745 1 1 1 3721 3726 3722 3723 3724 3725
746 1 1 1 3726 3731 3727 3728 3729 3730
747 1 1 1 3731 3736 3732 3733 3734 3735
748 1 1 1 3736 3741 3737 3738 3739 3740
749 1 1 1 3741 3746 3742 3743 3744 3745
750 1 1 1 3746 3751 3747 3748 3749 3750
751 1 1 1 3751 3756 3752 3753 3754 3755
752 1 1 1 3756 3761 3757 3758 3759 3760
753 1 1 1 3761 3766 3762 3763 3764 3765
754 1 1 1 3766 3771 3767 3768 3769 3770
755 1 1 1 3771 3776 3772 3773 3774 3775
756 1 1 1 3776 3781 3777 3778 3779 3780
757 1 1 1 3781 3786 3782 3783 3784 3785
758 1 1 1 3786 3791 3787 3788 3789 3790
759 1 1 1 3791 3796 3792 3793 3794 3795
760 1 1 1 3796 3801 3797 3798 3799 3800
761 1 1 1 3801 3806 3802 3803 3804 3805
762 1 1 1 3806 3811 3807 3808 3809 3810
763 1 1 1 3811 3816 3812 3813 3814 3815
764 1 1 1 3816 3821 3817 3818 3819 3820
765 1 1 1 3821 3826 3822 3823 3824 3825
766 1 1 1 3826 3831 3827 3828 3829 3830
767 1 1 1 3831 3836 3832 3833 3834 3835
768 1 1 1 3836 3841 3837 3838 3839 3840
769 1 1 1 3841 3846 3842 3843 3844 3845
770 1 1 1 3846 3851 3847 3848 3849 3850
771 1 1 1 3851 3856 3852 3853 3854 3855
772 1 1 1 3856 3861 3857 3858 3859 3860
773 1 1 1 3861 3866 3862 3863 3864 3865
774 1 1 1 3866 3871 3867 3868 3869 3870
775 1 1 1 3871 3876 3872 3873 3874 3875
776 1 1 1 3876 3881 3877 3878 3879 3880
777 1 1 1 3881 3886 3882 3883 3884 3885
778 1 1 1 3886 3891 3887 3888 3889 3890
779 1 1 1 3891 3896 3892 3893 3894 3895
780 1 1 1 3896 3901 3897 3898 3899 3900
781 1 1 1 3901 3906 3902 3903 3904 3905
782 1 1 1 3906 3911 3907 3908 3909 3910
783 1 1 1 3911 3916 3912 3913 3914 3915
784 1 1 1 3916 3921 3917 3918 3919 3920
785 1 1 1 3921 3926 3922 3923 3924 3925
786 1 1 1 3926 3931 3927 3928 3929 3930
787 1 1 1 3931 3936 3932 3933 3934 3935
788 1 1 1 3936 3941 3937 3938 3939 3940
789 1 1 1 3941 3946 3942 3943 3944 3945
790 1 1 1 3946 3951 3947 3948 3949 3950
791 1 1 1 3951 3956 3952 3953 3954 3955
792 1 1 1 3956 3961 3957 3958 3959 3960
793 1 1 1 3961 3966 3962 3963 3964 3965
794 1 1 1 3966 3971 3967 3968 3969 3970
795 1 1 1 3971 3976 3972 3973 3974 3975
796 1 1 1 3976 3981 3977 3978 3979 3980
797 1 1 1 3981 3986 3982 3983 3984 3985
798 1 1 1 3986 3991 3987 3988 3989 3990
799 1 1 1 3991 3996 3992 3993 3994 3995
800 1 1 1 3996 4001 3997 3998 3999 4000
801 1 1 1 4001 4006 4002 4003 4004 4005
802 1 1 1 4006 4011 4007 4008 4009 4010
803 1 1 1 4011 4016 4012 4013 4014 4015
804 1 1 1 4016 4021 4017 4018 4019 4020
805 1 1 1 4021 4026 4022 4023 4024 4025
806 1 1 1 4026 4031 4027 4028 4029 4030
807 1 1 1 4031 4036 4032 4033 4034 4035
808 1 1 1 4036 4041 4037 4038 4039 4040
809 1 1 1 4041 4046 4042 4043 4044 4045
810 1 1 1 4046 4051 4047 4048 4049 4050
811 1 1 1 4051 4056 4052 4053 4054 4055
812 1 1 1 4056 4061 4057 4058 4059 4060
813 1 1 1 4061 4066 4062 4063 4064 4065
814 1 1 1 4066 4071 4067 4068 4069 4070
815 1 1 1 4071 4076 4072 4073 4074 4075
816 1 1 1 4076 4081 4077 4078 4079 4080
817 1 1 1 4081 4086 4082 4083 4084 4085
818 1 1 1 4086 4091 4087 4088 4089 4090
819 1 1 1 4091 4096 4092 4093 4094 4095
820 1 1 1 4096 4101 4097 4098 4099 4100
821 1 1 1 4101 4106 4102 4103 4104 4105
822 1 1 1 4106 4111 4107 4108 4109 4110
823 1 1 1 4111 4116 4112 4113 4114 4115
824 1 1 1 4116 4121 4117 4118 4119 4120
825 1 1 1 4121 4126 4122 4123 4124 4125
826 1 1 1 4126 4131 4127 4128 4129 4130
827 1 1 1 4131 4136 4132 4133 4134 4135
828 1 1 1 4136 4141 4137 4138 4139 4140
829 1 1 1 4141 4146 4142 4143 4144 4145
830 1 1 1 4146 4151 4147 4148 4149 4150
831 1 1 1 4151 4156 4152 4153 4154 4155
832 1 1 1 4156 4161 4157 4158 4159 4160
833 1 1 1 4161 4166 4162 4163 4164 4165
834 1 1 1 4166 4171 4167 4168 4169 4170
835 1 1 1 4171 4176 4172 4173 4174 4175
836 1 1 1 4176 4181 4177 4178 4179 4180
837 1 1 1 4181 4186 4182 4183 4184 4185
838 1 1 1 4186 4191 4187 4188 4189 4190
839 1 1 1 4191 4196 4192 4193 4194 4195
840 1 1 1 4196 4201 4197 4198 4199 4200
841 1 1 1 4201 4206 4202 4203 4204 4205
842 1 1 1 4206 4211 4207 4208 4209 4210
843 1 1 1 4211 4216 4212 4213 4214 4215
844 1 1 1 4216 4221 4217 4218 4219 4220
845 1 1 1 4221 4226 4222 4223 4224 4225
846 1 1 1 4226 4231 4227 4228 4229 4230
847 1 1 1 4231 4236 4232 4233 4234 4235
848 1 1 1 4236 4241 4237 4238 4239 4240
849 1 1 1 4241 4246 4242 4243 4244 4245
850 1 1 1 4246 4251 4247 4248 4249 4250
851 1 1 1 4251 4256 4252 4253 4254 4255
852 1 1 1 4256 4261 4257 4258 4259 4260
853 1 1 1 4261 4266 4262 4263 4264 4265
854 1 1 1 4266 4271 4267 4268 4269 4270
855 1 1 1 4271 4276 4272 4273 4274 4275
856 1 1 1 4276 4281 4277 4278 4279 4280
857 1 1 1 4281 4286 4282 4283 4284 4285
858 1 1 1 4286 4291 4287 4288 4289 4290
859 1 1 1 4291 4296 4292 4293 4294 4295
860 1 1 1 4296 4301 4297 4298 4299 4300
861 1 1 1 4301 4306 4302 4303 4304 4305
862 1 1 1 4306 4311 4307 4308 4309 4310
863 1 1 1 4311 4316 4312 4313 4314 4315
864 1 1 1 4316 4321 4317 4318 4319 4320
865 1 1 1 4321 4326 4322 4323 4324 4325
866 1 1 1 4326 4331 4327 4328 4329 4330
867 1 1 1 4331 4336 4332 4333 4334 4335
868 1 1 1 4336 4341 4337 4338 4339 4340
869 1 1 1 4341 4346 4342 4343 4344 4345
870 1 1 1 4346 4351 4347 4348 4349 4350
871 1 1 1 4351 4356 4352 4353 4354 4355
872 1 1 1 4356 4361 4357 4358 4359 4360
873 1 1 1 4361 4366 4362 4363 4364 4365
874 1 1 1 4366 4371 4367 4368 4369 4370
875 1 1 1 4371 4376 4372 4373 4374 4375
876 1 1 1 4376 4381 4377 4378 4379 4380
877 1 1 1 4381 4386 4382 4383 4384 4385
878 1 1 1 4386 4391 4387 4388 4389 4390
879 1 1 1 4391 4396 4392 4393 4394 4395
880 1 1 1 4396 4401 4397 4398 4399 4400
881 1 1 1 4401 4406 4402 4403 4404 4405
882 1 1 1 4406 4411 4407 4408 4409 4410
883 1 1 1 4411 4416 4412 4413 4414 4415
884 1 1 1 4416 4421 4417 4418 4419 4420
885 1 1 1 4421 4426 4422 4423 4424 4425
886 1 1 1 4426 4431 4427 4428 4429 4430
887 1 1 1 4431 4436 4432 4433 4434 4435
888 1 1 1 4436 4441 4437 4438 4439 4440
889 1 1 1 4441 4446 4442 4443 4444 4445
890 1 1 1 4446 4451 4447 4448 4449 4450
891 1 1 1 4451 4456 4452 4453 4454 4455
892 1 1 1 4456 4461 4457 4458 4459 4460
893 1 1 1 4461 4466 4462 4463 4464 4465
894 1 1 1 4466 4471 4467 4468 4469 4470
895 1 1 1 4471 4476 4472 4473 4474 4475
896 1 1 1 4476 4481 4477 4478 4479 4480
897 1 1 1 4481 4486 4482 4483 4484 4485
898 1 1 1 4486 4491 4487 4488 4489 4490
899 1 1 1 4491 4496 4492 4493 4494 4495
900 1 1 1 4496 4501 4497 4498 4499 4500
901 1 1 1 4501 4506 4502 4503 4504 4505
902 1 1 1 4506 4511 4507 4508 4509 4510
903 1 1 1 4511 4516 4512 4513 4514 4515
904 1 1 1 4516 4521 4517 4518 4519 4520
905 1 1 1 4521 4526 4522 4523 4524 4525
906 1 1 1 4526 4531 4527 4528 4529 4530
907 1 1 1 4531 4536 4532 4533 4534 4535
908 1 1 1 4536 4541 4537 4538 4539 4540
909 1 1 1 4541 4546 4542 4543 4544 4545
910 1 1 1 4546 4551 4547 4548 4549 4550
911 1 1 1 4551 4556 4552 4553 4554 4555
912 1 1 1 4556 4561 4557 4558 4559 4560
913 1 1 1 4561 4566 4562 4563 4564 4565
914 1 1 1 4566 4571 4567 4568 4569 4570
915 1 1 1 4571 4576 4572 4573 4574 4575
916 1 1 1 4576 4581 4577 4578 4579 4580
917 1 1 1 4581 4586 4582 4583 4584 4585
918 1 1 1 4586 4591 4587 4588 4589 4590
919 1 1 1 4591 4596 4592 4593 4594 4595
920 1 1 1 4596 4601 4597 4598 4599 4600
921 1 1 1 4601 4606 4602 4603 4604 4605
922 1 1 1 4606 4611 4607 4608 4609 4610
923 1 1 1 4611 4616 4612 4613 4614 4615
924 1 1 1 4616 4621 4617 4618 4619 4620
925 1 1 1 4621 4626 4622 4623 4624 4625
926 1 1 1 4626 4631 4627 4628 4629 4630
927 1 1 1 4631 4636 4632 4633 4634 4635
928 1 1 1 4636 4641 4637 4638 4639 4640
929 1 1 1 4641 4646 4642 4643 4644 4645
930 1 1 1 4646 4651 4647 4648 4649 4650
931 1 1 1 4651 4656 4652 4653 4654 4655
932 1 1 1 4656 4661 4657 4658 4659 4660
933 1 1 1 4661 4666 4662 4663 4664 4665
934 1 1 1 4666 4671 4667 4668 4669 4670
935 1 1 1 4671 4676 4672 4673 4674 4675
936 1 1 1 4676 4681 4677 4678 4679 4680
937 1 1 1 4681 4686 4682 4683 4684 4685
938 1 1 1 4686 4691 4687 4688 4689 4690
939 1 1 1 4691 4696 4692 4693 4694 4695
940 1 1 1 4696 4701 4697 4698 4699 4700
941 1 1 1 4701 4706 4702 4703 4704 4705
942 1 1 1 4706 4711 4707 4708 4709 4710
943 1 1 1 4711 4716 4712 4713 4714 4715
944 1 1 1 4716 4721 4717 4718 4719 4720
945 1 1 1 4721 4726 4722 4723 4724 4725
946 1 1 1 4726 4731 4727 4728 4729 4730
947 1 1 1 4731 4736 4732 4733 4734 4735
948 1 1 1 4736 4741 4737 4738 4739 4740
949 1 1 1 4741 4746 4742 4743 4744 4745
950 1 1 1 4746 4751 4747 4748 4749 4750
951 1 1 1 4751 4756 4752 4753 4754 4755
952 1 1 1 4756 4761 4757 4758 4759 4760
953 1 1 1 4761 4766 4762 4763 4764 4765
954 1 1 1 4766 4771 4767 4768 4769 4770
955 1 1 1 4771 4776 4772 4773 4774 4775
956 1 1 1 4776 4781 4777 4778 4779 4780
957 1 1 1 4781 4786 4782 4783 4784 4785
958 1 1 1 4786 4791 4787 4788 4789 4790
959 1 1 1 4791 4796 4792 4793 4794 4795
960 1 1 1 4796 4801 4797 4798 4799 4800
961 1 1 1 4801 4806 4802 4803 4804 4805
962 1 1 1 4806 4811 4807 4808 4809 4810
963 1 1 1 4811 4816 4812 4813 4814 4815
964 1 1 1 4816 4821 4817 4818 4819 4820
965 1 1 1 4821 4826 4822 4823 4824 4825
966 1 1 1 4826 4831 4827 4828 4829 4830
967 1 1 1 4831 4836 4832 4833 4834 4835
968 1 1 1 4836 4841 4837 4838 4839 4840
969 1 1 1 4841 4846 4842 4843 4844 4845
970 1 1 1 4846 4851 4847 4848 4849 4850
971 1 1 1 4851 4856 4852 4853 4854 4855
972 1 1 1 4856 4861 4857 4858 4859 4860
973 1 1 1 4861 4866 4862 4863 4864 4865
974 1 1 1 4866 4871 4867 4868 4869 4870
975 1 1 1 4871 4876 4872 4873 4874 4875
976 1 1 1 4876 4881 4877 4878 4879 4880
977 1 1 1 4881 4886 4882 4883 4884 4885
978 1 1 1 4886 4891 4887 4888 4889 4890
979 1 1 1 4891 4896 4892 4893 4894 4895
980 1 1 1 4896 4901 4897 4898 4899 4900
981 1 1 1 4901 4906 4902 4903 4904 4905
982 1 1 1 4906 4911 4907 4908 4909 4910
983 1 1 1 4911 4916 4912 4913 4914 4915
984 1 1 1 4916 4921 4917 4918 4919 4920
985 1 1 1 4921 4926 4922 4923 4924 4925
986 1 1 1 4926 4931 4927 4928 4929 4930
987 1 1 1 4931 4936 4932 4933 4934 4935
988 1 1 1 4936 4941 4937 4938 4939 4940
989 1 1 1 4941 4946 4942 4943 4944 4945
990 1 1 1 4946 4951 4947 4948 4949 4950
991 1 1 1 4951 4956 4952 4953 4954 4955
992 1 1 1 4956 4961 4957 4958 4959 4960
993 1 1 1 4961 4966 4962 4963 4964 4965
994 1 1 1 4966 4971 4967 4968 4969 4970
995 1 1 1 4971 4976 4972 4973 4974 4975
996 1 1 1 4976 4981 4977 4978 4979 4980
997 1 1 1 4981 4986 4982 4983 4984 4985
998 1 1 1 4986 4991 4987 4988 4989 4990
999 1 1 1 4991 4996 4992 4993 4994 4995
1000 1 1 1 4996 5001 4997 4998 4999 5000
1001 1 1 1 5001 5006 5002 5003 5004 5005
1002 1 1 1 5006 5011 5007 5008 5009 5010
1003 1 1 1 5011 5016 5012 5013 5014 5015
1004 1 1 1 5016 5021 5017 5018 5019 5020
1005 1 1 1 5021 5026 5022 5023 5024 5025
1006 1 1 1 5026 5031 5027 5028 5029 5030
1007 1 1 1 5031 5036 5032 5033 5034 5035
1008 1 1 1 5036 5041 5037 5038 5039 5040
1009 1 1 1 5041 5046 5042 5043 5044 5045
1010 1 1 1 5046 5051 5047 5048 5049 5050
1011 1 1 1 5051 5056 5052 5053 5054 5055
1012 1 1 1 5056 5061 5057 5058 5059 5060
1013 1 1 1 5061 5066 5062 5063 5064 5065
1014 1 1 1 5066 5071 5067 5068 5069 5070
1015 1 1 1 5071 5076 5072 5073 5074 5075
1016 1 1 1 5076 5081 5077 5078 5079 5080
1017 1 1 1 5081 5086 5082 5083 5084 5085
1018 1 1 1 5086 5091 5087 5088 5089 5090
1019 1 1 1 5091 5096 5092 5093 5094 5095
1020 1 1 1 5096 5101 5097 5098 5099 5100
1021 1 1 1 5101 5106 5102 5103 5104 5105
1022 1 1 1 5106 5111 5107 5108 5109 5110
1023 1 1 1 5111 5116 5112 5113 5114 5115
1024 1 1 1 5116 5121 5117 5118 5119 5120
1025 1 1 1 5121 5126 5122 5123 5124 5125
1026 1 1 1 5126 5131 5127 5128 5129 5130
1027 1 1 1 5131 5136 5132 5133 5134 5135
1028 1 1 1 5136 5141 5137 5138 5139 5140
1029 1 1 1 5141 5146 5142 5143 5144 5145
1030 1 1 1 5146 5151 5147 5148 5149 5150
1031 1 1 1 5151 5156 5152 5153 5154 5155
1032 1 1 1 5156 5161 5157 5158 5159 5160
1033 1 1 1 5161 5166 5162 5163 5164 5165
1034 1 1 1 5166 5171 5167 5168 5169 5170
1035 1 1 1 5171 5176 5172 5173 5174 5175
1036 1 1 1 5176 5181 5177 5178 5179 5180
1037 1 1 1 5181 5186 5182 5183 5184 5185
1038 1 1 1 5186 5191 5187 5188 5189 5190
1039 1 1 1 5191 5196 5192 5193 5194 5195
1040 1 1 1 5196 5201 5197 5198 5199 5200
1041 1 1 1 5201 5206 5202 5203 5204 5205
1042 1 1 1 5206 5211 5207 5208 5209 5210
1043 1 1 1 5211 5216 5212 5213 5214 5215
1044 1 1 1 5216 5221 5217 5218 5219 5220
1045 1 1 1 5221 5226 5222 5223 5224 5225
1046 1 1 1 5226 5231 5227 5228 5229 5230
1047 1 1 1 5231 5236 5232 5233 5234 5235
1048 1 1 1 5236 5241 5237 5238 5239 5240
1049 1 1 1 5241 5246 5242 5243 5244 5245
1050 1 1 1 5246 5251 5247 5248 5249 5250
1051 1 1 1 5251 5256 5252 5253 5254 5255
1052 1 1 1 5256 5261 5257 5258 5259 5260
1053 1 1 1 5261 5266 5262 5263 5264 5265
1054 1 1 1 5266 5271 5267 5268 5269 5270
1055 1 1 1 5271 5276 5272 5273 5274 5275
1056 1 1 1 5276 5281 5277 5278 5279 5280
1057 1 1 1 5281 5286 5282 5283 5284 5285
1058 1 1 1 5286 5291 5287 5288 5289 5290
1059 1 1 1 5291 5296 5292 5293 5294 5295
1060 1 1 1 5296 5301 5297 5298 5299 5300
1061 1 1 1 5301 5306 5302 5303 5304 5305
1062 1 1 1 5306 5311 5307 5308 5309 5310
1063 1 1 1 5311 5316 5312 5313 5314 5315
1064 1 1 1 5316 5321 5317 5318 5319 5320
1065 1 1 1 5321 5326 5322 5323 5324 5325
1066 1 1 1 5326 5331 5327 5328 5329 5330
1067 1 1 1 5331 5336 5332 5333 5334 5335
1068 1 1 1 5336 5341 5337 5338 5339 5340
1069 1 1 1 5341 5346 5342 5343 5344 5345
1070 1 1 1 5346 5351 5347 5348 5349 5350
1071 1 1 1 5351 5356 5352 5353 5354 5355
1072 1 1 1 5356 5361 5357 5358 5359 5360
1073 1 1 1 5361 5366 5362 5363 5364 5365
1074 1 1 1 5366 5371 5367 5368 5369 5370
1075 1 1 1 5371 5376 5372 5373 5374 5375
1076 1 1 1 5376 5381 5377 5378 5379 5380
1077 1 1 1 5381 5386 5382 5383 5384 5385
1078 1 1 1 5386 5391 5387 5388 5389 5390
1079 1 1 1 5391 5396 5392 5393 5394 5395
1080 1 1 1 5396 5401 5397 5398 5399 5400
1081 1 1 1 5401 5406 5402 5403 5404 5405
1082 1 1 1 5406 5411 5407 5408 5409 5410
1083 1 1 1 5411 5416 5412 5413 5414 5415
1084 1 1 1 5416 5421 5417 5418 5419 5420
1085 1 1 1 5421 5426 5422 5423 5424 5425
1086 1 1 1 5426 5431 5427 5428 5429 5430
1087 1 1 1 5431 5436 5432 5433 5434 5435
1088 1 1 1 5436 5441 5437 5438 5439 5440
1089 1 1 1 5441 5446 5442 5443 5444 5445
1090 1 1 1 5446 5451 5447 5448 5449 5450
1091 1 1 1 5451 5456 5452 5453 5454 5455
1092 1 1 1 5456 5461 5457 5458 5459 5460
1093 1 1 1 5461 5466 5462 5463 5464 5465
1094 1 1 1 5466 5471 5467 5468 5469 5470
1095 1 1 1 5471 5476 5472 5473 5474 5475
1096 1 1 1 5476 5481 5477 5478 5479 5480
1097 1 1 1 5481 5486 5482 5483 5484 5485
1098 1 1 1 5486 5491 5487 5488 5489 5490
1099 1 1 1 5491 5496 5492 5493 5494 5495
1100 1 1 1 5496 5501 5497 5498 5499 5500
1101 1 1 1 5501 5506 5502 5503 5504 5505
1102 1 1 1 5506 5511 5507 5508 5509 5510
1103 1 1 1 5511 5516 5512 5513 5514 5515
1104 1 1 1 5516 5521 5517 5518 5519 5520
1105 1 1 1 5521 5526 5522 5523 5524 5525
1106 1 1 1 5526 5531 5527 5528 5529 5530
1107 1 1 1 5531 5536 5532 5533 5534 5535
1108 1 1 1 5536 5541 5537 5538 5539 5540
1109 1 1 1 5541 5546 5542 5543 5544 5545
1110 1 1 1 5546 5551 5547 5548 5549 5550
1111 1 1 1 5551 5556 5552 5553 5554 5555
1112 1 1 1 5556 5561 5557 5558 5559 5560
1113 1 1 1 5561 5566 5562 5563 5564 5565
1114 1 1 1 5566 5571 5567 5568 5569 5570
1115 1 1 1 5571 5576 5572 5573 5574 5575
1116 1 1 1 5576 5581 5577 5578 5579 5580
1117 1 1 1 5581 5586 5582 5583 5584 5585
1118 1 1 1 5586 5591 5587 5588 5589 5590
1119 1 1 1 5591 5596 5592 5593 5594 5595
1120 1 1 1 5596 5601 5597 5598 5599 5600
1121 1 1 1 5601 5606 5602 5603 5604 5605
1122 1 1 1 5606 5611 5607 5608 5609 5610
1123 1 1 1 5611 5616 5612 5613 5614 5615
1124 1 1 1 5616 5621 5617 5618 5619 5620
1125 1 1 1 5621 5626 5622 5623 5624 5625
1126 1 1 1 5626 5631 5627 5628 5629 5630
1127 1 1 1 5631 5636 5632 5633 5634 5635
1128 1 1 1 5636 5641 5637 5638 5639 5640
1129 1 1 1 5641 5646 5642 5643 5644 5645
1130 1 1 1 5646 5651 5647 5648 5649 5650
1131 1 1 1 5651 5656 5652 5653 5654 5655
1132 1 1 1 5656 5661 5657 5658 5659 5660
1133 1 1 1 5661 5666 5662 5663 5664 5665
1134 1 1 1 5666 5671 5667 5668 5669 5670
1135 1 1 1 5671 5676 5672 5673 5674 5675
1136 1 1 1 5676 5681 5677 5678 5679 5680
1137 1 1 1 5681 5686 5682 5683 5684 5685
1138 1 1 1 5686 5691 5687 5688 5689 5690
1139 1 1 1 5691 5696 5692 5693 5694 5695
1140 1 1 1 5696 5701 5697 5698 5699 5700
1141 1 1 1 5701 5706 5702 5703 5704 5705
1142 1 1 1 5706 5711 5707 5708 5709 5710
1143 1 1 1 5711 5716 5712 5713 5714 5715
1144 1 1 1 5716 5721 5717 5718 5719 5720
1145 1 1 1 5721 5726 5722 5723 5724 5725
1146 1 1 1 5726 5731 5727 5728 5729 5730
1147 1 1 1 5731 5736 5732 5733 5734 5735
1148 1 1 1 5736 5741 5737 5738 5739 5740
1149 1 1 1 5741 5746 5742 5743 5744 5745
1150 1 1 1 5746 5751 5747 5748 5749 5750
1151 1 1 1 5751 5756 5752 5753 5754 5755
1152 1 1 1 5756 5761 5757 5758 5759 5760
1153 1 1 1 5761 5766 5762 5763 5764 5765
1154 1 1 1 5766 5771 5767 5768 5769 5770
1155 1 1 1 5771 5776 5772 5773 5774 5775
1156 1 1 1 5776 5781 5777 5778 5779 5780
1157 1 1 1 5781 5786 5782 5783 5784 5785
1158 1 1 1 5786 5791 5787 5788 5789 5790
1159 1 1 1 5791 5796 5792 5793 5794 5795
1160 1 1 1 5796 5801 5797 5798 5799 5800
1161 1 1 1 5801 5806 5802 5803 5804 5805
1162 1 1 1 5806 5811 5807 5808 5809 5810
1163 1 1 1 5811 5816 5812 5813 5814 5815
1164 1 1 1 5816 5821 5817 5818 5819 5820
1165 1 1 1 5821 5826 5822 5823 5824 5825
1166 1 1 1 5826 5831 5827 5828 5829 5830
1167 1 1 1 5831 5836 5832 5833 5834 5835
1168 1 1 1 5836 5841 5837 5838 5839 5840
1169 1 1 1 5841 5846 5842 5843 5844 5845
1170 1 1 1 5846 5851 5847 5848 5849 5850
1171 1 1 1 5851 5856 5852 5853 5854 5855
1172 1 1 1 5856 5861 5857 5858 5859 5860
1173 1 1 1 5861 5866 5862 5863 5864 5865
1174 1 1 1 5866 5871 5867 5868 5869 5870
1175 1 1 1 5871 5876 5872 5873 5874 5875
1176 1 1 1 5876 5881 5877 5878 5879 5880
1177 1 1 1 5881 5886 5882 5883 5884 5885
1178 1 1 1 5886 5891 5887 5888 5889 5890
1179 1 1 1 5891 5896 5892 5893 5894 5895
1180 1 1 1 5896 5901 5897 5898 5899 5900
1181 1 1 1 5901 5906 5902 5903 5904 5905
1182 1 1 1 5906 5911 5907 5908 5909 5910
1183 1 1 1 5911 5916 5912 5913 5914 5915
1184 1 1 1 5916 5921 5917 5918 5919 5920
1185 1 1 1 5921 5926 5922 5923 5924 5925
1186 1 1 1 5926 5931 5927 5928 5929 5930
1187 1 1 1 5931 5936 5932 5933 5934 5935
1188 1 1 1 5936 5941 5937 5938 5939 5940
1189 1 1 1 5941 5946 5942 5943 5944 5945
1190 1 1 1 5946 5951 5947 5948 5949 5950
1191 1 1 1 5951 5956 5952 5953 5954 5955
1192 1 1 1 5956 5961 5957 5958 5959 5960
1193 1 1 1 5961 5966 5962 5963 5964 5965
1194 1 1 1 5966 5971 5967 5968 5969 5970
1195 1 1 1 5971 5976 5972 5973 5974 5975
1196 1 1 1 5976 5981 5977 5978 5979 5980
1197 1 1 1 5981 5986 5982 5983 5984 5985
1198 1 1 1 5986 5991 5987 5988 5989 5990
1199 1 1 1 5991 5996 5992 5993 5994 5995
1200 1 1 1 5996 6001 5997 5998 5999 6000
1201 1 1 1 6001 6006 6002 6003 6004 6005
1202 1 1 1 6006 6011 6007 6008 6009 6010
1203 1 1 1 6011 6016 6012 6013 6014 6015
1204 1 1 1 6016 6021 6017 6018 6019 6020
1205 1 1 1 6021 6026 6022 6023 6024 6025
1206 1 1 1 6026 6031 6027 6028 6029 6030
1207 1 1 1 6031 6036 6032 6033 6034 6035
1208 1 1 1 6036 6041 6037 6038 6039 6040
1209 1 1 1 6041 6046 6042 6043 6044 6045
1210 1 1 1 6046 6051 6047 6048 6049 6050
1211 1 1 1 6051 6056 6052 6053 6054 6055
1212 1 1 1 6056 6061 6057 6058 6059 6060
1213 1 1 1 6061 6066 6062 6063 6064 6065
1214 1 1 1 6066 6071 6067 6068 6069 6070
1215 1 1 1 6071 6076 6072 6073 6074 6075
1216 1 1 1 6076 6081 6077 6078 6079 6080
1217 1 1 1 6081 6086 6082 6083 6084 6085
1218 1 1 1 6086 6091 6087 6088 6089 6090
1219 1 1 1 6091 6096 6092 6093 6094 6095
1220 1 1 1 6096 6101 6097 6098 6099 6100
1221 1 1 1 6101 6106 6102 6103 6104 6105
1222 1 1 1 6106 6111 6107 6108 6109 6110
1223 1 1 1 6111 6116 6112 6113 6114 6115
1224 1 1 1 6116 6121 6117 6118 6119 6120
1225 1 1 1 6121 6126 6122 6123 6124 6125
1226 1 1 1 6126 6131 6127 6128 6129 6130
1227 1 1 1 6131 6136 6132 6133 6134 6135
1228 1 1 1 6136 6141 6137 6138 6139 6140
1229 1 1 1 6141 6146 6142 6143 6144 6145
1230 1 1 1 6146 6151 6147 6148 6149 6150
1231 1 1 1 6151 6156 6152 6153 6154 6155
1232 1 1 1 6156 6161 6157 6158 6159 6160
1233 1 1 1 6161 6166 6162 6163 6164 6165
1234 1 1 1 6166 6171 6167 6168 6169 6170
1235 1 1 1 6171 6176 6172 6173 6174 6175
1236 1 1 1 6176 6181 6177 6178 6179 6180
1237 1 1 1 6181 6186 6182 6183 6184 6185
1238 1 1 1 6186 6191 6187 6188 6189 6190
1239 1 1 1 6191 6196 6192 6193 6194 6195
1240 1 1 1 6196 6201 6197 6198 6199 6200
1241 1 1 1 6201 6206 6202 6203 6204 6205
1242 1 1 1 6206 6211 6207 6208 6209 6210
1243 1 1 1 6211 6216 6212 6213 6214 6215
1244 1 1 1 6216 6221 6217 6218 6219 6220
1245 1 1 1 6221 6226 6222 6223 6224 6225
1246 1 1 1 6226 6231 6227 6228 6229 6230
1247 1 1 1 6231 6236 6232 6233 6234 6235
1248 1 1 1 6236 6241 6237 6238 6239 6240
1249 1 1 1 6241 6246 6242 6243 6244 6245
1250 1 1 1 6246 6251 6247 6248 6249 6250
1251 1 1 1 6251 6256 6252 6253 6254 6255
1252 1 1 1 6256 6261 6257 6258 6259 6260
1253 1 1 1 6261 6266 6262 6263 6264 6265
1254 1 1 1 6266 6271 6267 6268 6269 6270
1255 1 1 1 6271 6276 6272 6273 6274 6275
1256 1 1 1 6276 6281 6277 6278 6279 6280
1257 1 1 1 6281 6286 6282 6283 6284 6285
1258 1 1 1 6286 6291 6287 6288 6289 6290
1259 1 1 1 6291 6296 6292 6293 6294 6295
1260 1 1 1 6296 6301 6297 6298 6299 6300
1261 1 1 1 6301 6306 6302 6303 6304 6305
1262 1 1 1 6306 6311 6307 6308 6309 6310
1263 1 1 1 6311 6316 6312 6313 6314 6315
1264 1 1 1 6316 6321 6317 6318 6319 6320
1265 1 1 1 6321 6326 6322 6323 6324 6325
1266 1 1 1 6326 6331 6327 6328 6329 6330
1267 1 1 1 6331 6336 6332 6333 6334 6335
1268 1 1 1 6336 6341 6337 6338 6339 6340
1269 1 1 1 6341 6346 6342 6343 6344 6345
1270 1 1 1 6346 6351 6347 6348 6349 6350
1271 1 1 1 6351 6356 6352 6353 6354 6355
1272 1 1 1 6356 6361 6357 6358 6359 6360
1273 1 1 1 6361 6366 6362 6363 6364 6365
1274 1 1 1 6366 6371 6367 6368 6369 6370
1275 1 1 1 6371 6376 6372 6373 6374 6375
1276 1 1 1 6376 6381 6377 6378 6379 6380
1277 1 1 1 6381 6386 6382 6383 6384 6385
1278 1 1 1 6386 6391 6387 6388 6389 6390
1279 1 1 1 6391 6396 6392 6393 6394 6395
1280 1 1 1 6396 6401 6397 6398 6399 6400
1281 1 1 1 6401 6406 6402 6403 6404 6405
1282 1 1 1 6406 6411 6407 6408 6409 6410
1283 1 1 1 6411 6416 6412 6413 6414 6415
1284 1 1 1 6416 6421 6417 6418 6419 6420
1285 1 1 1 6421 6426 6422 6423 6424 6425
1286 1 1 1 6426 6431 6427 6428 6429 6430
1287 1 1 1 6431 6436 6432 6433 6434 6435
1288 1 1 1 6436 6441 6437 6438 6439 6440
1289 1 1 1 6441 6446 6442 6443 6444 6445
1290 1 1 1 6446 6451 6447 6448 6449 6450
1291 1 1 1 6451 6456 6452 6453 6454 6455
1292 1 1 1 6456 6461 6457 6458 6459 6460
1293 1 1 1 6461 6466 6462 6463 6464 6465
1294 1 1 1 6466 6471 6467 6468 6469 6470
1295 1 1 1 6471 6476 6472 6473 6474 6475
1296 1 1 1 6476 6481 6477 6478 6479 6480
1297 1 1 1 6481 6486 6482 6483 6484 6485
1298 1 1 1 6486 6491 6487 6488 6489 6490
1299 1 1 1 6491 6496 6492 6493 6494 6495
1300 1 1 1 6496 6501 6497 6498 6499 6500
1301 1 1 1 6501 6506 6502 6503 6504 6505
1302 1 1 1 6506 6511 6507 6508 6509 6510
1303 1 1 1 6511 6516 6512 6513 6514 6515
1304 1 1 1 6516 6521 6517 6518 6519 6520
1305 1 1 1 6521 6526 6522 6523 6524 6525
1306 1 1 1 6526 6531 6527 6528 6529 6530
1307 1 1 1 6531 6536 6532 6533 6534 6535
1308 1 1 1 6536 6541 6537 6538 6539 6540
1309 1 1 1 6541 6546 6542 6543 6544 6545
1310 1 1 1 6546 6551 6547 6548 6549 6550
1311 1 1 1 6551 6556 6552 6553 6554 6555
1312 1 1 1 6556 6561 6557 6558 6559 6560
1313 1 1 1 6561 6566 6562 6563 6564 6565
1314 1 1 1 6566 6571 6567 6568 6569 6570
1315 1 1 1 6571 6576 6572 6573 6574 6575
1316 1 1 1 6576 6581 6577 6578 6579 6580
1317 1 1 1 6581 6586 6582 6583 6584 6585
1318 1 1 1 6586 6591 6587 6588 6589 6590
1319 1 1 1 6591 6596 6592 6593 6594 6595
1320 1 1 1 6596 6601 6597 6598 6599 6600
1321 1 1 1 6601 6606 6602 6603 6604 6605
1322 1 1 1 6606 6611 6607 6608 6609 6610
1323 1 1 1 6611 6616 6612 6613 6614 6615
1324 1 1 1 6616 6621 6617 6618 6619 6620
1325 1 1 1 6621 6626 6622 6623 6624 6625
1326 1 1 1 6626 6631 6627 6628 6629 6630
1327 1 1 1 6631 6636 6632 6633 6634 6635
1328 1 1 1 6636 6641 6637 6638 6639 6640
1329 1 1 1 6641 6646 6642 6643 6644 6645
1330 1 1 1 6646 6651 6647 6648 6649 6650
1331 1 1 1 6651 6656 6652 6653 6654 6655
1332 1 1 1 6656 6661 6657 6658 6659 6660
1333 1 1 1 6661 6666 6662 6663 6664 6665
1334 1 1 1 6666 6671 6667 6668 6669 6670
1335 1 1 1 6671 6676 6672 6673 6674 6675
1336 1 1 1 6676 6681 6677 6678 6679 6680
1337 1 1 1 6681 6686 6682 6683 6684 6685
1338 1 1 1 6686 6691 6687 6688 6689 6690
1339 1 1 1 6691 6696 6692 6693 6694 6695
1340 1 1 1 6696 6701 6697 6698 6699 6700
1341 1 1 1 6701 6706 6702 6703 6704 6705
1342 1 1 1 6706 6711 6707 6708 6709 6710
1343 1 1 1 6711 6716 6712 6713 6714 6715
1344 1 1 1 6716 6721 6717 6718 6719 6720
1345 1 1 1 6721 6726 6722 6723 6724 6725
1346 1 1 1 6726 6731 6727 6728 6729 6730
1347 1 1 1 6731 6736 6732 6733 6734 6735
1348 1 1 1 6736 6741 6737 6738 6739 6740
1349 1 1 1 6741 6746 6742 6743 6744 6745
1350 1 1 1 6746 6751 6747 6748 6749 6750
1351 1 1 1 6751 6756 6752 6753 6754 6755
1352 1 1 1 6756 6761 6757 6758 6759 6760
1353 1 1 1 6761 6766 6762 6763 6764 6765
1354 1 1 1 6766 6771 6767 6768 6769 6770
1355 1 1 1 6771 6776 6772 6773 6774 6775
1356 1 1 1 6776 6781 6777 6778 6779 6780
1357 1 1 1 6781 6786 6782 6783 6784 6785
1358 1 1 1 6786 6791 6787 6788 6789 6790
1359 1 1 1 6791 6796 6792 6793 6794 6795
1360 1 1 1 6796 6801 6797 6798 6799 6800
1361 1 1 1 6801 6806 6802 6803 6804 6805
1362 1 1 1 6806 6811 6807 6808 6809 6810
1363 1 1 1 6811 6816 6812 6813 6814 6815
1364 1 1 1 6816 6821 6817 6818 6819 6820
1365 1 1 1 6821 6826 6822 6823 6824 6825
1366 1 1 1 6826 6831 6827 6828 6829 6830
1367 1 1 1 6831 6836 6832 6833 6834 6835
1368 1 1 1 6836 6841 6837 6838 6839 6840
1369 1 1 1 6841 6846 6842 6843 6844 6845
1370 1 1 1 6846 6851 6847 6848 6849 6850
1371 1 1 1 6851 6856 6852 6853 6854 6855
1372 1 1 1 6856 6861 6857 6858 6859 6860
1373 1 1 1 6861 6866 6862 6863 6864 6865
1374 1 1 1 6866 6871 6867 6868 6869 6870
1375 1 1 1 6871 6876 6872 6873 6874 6875
1376 1 1 1 6876 6881 6877 6878 6879 6880
1377 1 1 1 6881 6886 6882 6883 6884 6885
1378 1 1 1 6886 6891 6887 6888 6889 6890
1379 1 1 1 6891 6896 6892 6893 6894 6895
1380 1 1 1 6896 6901 6897 6898 6899 6900
1381 1 1 1 6901 6906 6902 6903 6904 6905
1382 1 1 1 6906 6911 6907 6908 6909 6910
1383 1 1 1 6911 6916 6912 6913 6914 6915
1384 1 1 1 6916 6921 6917 6918 6919 6920
1385 1 1 1 6921 6926 6922 6923 6924 6925
1386 1 1 1 6926 6931 6927 6928 6929 6930
1387 1 1 1 6931 6936 6932 6933 6934 6935
1388 1 1 1 6936 6941 6937 6938 6939 6940
1389 1 1 1 6941 6946 6942 6943 6944 6945
1390 1 1 1 6946 6951 6947 6948 6949 6950
1391 1 1 1 6951 6956 6952 6953 6954 6955
1392 1 1 1 6956 6961 6957 6958 6959 6960
1393 1 1 1 6961 6966 6962 6963 6964 6965
1394 1 1 1 6966 6971 6967 6968 6969 6970
1395 1 1 1 6971 6976 6972 6973 6974 6975
1396 1 1 1 6976 6981 6977 6978 6979 6980
1397 1 1 1 6981 6986 6982 6983 6984 6985
1398 1 1 1 6986 6991 6987 6988 6989 6990
1399 1 1 1 6991 6996 6992 6993 6994 6995
1400 1 1 1 6996 7001 6997 6998 6999 7000
1401 1 1 1 7001 7006 7002 7003 7004 7005
1402 1 1 1 7006 7011 7007 7008 7009 7010
1403 1 1 1 7011 7016 7012 7013 7014 7015
1404 1 1 1 7016 7021 7017 7018 7019 7020
1405 1 1 1 7021 7026 7022 7023 7024 7025
1406 1 1 1 7026 7031 7027 7028 7029 7030
1407 1 1 1 7031 7036 7032 7033 7034 7035
1408 1 1 1 7036 7041 7037 7038 7039 7040
1409 1 1 1 7041 7046 7042 7043 7044 7045
1410 1 1 1 7046 7051 7047 7048 7049 7050
1411 1 1 1 7051 7056 7052 7053 7054 7055
1412 1 1 1 7056 7061 7057 7058 7059 7060
1413 1 1 1 7061 7066 7062 7063 7064 7065
1414 1 1 1 7066 7071 7067 7068 7069 7070
1415 1 1 1 7071 7076 7072 7073 7074 7075
1416 1 1 1 7076 7081 7077 7078 7079 7080
1417 1 1 1 7081 7086 7082 7083 7084 7085
1418 1 1 1 7086 7091 7087 7088 7089 7090
1419 1 1 1 7091 7096 7092 7093 7094 7095
1420 1 1 1 7096 7101 7097 7098 7099 7100
1421 1 1 1 7101 7106 7102 7103 7104 7105
1422 1 1 1 7106 7111 7107 7108 7109 7110
1423 1 1 1 7111 7116 7112 7113 7114 7115
1424 1 1 1 7116 7121 7117 7118 7119 7120
1425 1 1 1 7121 7126 7122 7123 7124 7125
1426 1 1 1 7126 7131 7127 7128 7129 7130
1427 1 1 1 7131 7136 7132 7133 7134 7135
1428 1 1 1 7136 7141 7137 7138 7139 7140
1429 1 1 1 7141 7146 7142 7143 7144 7145
1430 1 1 1 7146 7151 7147 7148 7149 7150
1431 1 1 1 7151 7156 7152 7153 7154 7155
1432 1 1 1 7156 7161 7157 7158 7159 7160
1433 1 1 1 7161 7166 7162 7163 7164 7165
1434 1 1 1 7166 7171 7167 7168 7169 7170
1435 1 1 1 7171 7176 7172 7173 7174 7175
1436 1 1 1 7176 7181 7177 7178 7179 7180
1437 1 1 1 7181 7186 7182 7183 7184 7185
1438 1 1 1 7186 7191 7187 7188 7189 7190
1439 1 1 1 7191 7196 7192 7193 7194 7195
1440 1 1 1 7196 7201 7197 7198 7199 7200
1441 1 1 1 7201 7206 7202 7203 7204 7205
1442 1 1 1 7206 7211 7207 7208 7209 7210
1443 1 1 1 7211 7216 7212 7213 7214 7215
1444 1 1 1 7216 7221 7217 7218 7219 7220
1445 1 1 1 7221 7226 7222 7223 7224 7225
1446 1 1 1 7226 7231 7227 7228 7229 7230
1447 1 1 1 7231 7236 7232 7233 7234 7235
1448 1 1 1 7236 7241 7237 7238 7239 7240
1449 1 1 1 7241 7246 7242 7243 7244 7245
1450 1 1 1 7246 7251 7247 7248 7249 7250
1451 1 1 1 7251 7256 7252 7253 7254 7255
1452 1 1 1 7256 7261 7257 7258 7259 7260
1453 1 1 1 7261 7266 7262 7263 7264 7265
1454 1 1 1 7266 7271 7267 7268 7269 7270
1455 1 1 1 7271 7276 7272 7273 7274 7275
1456 1 1 1 7276 7281 7277 7278 7279 7280
1457 1 1 1 7281 7286 7282 7283 7284 7285
1458 1 1 1 7286 7291 7287 7288 7289 7290
1459 1 1 1 7291 7296 7292 7293 7294 7295
1460 1 1 1 7296 7301 7297 7298 7299 7300
1461 1 1 1 7301 7306 7302 7303 7304 7305
1462 1 1 1 7306 7311 7307 7308 7309 7310
1463 1 1 1 7311 7316 7312 7313 7314 7315
1464 1 1 1 7316 7321 7317 7318 7319 7320
1465 1 1 1 7321 7326 7322 7323 7324 7325
1466 1 1 1 7326 7331 7327 7328 7329 7330
1467 1 1 1 7331 7336 7332 7333 7334 7335
1468 1 1 1 7336 7341 7337 7338 7339 7340
1469 1 1 1 7341 7346 7342 7343 7344 7345
1470 1 1 1 7346 7351 7347 7348 7349 7350
1471 1 1 1 7351 7356 7352 7353 7354 7355
1472 1 1 1 7356 7361 7357 7358 7359 7360
1473 1 1 1 7361 7366 7362 7363 7364 7365
1474 1 1 1 7366 7371 7367 7368 7369 7370
1475 1 1 1 7371 7376 7372 7373 7374 7375
1476 1 1 1 7376 7381 7377 7378 7379 7380
1477 1 1 1 7381 7386 7382 7383 7384 7385
1478 1 1 1 7386 7391 7387 7388 7389 7390
1479 1 1 1 7391 7396 7392 7393 7394 7395
1480 1 1 1 7396 7401 7397 7398 7399 7400
1481 1 1 1 7401 7406 7402 7403 7404 7405
1482 1 1 1 7406 7411 7407 7408 7409 7410
1483 1 1 1 7411 7416 7412 7413 7414 7415
1484 1 1 1 7416 7421 7417 7418 7419 7420
1485 1 1 1 7421 7426 7422 7423 7424 7425
1486 1 1 1 7426 7431 7427 7428 7429 7430
1487 1 1 1 7431 7436 7432 7433 7434 7435
1488 1 1 1 7436 7441 7437 7438 7439 7440
1489 1 1 1 7441 7446 7442 7443 7444 7445
1490 1 1 1 7446 7451 7447 7448 7449 7450
1491 1 1 1 7451 7456 7452 7453 7454 7455
1492 1 1 1 7456 7461 7457 7458 7459 7460
1493 1 1 1 7461 7466 7462 7463 7464 7465
1494 1 1 1 7466 7471 7467 7468 7469 7470
1495 1 1 1 7471 7476 7472 7473 7474 7475
1496 1 1 1 7476 7481 7477 7478 7479 7480
1497 1 1 1 7481 7486 7482 7483 7484 7485
1498 1 1 1 7486 7491 7487 7488 7489 7490
1499 1 1 1 7491 7496 7492 7493 7494 7495
1500 1 1 1 7496 7501 7497 7498 7499 7500
1501 1 1 1 7501 7506 7502 7503 7504 7505
1502 1 1 1 7506 7511 7507 7508 7509 7510
1503 1 1 1 7511 7516 7512 7513 7514 7515
1504 1 1 1 7516 7521 7517 7518 7519 7520
1505 1 1 1 7521 7526 7522 7523 7524 7525
1506 1 1 1 7526 7531 7527 7528 7529 7530
1507 1 1 1 7531 7536 7532 7533 7534 7535
1508 1 1 1 7536 7541 7537 7538 7539 7540
1509 1 1 1 7541 7546 7542 7543 7544 7545
1510 1 1 1 7546 7551 7547 7548 7549 7550
1511 1 1 1 7551 7556 7552 7553 7554 7555
1512 1 1 1 7556 7561 7557 7558 7559 7560
1513 1 1 1 7561 7566 7562 7563 7564 7565
1514 1 1 1 7566 7571 7567 7568 7569 7570
1515 1 1 1 7571 7576 7572 7573 7574 7575
1516 1 1 1 7576 7581 7577 7578 7579 7580
1517 1 1 1 7581 7586 7582 7583 7584 7585
1518 1 1 1 7586 7591 7587 7588 7589 7590
1519 1 1 1 7591 7596 7592 7593 7594 7595
1520 1 1 1 7596 7601 7597 7598 7599 7600
1521 1 1 1 7601 7606 7602 7603 7604 7605
1522 1 1 1 7606 7611 7607 7608 7609 7610
1523 1 1 1 7611 7616 7612 7613 7614 7615
1524 1 1 1 7616 7621 7617 7618 7619 7620
1525 1 1 1 7621 7626 7622 7623 7624 7625
1526 1 1 1 7626 7631 7627 7628 7629 7630
1527 1 1 1 7631 7636 7632 7633 7634 7635
1528 1 1 1 7636 7641 7637 7638 7639 7640
1529 1 1 1 7641 7646 7642 7643 7644 7645
1530 1 1 1 7646 7651 7647 7648 7649 7650
1531 1 1 1 7651 7656 7652 7653 7654 7655
1532 1 1 1 7656 7661 7657 7658 7659 7660
1533 1 1 1 7661 7666 7662 7663 7664 7665
