1 1 1 1 1 4 2 3
2 1 1 1 4 7 5 6
3 1 1 1 7 10 8 9
4 1 1 1 10 13 11 12
5 1 1 1 13 16 14 15
6 1 1 1 16 19 17 18
7 1 1 1 19 22 20 21
8 1 1 1 22 25 23 24
9 1 1 1 25 28 26 27
10 1 1 1 28 31 29 30
11 1 1 1 31 34 32 33
12 1 1 1 34 37 35 36
13 1 1 1 37 40 38 39
14 1 1 1 40 43 41 42
15 1 1 1 43 46 44 45
16 1 1 1 46 49 47 48
17 1 1 1 49 52 50 51
18 1 1 1 52 55 53 54
19 1 1 1 55 58 56 57
20 1 1 1 58 61 59 60
21 1 1 1 61 64 62 63
22 1 1 1 64 67 65 66
23 1 1 1 67 70 68 69
24 1 1 1 70 73 71 72
25 1 1 1 73 76 74 75
26 1 1 1 76 79 77 78
27 1 1 1 79 82 80 81
28 1 1 1 82 85 83 84
29 1 1 1 85 88 86 87
30 1 1 1 88 91 89 90
31 1 1 1 91 94 92 93
32 1 1 1 94 97 95 96
33 1 1 1 97 100 98 99
34 1 1 1 100 103 101 102
35 1 1 1 103 106 104 105
36 1 1 1 106 109 107 108
37 1 1 1 109 112 110 111
38 1 1 1 112 115 113 114
39 1 1 1 115 118 116 117
40 1 1 1 118 121 119 120
41 1 1 1 121 124 122 123
42 1 1 1 124 127 125 126
43 1 1 1 127 130 128 129
44 1 1 1 130 133 131 132
45 1 1 1 133 136 134 135
46 1 1 1 136 139 137 138
47 1 1 1 139 142 140 141
48 1 1 1 142 145 143 144
49 1 1 1 145 148 146 147
50 1 1 1 148 151 149 150
51 1 1 1 151 154 152 153
52 1 1 1 154 157 155 156
53 1 1 1 157 160 158 159
54 1 1 1 160 163 161 162
55 1 1 1 163 166 164 165
56 1 1 1 166 169 167 168
57 1 1 1 169 172 170 171
58 1 1 1 172 175 173 174
59 1 1 1 175 178 176 177
60 1 1 1 178 181 179 180
61 1 1 1 181 184 182 183
62 1 1 1 184 187 185 186
63 1 1 1 187 190 188 189
64 1 1 1 190 193 191 192
65 1 1 1 193 196 194 195
66 1 1 1 196 199 197 198
67 1 1 1 199 202 200 201
68 1 1 1 202 205 203 204
69 1 1 1 205 208 206 207
70 1 1 1 208 211 209 210
71 1 1 1 211 214 212 213
72 1 1 1 214 217 215 216
73 1 1 1 217 220 218 219
74 1 1 1 220 223 221 222
75 1 1 1 223 226 224 225
76 1 1 1 226 229 227 228
77 1 1 1 229 232 230 231
78 1 1 1 232 235 233 234
79 1 1 1 235 238 236 237
80 1 1 1 238 241 239 240
81 1 1 1 241 244 242 243
82 1 1 1 244 247 245 246
83 1 1 1 247 250 248 249
84 1 1 1 250 253 251 252
85 1 1 1 253 256 254 255
86 1 1 1 256 259 257 258
87 1 1 1 259 262 260 261
88 1 1 1 262 265 263 264
89 1 1 1 265 268 266 267
90 1 1 1 268 271 269 270
91 1 1 1 271 274 272 273
92 1 1 1 274 277 275 276
93 1 1 1 277 280 278 279
94 1 1 1 280 283 281 282
95 1 1 1 283 286 284 285
