1 0 0 0
2 0.0333333333333333 0 0
3 0.0666666666666667 0 0
4 0.1 0 0
5 0.133333333333333 0 0
6 0.166666666666667 0 0
7 0.2 0 0
8 0.233333333333333 0 0
9 0.266666666666667 0 0
10 0.3 0 0
11 0.333333333333333 0 0
12 0.366666666666667 0 0
13 0.4 0 0
14 0.433333333333333 0 0
15 0.466666666666667 0 0
16 0.5 0 0
17 0.533333333333333 0 0
18 0.566666666666667 0 0
19 0.6 0 0
20 0.633333333333333 0 0
21 0.666666666666667 0 0
22 0.7 0 0
23 0.733333333333333 0 0
24 0.766666666666667 0 0
25 0.8 0 0
26 0.833333333333333 0 0
27 0.866666666666667 0 0
28 0.9 0 0
29 0.933333333333333 0 0
30 0.966666666666667 0 0
31 1 0 0
