1 0 0 0
2 0.0454545454545455 0 0
3 0.0909090909090909 0 0
4 0.136363636363636 0 0
5 0.181818181818182 0 0
6 0.227272727272727 0 0
7 0.272727272727273 0 0
8 0.318181818181818 0 0
9 0.363636363636364 0 0
10 0.409090909090909 0 0
11 0.454545454545455 0 0
12 0.5 0 0
13 0.545454545454545 0 0
14 0.590909090909091 0 0
15 0.636363636363636 0 0
16 0.681818181818182 0 0
17 0.727272727272727 0 0
18 0.772727272727273 0 0
19 0.818181818181818 0 0
20 0.863636363636364 0 0
21 0.909090909090909 0 0
22 0.954545454545455 0 0
23 1 0 0
