1 0 0 0
2 0.00260416666666667 0 0
3 0.00520833333333333 0 0
4 0.0078125 0 0
5 0.0104166666666667 0 0
6 0.0130208333333333 0 0
7 0.015625 0 0
8 0.0182291666666667 0 0
9 0.0208333333333333 0 0
10 0.0234375 0 0
11 0.0260416666666667 0 0
12 0.0286458333333333 0 0
13 0.03125 0 0
14 0.0338541666666667 0 0
15 0.0364583333333333 0 0
16 0.0390625 0 0
17 0.0416666666666667 0 0
18 0.0442708333333333 0 0
19 0.046875 0 0
20 0.0494791666666667 0 0
21 0.0520833333333333 0 0
22 0.0546875 0 0
23 0.0572916666666667 0 0
24 0.0598958333333333 0 0
25 0.0625 0 0
26 0.0651041666666667 0 0
27 0.0677083333333333 0 0
28 0.0703125 0 0
29 0.0729166666666667 0 0
30 0.0755208333333333 0 0
31 0.078125 0 0
32 0.0807291666666667 0 0
33 0.0833333333333333 0 0
34 0.0859375 0 0
35 0.0885416666666667 0 0
36 0.0911458333333333 0 0
37 0.09375 0 0
38 0.0963541666666667 0 0
39 0.0989583333333333 0 0
40 0.1015625 0 0
41 0.104166666666667 0 0
42 0.106770833333333 0 0
43 0.109375 0 0
44 0.111979166666667 0 0
45 0.114583333333333 0 0
46 0.1171875 0 0
47 0.119791666666667 0 0
48 0.122395833333333 0 0
49 0.125 0 0
50 0.127604166666667 0 0
51 0.130208333333333 0 0
52 0.1328125 0 0
53 0.135416666666667 0 0
54 0.138020833333333 0 0
55 0.140625 0 0
56 0.143229166666667 0 0
57 0.145833333333333 0 0
58 0.1484375 0 0
59 0.151041666666667 0 0
60 0.153645833333333 0 0
61 0.15625 0 0
62 0.158854166666667 0 0
63 0.161458333333333 0 0
64 0.1640625 0 0
65 0.166666666666667 0 0
66 0.169270833333333 0 0
67 0.171875 0 0
68 0.174479166666667 0 0
69 0.177083333333333 0 0
70 0.1796875 0 0
71 0.182291666666667 0 0
72 0.184895833333333 0 0
73 0.1875 0 0
74 0.190104166666667 0 0
75 0.192708333333333 0 0
76 0.1953125 0 0
77 0.197916666666667 0 0
78 0.200520833333333 0 0
79 0.203125 0 0
80 0.205729166666667 0 0
81 0.208333333333333 0 0
82 0.2109375 0 0
83 0.213541666666667 0 0
84 0.216145833333333 0 0
85 0.21875 0 0
86 0.221354166666667 0 0
87 0.223958333333333 0 0
88 0.2265625 0 0
89 0.229166666666667 0 0
90 0.231770833333333 0 0
91 0.234375 0 0
92 0.236979166666667 0 0
93 0.239583333333333 0 0
94 0.2421875 0 0
95 0.244791666666667 0 0
96 0.247395833333333 0 0
97 0.25 0 0
98 0.252604166666667 0 0
99 0.255208333333333 0 0
100 0.2578125 0 0
101 0.260416666666667 0 0
102 0.263020833333333 0 0
103 0.265625 0 0
104 0.268229166666667 0 0
105 0.270833333333333 0 0
106 0.2734375 0 0
107 0.276041666666667 0 0
108 0.278645833333333 0 0
109 0.28125 0 0
110 0.283854166666667 0 0
111 0.286458333333333 0 0
112 0.2890625 0 0
113 0.291666666666667 0 0
114 0.294270833333333 0 0
115 0.296875 0 0
116 0.299479166666667 0 0
117 0.302083333333333 0 0
118 0.3046875 0 0
119 0.307291666666667 0 0
120 0.309895833333333 0 0
121 0.3125 0 0
122 0.315104166666667 0 0
123 0.317708333333333 0 0
124 0.3203125 0 0
125 0.322916666666667 0 0
126 0.325520833333333 0 0
127 0.328125 0 0
128 0.330729166666667 0 0
129 0.333333333333333 0 0
130 0.3359375 0 0
131 0.338541666666667 0 0
132 0.341145833333333 0 0
133 0.34375 0 0
134 0.346354166666667 0 0
135 0.348958333333333 0 0
136 0.3515625 0 0
137 0.354166666666667 0 0
138 0.356770833333333 0 0
139 0.359375 0 0
140 0.361979166666667 0 0
141 0.364583333333333 0 0
142 0.3671875 0 0
143 0.369791666666667 0 0
144 0.372395833333333 0 0
145 0.375 0 0
146 0.377604166666667 0 0
147 0.380208333333333 0 0
148 0.3828125 0 0
149 0.385416666666667 0 0
150 0.388020833333333 0 0
151 0.390625 0 0
152 0.393229166666667 0 0
153 0.395833333333333 0 0
154 0.3984375 0 0
155 0.401041666666667 0 0
156 0.403645833333333 0 0
157 0.40625 0 0
158 0.408854166666667 0 0
159 0.411458333333333 0 0
160 0.4140625 0 0
161 0.416666666666667 0 0
162 0.419270833333333 0 0
163 0.421875 0 0
164 0.424479166666667 0 0
165 0.427083333333333 0 0
166 0.4296875 0 0
167 0.432291666666667 0 0
168 0.434895833333333 0 0
169 0.4375 0 0
170 0.440104166666667 0 0
171 0.442708333333333 0 0
172 0.4453125 0 0
173 0.447916666666667 0 0
174 0.450520833333333 0 0
175 0.453125 0 0
176 0.455729166666667 0 0
177 0.458333333333333 0 0
178 0.4609375 0 0
179 0.463541666666667 0 0
180 0.466145833333333 0 0
181 0.46875 0 0
182 0.471354166666667 0 0
183 0.473958333333333 0 0
184 0.4765625 0 0
185 0.479166666666667 0 0
186 0.481770833333333 0 0
187 0.484375 0 0
188 0.486979166666667 0 0
189 0.489583333333333 0 0
190 0.4921875 0 0
191 0.494791666666667 0 0
192 0.497395833333333 0 0
193 0.5 0 0
194 0.502604166666667 0 0
195 0.505208333333333 0 0
196 0.5078125 0 0
197 0.510416666666667 0 0
198 0.513020833333333 0 0
199 0.515625 0 0
200 0.518229166666667 0 0
201 0.520833333333333 0 0
202 0.5234375 0 0
203 0.526041666666667 0 0
204 0.528645833333333 0 0
205 0.53125 0 0
206 0.533854166666667 0 0
207 0.536458333333333 0 0
208 0.5390625 0 0
209 0.541666666666667 0 0
210 0.544270833333333 0 0
211 0.546875 0 0
212 0.549479166666667 0 0
213 0.552083333333333 0 0
214 0.5546875 0 0
215 0.557291666666667 0 0
216 0.559895833333333 0 0
217 0.5625 0 0
218 0.565104166666667 0 0
219 0.567708333333333 0 0
220 0.5703125 0 0
221 0.572916666666667 0 0
222 0.575520833333333 0 0
223 0.578125 0 0
224 0.580729166666667 0 0
225 0.583333333333333 0 0
226 0.5859375 0 0
227 0.588541666666667 0 0
228 0.591145833333333 0 0
229 0.59375 0 0
230 0.596354166666667 0 0
231 0.598958333333333 0 0
232 0.6015625 0 0
233 0.604166666666667 0 0
234 0.606770833333333 0 0
235 0.609375 0 0
236 0.611979166666667 0 0
237 0.614583333333333 0 0
238 0.6171875 0 0
239 0.619791666666667 0 0
240 0.622395833333333 0 0
241 0.625 0 0
242 0.627604166666667 0 0
243 0.630208333333333 0 0
244 0.6328125 0 0
245 0.635416666666667 0 0
246 0.638020833333333 0 0
247 0.640625 0 0
248 0.643229166666667 0 0
249 0.645833333333333 0 0
250 0.6484375 0 0
251 0.651041666666667 0 0
252 0.653645833333333 0 0
253 0.65625 0 0
254 0.658854166666667 0 0
255 0.661458333333333 0 0
256 0.6640625 0 0
257 0.666666666666667 0 0
258 0.669270833333333 0 0
259 0.671875 0 0
260 0.674479166666667 0 0
261 0.677083333333333 0 0
262 0.6796875 0 0
263 0.682291666666667 0 0
264 0.684895833333333 0 0
265 0.6875 0 0
266 0.690104166666667 0 0
267 0.692708333333333 0 0
268 0.6953125 0 0
269 0.697916666666667 0 0
270 0.700520833333333 0 0
271 0.703125 0 0
272 0.705729166666667 0 0
273 0.708333333333333 0 0
274 0.7109375 0 0
275 0.713541666666667 0 0
276 0.716145833333333 0 0
277 0.71875 0 0
278 0.721354166666667 0 0
279 0.723958333333333 0 0
280 0.7265625 0 0
281 0.729166666666667 0 0
282 0.731770833333333 0 0
283 0.734375 0 0
284 0.736979166666667 0 0
285 0.739583333333333 0 0
286 0.7421875 0 0
287 0.744791666666667 0 0
288 0.747395833333333 0 0
289 0.75 0 0
290 0.752604166666667 0 0
291 0.755208333333333 0 0
292 0.7578125 0 0
293 0.760416666666667 0 0
294 0.763020833333333 0 0
295 0.765625 0 0
296 0.768229166666667 0 0
297 0.770833333333333 0 0
298 0.7734375 0 0
299 0.776041666666667 0 0
300 0.778645833333333 0 0
301 0.78125 0 0
302 0.783854166666667 0 0
303 0.786458333333333 0 0
304 0.7890625 0 0
305 0.791666666666667 0 0
306 0.794270833333333 0 0
307 0.796875 0 0
308 0.799479166666667 0 0
309 0.802083333333333 0 0
310 0.8046875 0 0
311 0.807291666666667 0 0
312 0.809895833333333 0 0
313 0.8125 0 0
314 0.815104166666667 0 0
315 0.817708333333333 0 0
316 0.8203125 0 0
317 0.822916666666667 0 0
318 0.825520833333333 0 0
319 0.828125 0 0
320 0.830729166666667 0 0
321 0.833333333333333 0 0
322 0.8359375 0 0
323 0.838541666666667 0 0
324 0.841145833333333 0 0
325 0.84375 0 0
326 0.846354166666667 0 0
327 0.848958333333333 0 0
328 0.8515625 0 0
329 0.854166666666667 0 0
330 0.856770833333333 0 0
331 0.859375 0 0
332 0.861979166666667 0 0
333 0.864583333333333 0 0
334 0.8671875 0 0
335 0.869791666666667 0 0
336 0.872395833333333 0 0
337 0.875 0 0
338 0.877604166666667 0 0
339 0.880208333333333 0 0
340 0.8828125 0 0
341 0.885416666666667 0 0
342 0.888020833333333 0 0
343 0.890625 0 0
344 0.893229166666667 0 0
345 0.895833333333333 0 0
346 0.8984375 0 0
347 0.901041666666667 0 0
348 0.903645833333333 0 0
349 0.90625 0 0
350 0.908854166666667 0 0
351 0.911458333333333 0 0
352 0.9140625 0 0
353 0.916666666666667 0 0
354 0.919270833333333 0 0
355 0.921875 0 0
356 0.924479166666667 0 0
357 0.927083333333333 0 0
358 0.9296875 0 0
359 0.932291666666667 0 0
360 0.934895833333333 0 0
361 0.9375 0 0
362 0.940104166666667 0 0
363 0.942708333333333 0 0
364 0.9453125 0 0
365 0.947916666666667 0 0
366 0.950520833333333 0 0
367 0.953125 0 0
368 0.955729166666667 0 0
369 0.958333333333333 0 0
370 0.9609375 0 0
371 0.963541666666667 0 0
372 0.966145833333333 0 0
373 0.96875 0 0
374 0.971354166666667 0 0
375 0.973958333333333 0 0
376 0.9765625 0 0
377 0.979166666666667 0 0
378 0.981770833333333 0 0
379 0.984375 0 0
380 0.986979166666667 0 0
381 0.989583333333333 0 0
382 0.9921875 0 0
383 0.994791666666667 0 0
384 0.997395833333333 0 0
385 1 0 0
