1 0 0 0
2 0.0217391304347826 0 0
3 0.0434782608695652 0 0
4 0.0652173913043478 0 0
5 0.0869565217391304 0 0
6 0.108695652173913 0 0
7 0.130434782608696 0 0
8 0.152173913043478 0 0
9 0.173913043478261 0 0
10 0.195652173913043 0 0
11 0.217391304347826 0 0
12 0.239130434782609 0 0
13 0.260869565217391 0 0
14 0.282608695652174 0 0
15 0.304347826086956 0 0
16 0.326086956521739 0 0
17 0.347826086956522 0 0
18 0.369565217391304 0 0
19 0.391304347826087 0 0
20 0.41304347826087 0 0
21 0.434782608695652 0 0
22 0.456521739130435 0 0
23 0.478260869565217 0 0
24 0.5 0 0
25 0.521739130434783 0 0
26 0.543478260869565 0 0
27 0.565217391304348 0 0
28 0.58695652173913 0 0
29 0.608695652173913 0 0
30 0.630434782608696 0 0
31 0.652173913043478 0 0
32 0.673913043478261 0 0
33 0.695652173913043 0 0
34 0.717391304347826 0 0
35 0.739130434782609 0 0
36 0.760869565217391 0 0
37 0.782608695652174 0 0
38 0.804347826086957 0 0
39 0.826086956521739 0 0
40 0.847826086956522 0 0
41 0.869565217391304 0 0
42 0.891304347826087 0 0
43 0.91304347826087 0 0
44 0.934782608695652 0 0
45 0.956521739130435 0 0
46 0.978260869565217 0 0
47 1 0 0
