1 0 0 0
2 0.00263157894736842 0 0
3 0.00526315789473684 0 0
4 0.00789473684210526 0 0
5 0.0105263157894737 0 0
6 0.0131578947368421 0 0
7 0.0157894736842105 0 0
8 0.0184210526315789 0 0
9 0.0210526315789474 0 0
10 0.0236842105263158 0 0
11 0.0263157894736842 0 0
12 0.0289473684210526 0 0
13 0.031578947368421 0 0
14 0.0342105263157895 0 0
15 0.0368421052631579 0 0
16 0.0394736842105263 0 0
17 0.0421052631578947 0 0
18 0.0447368421052632 0 0
19 0.0473684210526316 0 0
20 0.05 0 0
21 0.0526315789473684 0 0
22 0.0552631578947368 0 0
23 0.0578947368421053 0 0
24 0.0605263157894737 0 0
25 0.0631578947368421 0 0
26 0.0657894736842105 0 0
27 0.0684210526315789 0 0
28 0.0710526315789474 0 0
29 0.0736842105263158 0 0
30 0.0763157894736842 0 0
31 0.0789473684210526 0 0
32 0.0815789473684211 0 0
33 0.0842105263157895 0 0
34 0.0868421052631579 0 0
35 0.0894736842105263 0 0
36 0.0921052631578947 0 0
37 0.0947368421052632 0 0
38 0.0973684210526316 0 0
39 0.1 0 0
40 0.102631578947368 0 0
41 0.105263157894737 0 0
42 0.107894736842105 0 0
43 0.110526315789474 0 0
44 0.113157894736842 0 0
45 0.11578947368421 0 0
46 0.118421052631579 0 0
47 0.121052631578947 0 0
48 0.123684210526316 0 0
49 0.126315789473684 0 0
50 0.128947368421053 0 0
51 0.131578947368421 0 0
52 0.13421052631579 0 0
53 0.136842105263158 0 0
54 0.139473684210526 0 0
55 0.142105263157895 0 0
56 0.144736842105263 0 0
57 0.147368421052632 0 0
58 0.15 0 0
59 0.152631578947368 0 0
60 0.155263157894737 0 0
61 0.157894736842105 0 0
62 0.160526315789474 0 0
63 0.163157894736842 0 0
64 0.16578947368421 0 0
65 0.168421052631579 0 0
66 0.171052631578947 0 0
67 0.173684210526316 0 0
68 0.176315789473684 0 0
69 0.178947368421053 0 0
70 0.181578947368421 0 0
71 0.184210526315789 0 0
72 0.186842105263158 0 0
73 0.189473684210526 0 0
74 0.192105263157895 0 0
75 0.194736842105263 0 0
76 0.197368421052632 0 0
77 0.2 0 0
78 0.202631578947368 0 0
79 0.205263157894737 0 0
80 0.207894736842105 0 0
81 0.210526315789474 0 0
82 0.213157894736842 0 0
83 0.215789473684211 0 0
84 0.218421052631579 0 0
85 0.221052631578947 0 0
86 0.223684210526316 0 0
87 0.226315789473684 0 0
88 0.228947368421053 0 0
89 0.231578947368421 0 0
90 0.23421052631579 0 0
91 0.236842105263158 0 0
92 0.239473684210526 0 0
93 0.242105263157895 0 0
94 0.244736842105263 0 0
95 0.247368421052632 0 0
96 0.25 0 0
97 0.252631578947368 0 0
98 0.255263157894737 0 0
99 0.257894736842105 0 0
100 0.260526315789474 0 0
101 0.263157894736842 0 0
102 0.265789473684211 0 0
103 0.268421052631579 0 0
104 0.271052631578947 0 0
105 0.273684210526316 0 0
106 0.276315789473684 0 0
107 0.278947368421053 0 0
108 0.281578947368421 0 0
109 0.28421052631579 0 0
110 0.286842105263158 0 0
111 0.289473684210526 0 0
112 0.292105263157895 0 0
113 0.294736842105263 0 0
114 0.297368421052632 0 0
115 0.3 0 0
116 0.302631578947368 0 0
117 0.305263157894737 0 0
118 0.307894736842105 0 0
119 0.310526315789474 0 0
120 0.313157894736842 0 0
121 0.315789473684211 0 0
122 0.318421052631579 0 0
123 0.321052631578947 0 0
124 0.323684210526316 0 0
125 0.326315789473684 0 0
126 0.328947368421053 0 0
127 0.331578947368421 0 0
128 0.33421052631579 0 0
129 0.336842105263158 0 0
130 0.339473684210526 0 0
131 0.342105263157895 0 0
132 0.344736842105263 0 0
133 0.347368421052631 0 0
134 0.35 0 0
135 0.352631578947368 0 0
136 0.355263157894737 0 0
137 0.357894736842105 0 0
138 0.360526315789474 0 0
139 0.363157894736842 0 0
140 0.365789473684211 0 0
141 0.368421052631579 0 0
142 0.371052631578947 0 0
143 0.373684210526316 0 0
144 0.376315789473684 0 0
145 0.378947368421053 0 0
146 0.381578947368421 0 0
147 0.38421052631579 0 0
148 0.386842105263158 0 0
149 0.389473684210526 0 0
150 0.392105263157895 0 0
151 0.394736842105263 0 0
152 0.397368421052632 0 0
153 0.4 0 0
154 0.402631578947368 0 0
155 0.405263157894737 0 0
156 0.407894736842105 0 0
157 0.410526315789474 0 0
158 0.413157894736842 0 0
159 0.41578947368421 0 0
160 0.418421052631579 0 0
161 0.421052631578947 0 0
162 0.423684210526316 0 0
163 0.426315789473684 0 0
164 0.428947368421053 0 0
165 0.431578947368421 0 0
166 0.434210526315789 0 0
167 0.436842105263158 0 0
168 0.439473684210526 0 0
169 0.442105263157895 0 0
170 0.444736842105263 0 0
171 0.447368421052632 0 0
172 0.45 0 0
173 0.452631578947368 0 0
174 0.455263157894737 0 0
175 0.457894736842105 0 0
176 0.460526315789474 0 0
177 0.463157894736842 0 0
178 0.46578947368421 0 0
179 0.468421052631579 0 0
180 0.471052631578947 0 0
181 0.473684210526316 0 0
182 0.476315789473684 0 0
183 0.478947368421053 0 0
184 0.481578947368421 0 0
185 0.484210526315789 0 0
186 0.486842105263158 0 0
187 0.489473684210526 0 0
188 0.492105263157895 0 0
189 0.494736842105263 0 0
190 0.497368421052632 0 0
191 0.5 0 0
192 0.502631578947368 0 0
193 0.505263157894737 0 0
194 0.507894736842105 0 0
195 0.510526315789474 0 0
196 0.513157894736842 0 0
197 0.51578947368421 0 0
198 0.518421052631579 0 0
199 0.521052631578947 0 0
200 0.523684210526316 0 0
201 0.526315789473684 0 0
202 0.528947368421053 0 0
203 0.531578947368421 0 0
204 0.534210526315789 0 0
205 0.536842105263158 0 0
206 0.539473684210526 0 0
207 0.542105263157895 0 0
208 0.544736842105263 0 0
209 0.547368421052632 0 0
210 0.55 0 0
211 0.552631578947368 0 0
212 0.555263157894737 0 0
213 0.557894736842105 0 0
214 0.560526315789474 0 0
215 0.563157894736842 0 0
216 0.565789473684211 0 0
217 0.568421052631579 0 0
218 0.571052631578947 0 0
219 0.573684210526316 0 0
220 0.576315789473684 0 0
221 0.578947368421053 0 0
222 0.581578947368421 0 0
223 0.58421052631579 0 0
224 0.586842105263158 0 0
225 0.589473684210526 0 0
226 0.592105263157895 0 0
227 0.594736842105263 0 0
228 0.597368421052632 0 0
229 0.6 0 0
230 0.602631578947368 0 0
231 0.605263157894737 0 0
232 0.607894736842105 0 0
233 0.610526315789474 0 0
234 0.613157894736842 0 0
235 0.615789473684211 0 0
236 0.618421052631579 0 0
237 0.621052631578947 0 0
238 0.623684210526316 0 0
239 0.626315789473684 0 0
240 0.628947368421053 0 0
241 0.631578947368421 0 0
242 0.634210526315789 0 0
243 0.636842105263158 0 0
244 0.639473684210526 0 0
245 0.642105263157895 0 0
246 0.644736842105263 0 0
247 0.647368421052632 0 0
248 0.65 0 0
249 0.652631578947368 0 0
250 0.655263157894737 0 0
251 0.657894736842105 0 0
252 0.660526315789474 0 0
253 0.663157894736842 0 0
254 0.66578947368421 0 0
255 0.668421052631579 0 0
256 0.671052631578947 0 0
257 0.673684210526316 0 0
258 0.676315789473684 0 0
259 0.678947368421053 0 0
260 0.681578947368421 0 0
261 0.684210526315789 0 0
262 0.686842105263158 0 0
263 0.689473684210526 0 0
264 0.692105263157895 0 0
265 0.694736842105263 0 0
266 0.697368421052632 0 0
267 0.7 0 0
268 0.702631578947368 0 0
269 0.705263157894737 0 0
270 0.707894736842105 0 0
271 0.710526315789474 0 0
272 0.713157894736842 0 0
273 0.715789473684211 0 0
274 0.718421052631579 0 0
275 0.721052631578947 0 0
276 0.723684210526316 0 0
277 0.726315789473684 0 0
278 0.728947368421053 0 0
279 0.731578947368421 0 0
280 0.73421052631579 0 0
281 0.736842105263158 0 0
282 0.739473684210526 0 0
283 0.742105263157895 0 0
284 0.744736842105263 0 0
285 0.747368421052632 0 0
286 0.75 0 0
287 0.752631578947368 0 0
288 0.755263157894737 0 0
289 0.757894736842105 0 0
290 0.760526315789474 0 0
291 0.763157894736842 0 0
292 0.765789473684211 0 0
293 0.768421052631579 0 0
294 0.771052631578947 0 0
295 0.773684210526316 0 0
296 0.776315789473684 0 0
297 0.778947368421053 0 0
298 0.781578947368421 0 0
299 0.784210526315789 0 0
300 0.786842105263158 0 0
301 0.789473684210526 0 0
302 0.792105263157895 0 0
303 0.794736842105263 0 0
304 0.797368421052632 0 0
305 0.8 0 0
306 0.802631578947368 0 0
307 0.805263157894737 0 0
308 0.807894736842105 0 0
309 0.810526315789474 0 0
310 0.813157894736842 0 0
311 0.815789473684211 0 0
312 0.818421052631579 0 0
313 0.821052631578947 0 0
314 0.823684210526316 0 0
315 0.826315789473684 0 0
316 0.828947368421053 0 0
317 0.831578947368421 0 0
318 0.83421052631579 0 0
319 0.836842105263158 0 0
320 0.839473684210526 0 0
321 0.842105263157895 0 0
322 0.844736842105263 0 0
323 0.847368421052632 0 0
324 0.85 0 0
325 0.852631578947368 0 0
326 0.855263157894737 0 0
327 0.857894736842105 0 0
328 0.860526315789474 0 0
329 0.863157894736842 0 0
330 0.865789473684211 0 0
331 0.868421052631579 0 0
332 0.871052631578947 0 0
333 0.873684210526316 0 0
334 0.876315789473684 0 0
335 0.878947368421053 0 0
336 0.881578947368421 0 0
337 0.884210526315789 0 0
338 0.886842105263158 0 0
339 0.889473684210526 0 0
340 0.892105263157895 0 0
341 0.894736842105263 0 0
342 0.897368421052632 0 0
343 0.9 0 0
344 0.902631578947368 0 0
345 0.905263157894737 0 0
346 0.907894736842105 0 0
347 0.910526315789474 0 0
348 0.913157894736842 0 0
349 0.91578947368421 0 0
350 0.918421052631579 0 0
351 0.921052631578947 0 0
352 0.923684210526316 0 0
353 0.926315789473684 0 0
354 0.928947368421053 0 0
355 0.931578947368421 0 0
356 0.934210526315789 0 0
357 0.936842105263158 0 0
358 0.939473684210526 0 0
359 0.942105263157895 0 0
360 0.944736842105263 0 0
361 0.947368421052632 0 0
362 0.95 0 0
363 0.952631578947368 0 0
364 0.955263157894737 0 0
365 0.957894736842105 0 0
366 0.960526315789474 0 0
367 0.963157894736842 0 0
368 0.965789473684211 0 0
369 0.968421052631579 0 0
370 0.971052631578947 0 0
371 0.973684210526316 0 0
372 0.976315789473684 0 0
373 0.978947368421053 0 0
374 0.981578947368421 0 0
375 0.984210526315789 0 0
376 0.986842105263158 0 0
377 0.989473684210526 0 0
378 0.992105263157895 0 0
379 0.994736842105263 0 0
380 0.997368421052632 0 0
381 1 0 0
