1 0 0 0
2 0.00526315789473684 0 0
3 0.0105263157894737 0 0
4 0.0157894736842105 0 0
5 0.0210526315789474 0 0
6 0.0263157894736842 0 0
7 0.031578947368421 0 0
8 0.0368421052631579 0 0
9 0.0421052631578947 0 0
10 0.0473684210526316 0 0
11 0.0526315789473684 0 0
12 0.0578947368421053 0 0
13 0.0631578947368421 0 0
14 0.0684210526315789 0 0
15 0.0736842105263158 0 0
16 0.0789473684210526 0 0
17 0.0842105263157895 0 0
18 0.0894736842105263 0 0
19 0.0947368421052632 0 0
20 0.1 0 0
21 0.105263157894737 0 0
22 0.110526315789474 0 0
23 0.11578947368421 0 0
24 0.121052631578947 0 0
25 0.126315789473684 0 0
26 0.131578947368421 0 0
27 0.136842105263158 0 0
28 0.142105263157895 0 0
29 0.147368421052632 0 0
30 0.152631578947368 0 0
31 0.157894736842105 0 0
32 0.163157894736842 0 0
33 0.168421052631579 0 0
34 0.173684210526316 0 0
35 0.178947368421053 0 0
36 0.184210526315789 0 0
37 0.189473684210526 0 0
38 0.194736842105263 0 0
39 0.2 0 0
40 0.205263157894737 0 0
41 0.210526315789474 0 0
42 0.215789473684211 0 0
43 0.221052631578947 0 0
44 0.226315789473684 0 0
45 0.231578947368421 0 0
46 0.236842105263158 0 0
47 0.242105263157895 0 0
48 0.247368421052632 0 0
49 0.252631578947368 0 0
50 0.257894736842105 0 0
51 0.263157894736842 0 0
52 0.268421052631579 0 0
53 0.273684210526316 0 0
54 0.278947368421053 0 0
55 0.28421052631579 0 0
56 0.289473684210526 0 0
57 0.294736842105263 0 0
58 0.3 0 0
59 0.305263157894737 0 0
60 0.310526315789474 0 0
61 0.315789473684211 0 0
62 0.321052631578947 0 0
63 0.326315789473684 0 0
64 0.331578947368421 0 0
65 0.336842105263158 0 0
66 0.342105263157895 0 0
67 0.347368421052631 0 0
68 0.352631578947368 0 0
69 0.357894736842105 0 0
70 0.363157894736842 0 0
71 0.368421052631579 0 0
72 0.373684210526316 0 0
73 0.378947368421053 0 0
74 0.38421052631579 0 0
75 0.389473684210526 0 0
76 0.394736842105263 0 0
77 0.4 0 0
78 0.405263157894737 0 0
79 0.410526315789474 0 0
80 0.41578947368421 0 0
81 0.421052631578947 0 0
82 0.426315789473684 0 0
83 0.431578947368421 0 0
84 0.436842105263158 0 0
85 0.442105263157895 0 0
86 0.447368421052632 0 0
87 0.452631578947368 0 0
88 0.457894736842105 0 0
89 0.463157894736842 0 0
90 0.468421052631579 0 0
91 0.473684210526316 0 0
92 0.478947368421053 0 0
93 0.484210526315789 0 0
94 0.489473684210526 0 0
95 0.494736842105263 0 0
96 0.5 0 0
97 0.505263157894737 0 0
98 0.510526315789474 0 0
99 0.51578947368421 0 0
100 0.521052631578947 0 0
101 0.526315789473684 0 0
102 0.531578947368421 0 0
103 0.536842105263158 0 0
104 0.542105263157895 0 0
105 0.547368421052632 0 0
106 0.552631578947368 0 0
107 0.557894736842105 0 0
108 0.563157894736842 0 0
109 0.568421052631579 0 0
110 0.573684210526316 0 0
111 0.578947368421053 0 0
112 0.58421052631579 0 0
113 0.589473684210526 0 0
114 0.594736842105263 0 0
115 0.6 0 0
116 0.605263157894737 0 0
117 0.610526315789474 0 0
118 0.615789473684211 0 0
119 0.621052631578947 0 0
120 0.626315789473684 0 0
121 0.631578947368421 0 0
122 0.636842105263158 0 0
123 0.642105263157895 0 0
124 0.647368421052632 0 0
125 0.652631578947368 0 0
126 0.657894736842105 0 0
127 0.663157894736842 0 0
128 0.668421052631579 0 0
129 0.673684210526316 0 0
130 0.678947368421053 0 0
131 0.684210526315789 0 0
132 0.689473684210526 0 0
133 0.694736842105263 0 0
134 0.7 0 0
135 0.705263157894737 0 0
136 0.710526315789474 0 0
137 0.715789473684211 0 0
138 0.721052631578947 0 0
139 0.726315789473684 0 0
140 0.731578947368421 0 0
141 0.736842105263158 0 0
142 0.742105263157895 0 0
143 0.747368421052632 0 0
144 0.752631578947368 0 0
145 0.757894736842105 0 0
146 0.763157894736842 0 0
147 0.768421052631579 0 0
148 0.773684210526316 0 0
149 0.778947368421053 0 0
150 0.784210526315789 0 0
151 0.789473684210526 0 0
152 0.794736842105263 0 0
153 0.8 0 0
154 0.805263157894737 0 0
155 0.810526315789474 0 0
156 0.815789473684211 0 0
157 0.821052631578947 0 0
158 0.826315789473684 0 0
159 0.831578947368421 0 0
160 0.836842105263158 0 0
161 0.842105263157895 0 0
162 0.847368421052632 0 0
163 0.852631578947368 0 0
164 0.857894736842105 0 0
165 0.863157894736842 0 0
166 0.868421052631579 0 0
167 0.873684210526316 0 0
168 0.878947368421053 0 0
169 0.884210526315789 0 0
170 0.889473684210526 0 0
171 0.894736842105263 0 0
172 0.9 0 0
173 0.905263157894737 0 0
174 0.910526315789474 0 0
175 0.91578947368421 0 0
176 0.921052631578947 0 0
177 0.926315789473684 0 0
178 0.931578947368421 0 0
179 0.936842105263158 0 0
180 0.942105263157895 0 0
181 0.947368421052632 0 0
182 0.952631578947368 0 0
183 0.957894736842105 0 0
184 0.963157894736842 0 0
185 0.968421052631579 0 0
186 0.973684210526316 0 0
187 0.978947368421053 0 0
188 0.984210526315789 0 0
189 0.989473684210526 0 0
190 0.994736842105263 0 0
191 1 0 0
