1 0 0 0
2 0.0104166666666667 0 0
3 0.0208333333333333 0 0
4 0.03125 0 0
5 0.0416666666666667 0 0
6 0.0520833333333333 0 0
7 0.0625 0 0
8 0.0729166666666667 0 0
9 0.0833333333333333 0 0
10 0.09375 0 0
11 0.104166666666667 0 0
12 0.114583333333333 0 0
13 0.125 0 0
14 0.135416666666667 0 0
15 0.145833333333333 0 0
16 0.15625 0 0
17 0.166666666666667 0 0
18 0.177083333333333 0 0
19 0.1875 0 0
20 0.197916666666667 0 0
21 0.208333333333333 0 0
22 0.21875 0 0
23 0.229166666666667 0 0
24 0.239583333333333 0 0
25 0.25 0 0
26 0.260416666666667 0 0
27 0.270833333333333 0 0
28 0.28125 0 0
29 0.291666666666667 0 0
30 0.302083333333333 0 0
31 0.3125 0 0
32 0.322916666666667 0 0
33 0.333333333333333 0 0
34 0.34375 0 0
35 0.354166666666667 0 0
36 0.364583333333333 0 0
37 0.375 0 0
38 0.385416666666667 0 0
39 0.395833333333333 0 0
40 0.40625 0 0
41 0.416666666666667 0 0
42 0.427083333333333 0 0
43 0.4375 0 0
44 0.447916666666667 0 0
45 0.458333333333333 0 0
46 0.46875 0 0
47 0.479166666666667 0 0
48 0.489583333333333 0 0
49 0.5 0 0
50 0.510416666666667 0 0
51 0.520833333333333 0 0
52 0.53125 0 0
53 0.541666666666667 0 0
54 0.552083333333333 0 0
55 0.5625 0 0
56 0.572916666666667 0 0
57 0.583333333333333 0 0
58 0.59375 0 0
59 0.604166666666667 0 0
60 0.614583333333333 0 0
61 0.625 0 0
62 0.635416666666667 0 0
63 0.645833333333333 0 0
64 0.65625 0 0
65 0.666666666666667 0 0
66 0.677083333333333 0 0
67 0.6875 0 0
68 0.697916666666667 0 0
69 0.708333333333333 0 0
70 0.71875 0 0
71 0.729166666666667 0 0
72 0.739583333333333 0 0
73 0.75 0 0
74 0.760416666666667 0 0
75 0.770833333333333 0 0
76 0.78125 0 0
77 0.791666666666667 0 0
78 0.802083333333333 0 0
79 0.8125 0 0
80 0.822916666666667 0 0
81 0.833333333333333 0 0
82 0.84375 0 0
83 0.854166666666667 0 0
84 0.864583333333333 0 0
85 0.875 0 0
86 0.885416666666667 0 0
87 0.895833333333333 0 0
88 0.90625 0 0
89 0.916666666666667 0 0
90 0.927083333333333 0 0
91 0.9375 0 0
92 0.947916666666667 0 0
93 0.958333333333333 0 0
94 0.96875 0 0
95 0.979166666666667 0 0
96 0.989583333333333 0 0
97 1 0 0
