1 0 0 0
2 0.0166666666666667 0 0
3 0.0333333333333333 0 0
4 0.05 0 0
5 0.0666666666666667 0 0
6 0.0833333333333333 0 0
7 0.1 0 0
8 0.116666666666667 0 0
9 0.133333333333333 0 0
10 0.15 0 0
11 0.166666666666667 0 0
12 0.183333333333333 0 0
13 0.2 0 0
14 0.216666666666667 0 0
15 0.233333333333333 0 0
16 0.25 0 0
17 0.266666666666667 0 0
18 0.283333333333333 0 0
19 0.3 0 0
20 0.316666666666667 0 0
21 0.333333333333333 0 0
22 0.35 0 0
23 0.366666666666667 0 0
24 0.383333333333333 0 0
25 0.4 0 0
26 0.416666666666667 0 0
27 0.433333333333333 0 0
28 0.45 0 0
29 0.466666666666667 0 0
30 0.483333333333333 0 0
31 0.5 0 0
32 0.516666666666667 0 0
33 0.533333333333333 0 0
34 0.55 0 0
35 0.566666666666667 0 0
36 0.583333333333333 0 0
37 0.6 0 0
38 0.616666666666667 0 0
39 0.633333333333333 0 0
40 0.65 0 0
41 0.666666666666667 0 0
42 0.683333333333333 0 0
43 0.7 0 0
44 0.716666666666667 0 0
45 0.733333333333333 0 0
46 0.75 0 0
47 0.766666666666667 0 0
48 0.783333333333333 0 0
49 0.8 0 0
50 0.816666666666667 0 0
51 0.833333333333333 0 0
52 0.85 0 0
53 0.866666666666667 0 0
54 0.883333333333333 0 0
55 0.9 0 0
56 0.916666666666667 0 0
57 0.933333333333333 0 0
58 0.95 0 0
59 0.966666666666667 0 0
60 0.983333333333333 0 0
61 1 0 0
