1 0 0 0
2 0.000651041666666667 0 0
3 0.00130208333333333 0 0
4 0.001953125 0 0
5 0.00260416666666667 0 0
6 0.00325520833333333 0 0
7 0.00390625 0 0
8 0.00455729166666667 0 0
9 0.00520833333333333 0 0
10 0.005859375 0 0
11 0.00651041666666667 0 0
12 0.00716145833333333 0 0
13 0.0078125 0 0
14 0.00846354166666667 0 0
15 0.00911458333333333 0 0
16 0.009765625 0 0
17 0.0104166666666667 0 0
18 0.0110677083333333 0 0
19 0.01171875 0 0
20 0.0123697916666667 0 0
21 0.0130208333333333 0 0
22 0.013671875 0 0
23 0.0143229166666667 0 0
24 0.0149739583333333 0 0
25 0.015625 0 0
26 0.0162760416666667 0 0
27 0.0169270833333333 0 0
28 0.017578125 0 0
29 0.0182291666666667 0 0
30 0.0188802083333333 0 0
31 0.01953125 0 0
32 0.0201822916666667 0 0
33 0.0208333333333333 0 0
34 0.021484375 0 0
35 0.0221354166666667 0 0
36 0.0227864583333333 0 0
37 0.0234375 0 0
38 0.0240885416666667 0 0
39 0.0247395833333333 0 0
40 0.025390625 0 0
41 0.0260416666666667 0 0
42 0.0266927083333333 0 0
43 0.02734375 0 0
44 0.0279947916666667 0 0
45 0.0286458333333333 0 0
46 0.029296875 0 0
47 0.0299479166666667 0 0
48 0.0305989583333333 0 0
49 0.03125 0 0
50 0.0319010416666667 0 0
51 0.0325520833333333 0 0
52 0.033203125 0 0
53 0.0338541666666667 0 0
54 0.0345052083333333 0 0
55 0.03515625 0 0
56 0.0358072916666667 0 0
57 0.0364583333333333 0 0
58 0.037109375 0 0
59 0.0377604166666667 0 0
60 0.0384114583333333 0 0
61 0.0390625 0 0
62 0.0397135416666667 0 0
63 0.0403645833333333 0 0
64 0.041015625 0 0
65 0.0416666666666667 0 0
66 0.0423177083333333 0 0
67 0.04296875 0 0
68 0.0436197916666667 0 0
69 0.0442708333333333 0 0
70 0.044921875 0 0
71 0.0455729166666667 0 0
72 0.0462239583333333 0 0
73 0.046875 0 0
74 0.0475260416666667 0 0
75 0.0481770833333333 0 0
76 0.048828125 0 0
77 0.0494791666666667 0 0
78 0.0501302083333333 0 0
79 0.05078125 0 0
80 0.0514322916666667 0 0
81 0.0520833333333333 0 0
82 0.052734375 0 0
83 0.0533854166666667 0 0
84 0.0540364583333333 0 0
85 0.0546875 0 0
86 0.0553385416666667 0 0
87 0.0559895833333333 0 0
88 0.056640625 0 0
89 0.0572916666666667 0 0
90 0.0579427083333333 0 0
91 0.05859375 0 0
92 0.0592447916666667 0 0
93 0.0598958333333333 0 0
94 0.060546875 0 0
95 0.0611979166666667 0 0
96 0.0618489583333333 0 0
97 0.0625 0 0
98 0.0631510416666667 0 0
99 0.0638020833333333 0 0
100 0.064453125 0 0
101 0.0651041666666667 0 0
102 0.0657552083333333 0 0
103 0.06640625 0 0
104 0.0670572916666667 0 0
105 0.0677083333333333 0 0
106 0.068359375 0 0
107 0.0690104166666667 0 0
108 0.0696614583333333 0 0
109 0.0703125 0 0
110 0.0709635416666667 0 0
111 0.0716145833333333 0 0
112 0.072265625 0 0
113 0.0729166666666667 0 0
114 0.0735677083333333 0 0
115 0.07421875 0 0
116 0.0748697916666667 0 0
117 0.0755208333333333 0 0
118 0.076171875 0 0
119 0.0768229166666667 0 0
120 0.0774739583333333 0 0
121 0.078125 0 0
122 0.0787760416666667 0 0
123 0.0794270833333333 0 0
124 0.080078125 0 0
125 0.0807291666666667 0 0
126 0.0813802083333333 0 0
127 0.08203125 0 0
128 0.0826822916666667 0 0
129 0.0833333333333333 0 0
130 0.083984375 0 0
131 0.0846354166666667 0 0
132 0.0852864583333333 0 0
133 0.0859375 0 0
134 0.0865885416666667 0 0
135 0.0872395833333333 0 0
136 0.087890625 0 0
137 0.0885416666666667 0 0
138 0.0891927083333333 0 0
139 0.08984375 0 0
140 0.0904947916666667 0 0
141 0.0911458333333333 0 0
142 0.091796875 0 0
143 0.0924479166666667 0 0
144 0.0930989583333333 0 0
145 0.09375 0 0
146 0.0944010416666667 0 0
147 0.0950520833333333 0 0
148 0.095703125 0 0
149 0.0963541666666667 0 0
150 0.0970052083333333 0 0
151 0.09765625 0 0
152 0.0983072916666667 0 0
153 0.0989583333333333 0 0
154 0.099609375 0 0
155 0.100260416666667 0 0
156 0.100911458333333 0 0
157 0.1015625 0 0
158 0.102213541666667 0 0
159 0.102864583333333 0 0
160 0.103515625 0 0
161 0.104166666666667 0 0
162 0.104817708333333 0 0
163 0.10546875 0 0
164 0.106119791666667 0 0
165 0.106770833333333 0 0
166 0.107421875 0 0
167 0.108072916666667 0 0
168 0.108723958333333 0 0
169 0.109375 0 0
170 0.110026041666667 0 0
171 0.110677083333333 0 0
172 0.111328125 0 0
173 0.111979166666667 0 0
174 0.112630208333333 0 0
175 0.11328125 0 0
176 0.113932291666667 0 0
177 0.114583333333333 0 0
178 0.115234375 0 0
179 0.115885416666667 0 0
180 0.116536458333333 0 0
181 0.1171875 0 0
182 0.117838541666667 0 0
183 0.118489583333333 0 0
184 0.119140625 0 0
185 0.119791666666667 0 0
186 0.120442708333333 0 0
187 0.12109375 0 0
188 0.121744791666667 0 0
189 0.122395833333333 0 0
190 0.123046875 0 0
191 0.123697916666667 0 0
192 0.124348958333333 0 0
193 0.125 0 0
194 0.125651041666667 0 0
195 0.126302083333333 0 0
196 0.126953125 0 0
197 0.127604166666667 0 0
198 0.128255208333333 0 0
199 0.12890625 0 0
200 0.129557291666667 0 0
201 0.130208333333333 0 0
202 0.130859375 0 0
203 0.131510416666667 0 0
204 0.132161458333333 0 0
205 0.1328125 0 0
206 0.133463541666667 0 0
207 0.134114583333333 0 0
208 0.134765625 0 0
209 0.135416666666667 0 0
210 0.136067708333333 0 0
211 0.13671875 0 0
212 0.137369791666667 0 0
213 0.138020833333333 0 0
214 0.138671875 0 0
215 0.139322916666667 0 0
216 0.139973958333333 0 0
217 0.140625 0 0
218 0.141276041666667 0 0
219 0.141927083333333 0 0
220 0.142578125 0 0
221 0.143229166666667 0 0
222 0.143880208333333 0 0
223 0.14453125 0 0
224 0.145182291666667 0 0
225 0.145833333333333 0 0
226 0.146484375 0 0
227 0.147135416666667 0 0
228 0.147786458333333 0 0
229 0.1484375 0 0
230 0.149088541666667 0 0
231 0.149739583333333 0 0
232 0.150390625 0 0
233 0.151041666666667 0 0
234 0.151692708333333 0 0
235 0.15234375 0 0
236 0.152994791666667 0 0
237 0.153645833333333 0 0
238 0.154296875 0 0
239 0.154947916666667 0 0
240 0.155598958333333 0 0
241 0.15625 0 0
242 0.156901041666667 0 0
243 0.157552083333333 0 0
244 0.158203125 0 0
245 0.158854166666667 0 0
246 0.159505208333333 0 0
247 0.16015625 0 0
248 0.160807291666667 0 0
249 0.161458333333333 0 0
250 0.162109375 0 0
251 0.162760416666667 0 0
252 0.163411458333333 0 0
253 0.1640625 0 0
254 0.164713541666667 0 0
255 0.165364583333333 0 0
256 0.166015625 0 0
257 0.166666666666667 0 0
258 0.167317708333333 0 0
259 0.16796875 0 0
260 0.168619791666667 0 0
261 0.169270833333333 0 0
262 0.169921875 0 0
263 0.170572916666667 0 0
264 0.171223958333333 0 0
265 0.171875 0 0
266 0.172526041666667 0 0
267 0.173177083333333 0 0
268 0.173828125 0 0
269 0.174479166666667 0 0
270 0.175130208333333 0 0
271 0.17578125 0 0
272 0.176432291666667 0 0
273 0.177083333333333 0 0
274 0.177734375 0 0
275 0.178385416666667 0 0
276 0.179036458333333 0 0
277 0.1796875 0 0
278 0.180338541666667 0 0
279 0.180989583333333 0 0
280 0.181640625 0 0
281 0.182291666666667 0 0
282 0.182942708333333 0 0
283 0.18359375 0 0
284 0.184244791666667 0 0
285 0.184895833333333 0 0
286 0.185546875 0 0
287 0.186197916666667 0 0
288 0.186848958333333 0 0
289 0.1875 0 0
290 0.188151041666667 0 0
291 0.188802083333333 0 0
292 0.189453125 0 0
293 0.190104166666667 0 0
294 0.190755208333333 0 0
295 0.19140625 0 0
296 0.192057291666667 0 0
297 0.192708333333333 0 0
298 0.193359375 0 0
299 0.194010416666667 0 0
300 0.194661458333333 0 0
301 0.1953125 0 0
302 0.195963541666667 0 0
303 0.196614583333333 0 0
304 0.197265625 0 0
305 0.197916666666667 0 0
306 0.198567708333333 0 0
307 0.19921875 0 0
308 0.199869791666667 0 0
309 0.200520833333333 0 0
310 0.201171875 0 0
311 0.201822916666667 0 0
312 0.202473958333333 0 0
313 0.203125 0 0
314 0.203776041666667 0 0
315 0.204427083333333 0 0
316 0.205078125 0 0
317 0.205729166666667 0 0
318 0.206380208333333 0 0
319 0.20703125 0 0
320 0.207682291666667 0 0
321 0.208333333333333 0 0
322 0.208984375 0 0
323 0.209635416666667 0 0
324 0.210286458333333 0 0
325 0.2109375 0 0
326 0.211588541666667 0 0
327 0.212239583333333 0 0
328 0.212890625 0 0
329 0.213541666666667 0 0
330 0.214192708333333 0 0
331 0.21484375 0 0
332 0.215494791666667 0 0
333 0.216145833333333 0 0
334 0.216796875 0 0
335 0.217447916666667 0 0
336 0.218098958333333 0 0
337 0.21875 0 0
338 0.219401041666667 0 0
339 0.220052083333333 0 0
340 0.220703125 0 0
341 0.221354166666667 0 0
342 0.222005208333333 0 0
343 0.22265625 0 0
344 0.223307291666667 0 0
345 0.223958333333333 0 0
346 0.224609375 0 0
347 0.225260416666667 0 0
348 0.225911458333333 0 0
349 0.2265625 0 0
350 0.227213541666667 0 0
351 0.227864583333333 0 0
352 0.228515625 0 0
353 0.229166666666667 0 0
354 0.229817708333333 0 0
355 0.23046875 0 0
356 0.231119791666667 0 0
357 0.231770833333333 0 0
358 0.232421875 0 0
359 0.233072916666667 0 0
360 0.233723958333333 0 0
361 0.234375 0 0
362 0.235026041666667 0 0
363 0.235677083333333 0 0
364 0.236328125 0 0
365 0.236979166666667 0 0
366 0.237630208333333 0 0
367 0.23828125 0 0
368 0.238932291666667 0 0
369 0.239583333333333 0 0
370 0.240234375 0 0
371 0.240885416666667 0 0
372 0.241536458333333 0 0
373 0.2421875 0 0
374 0.242838541666667 0 0
375 0.243489583333333 0 0
376 0.244140625 0 0
377 0.244791666666667 0 0
378 0.245442708333333 0 0
379 0.24609375 0 0
380 0.246744791666667 0 0
381 0.247395833333333 0 0
382 0.248046875 0 0
383 0.248697916666667 0 0
384 0.249348958333333 0 0
385 0.25 0 0
386 0.250651041666667 0 0
387 0.251302083333333 0 0
388 0.251953125 0 0
389 0.252604166666667 0 0
390 0.253255208333333 0 0
391 0.25390625 0 0
392 0.254557291666667 0 0
393 0.255208333333333 0 0
394 0.255859375 0 0
395 0.256510416666667 0 0
396 0.257161458333333 0 0
397 0.2578125 0 0
398 0.258463541666667 0 0
399 0.259114583333333 0 0
400 0.259765625 0 0
401 0.260416666666667 0 0
402 0.261067708333333 0 0
403 0.26171875 0 0
404 0.262369791666667 0 0
405 0.263020833333333 0 0
406 0.263671875 0 0
407 0.264322916666667 0 0
408 0.264973958333333 0 0
409 0.265625 0 0
410 0.266276041666667 0 0
411 0.266927083333333 0 0
412 0.267578125 0 0
413 0.268229166666667 0 0
414 0.268880208333333 0 0
415 0.26953125 0 0
416 0.270182291666667 0 0
417 0.270833333333333 0 0
418 0.271484375 0 0
419 0.272135416666667 0 0
420 0.272786458333333 0 0
421 0.2734375 0 0
422 0.274088541666667 0 0
423 0.274739583333333 0 0
424 0.275390625 0 0
425 0.276041666666667 0 0
426 0.276692708333333 0 0
427 0.27734375 0 0
428 0.277994791666667 0 0
429 0.278645833333333 0 0
430 0.279296875 0 0
431 0.279947916666667 0 0
432 0.280598958333333 0 0
433 0.28125 0 0
434 0.281901041666667 0 0
435 0.282552083333333 0 0
436 0.283203125 0 0
437 0.283854166666667 0 0
438 0.284505208333333 0 0
439 0.28515625 0 0
440 0.285807291666667 0 0
441 0.286458333333333 0 0
442 0.287109375 0 0
443 0.287760416666667 0 0
444 0.288411458333333 0 0
445 0.2890625 0 0
446 0.289713541666667 0 0
447 0.290364583333333 0 0
448 0.291015625 0 0
449 0.291666666666667 0 0
450 0.292317708333333 0 0
451 0.29296875 0 0
452 0.293619791666667 0 0
453 0.294270833333333 0 0
454 0.294921875 0 0
455 0.295572916666667 0 0
456 0.296223958333333 0 0
457 0.296875 0 0
458 0.297526041666667 0 0
459 0.298177083333333 0 0
460 0.298828125 0 0
461 0.299479166666667 0 0
462 0.300130208333333 0 0
463 0.30078125 0 0
464 0.301432291666667 0 0
465 0.302083333333333 0 0
466 0.302734375 0 0
467 0.303385416666667 0 0
468 0.304036458333333 0 0
469 0.3046875 0 0
470 0.305338541666667 0 0
471 0.305989583333333 0 0
472 0.306640625 0 0
473 0.307291666666667 0 0
474 0.307942708333333 0 0
475 0.30859375 0 0
476 0.309244791666667 0 0
477 0.309895833333333 0 0
478 0.310546875 0 0
479 0.311197916666667 0 0
480 0.311848958333333 0 0
481 0.3125 0 0
482 0.313151041666667 0 0
483 0.313802083333333 0 0
484 0.314453125 0 0
485 0.315104166666667 0 0
486 0.315755208333333 0 0
487 0.31640625 0 0
488 0.317057291666667 0 0
489 0.317708333333333 0 0
490 0.318359375 0 0
491 0.319010416666667 0 0
492 0.319661458333333 0 0
493 0.3203125 0 0
494 0.320963541666667 0 0
495 0.321614583333333 0 0
496 0.322265625 0 0
497 0.322916666666667 0 0
498 0.323567708333333 0 0
499 0.32421875 0 0
500 0.324869791666667 0 0
501 0.325520833333333 0 0
502 0.326171875 0 0
503 0.326822916666667 0 0
504 0.327473958333333 0 0
505 0.328125 0 0
506 0.328776041666667 0 0
507 0.329427083333333 0 0
508 0.330078125 0 0
509 0.330729166666667 0 0
510 0.331380208333333 0 0
511 0.33203125 0 0
512 0.332682291666667 0 0
513 0.333333333333333 0 0
514 0.333984375 0 0
515 0.334635416666667 0 0
516 0.335286458333333 0 0
517 0.3359375 0 0
518 0.336588541666667 0 0
519 0.337239583333333 0 0
520 0.337890625 0 0
521 0.338541666666667 0 0
522 0.339192708333333 0 0
523 0.33984375 0 0
524 0.340494791666667 0 0
525 0.341145833333333 0 0
526 0.341796875 0 0
527 0.342447916666667 0 0
528 0.343098958333333 0 0
529 0.34375 0 0
530 0.344401041666667 0 0
531 0.345052083333333 0 0
532 0.345703125 0 0
533 0.346354166666667 0 0
534 0.347005208333333 0 0
535 0.34765625 0 0
536 0.348307291666667 0 0
537 0.348958333333333 0 0
538 0.349609375 0 0
539 0.350260416666667 0 0
540 0.350911458333333 0 0
541 0.3515625 0 0
542 0.352213541666667 0 0
543 0.352864583333333 0 0
544 0.353515625 0 0
545 0.354166666666667 0 0
546 0.354817708333333 0 0
547 0.35546875 0 0
548 0.356119791666667 0 0
549 0.356770833333333 0 0
550 0.357421875 0 0
551 0.358072916666667 0 0
552 0.358723958333333 0 0
553 0.359375 0 0
554 0.360026041666667 0 0
555 0.360677083333333 0 0
556 0.361328125 0 0
557 0.361979166666667 0 0
558 0.362630208333333 0 0
559 0.36328125 0 0
560 0.363932291666667 0 0
561 0.364583333333333 0 0
562 0.365234375 0 0
563 0.365885416666667 0 0
564 0.366536458333333 0 0
565 0.3671875 0 0
566 0.367838541666667 0 0
567 0.368489583333333 0 0
568 0.369140625 0 0
569 0.369791666666667 0 0
570 0.370442708333333 0 0
571 0.37109375 0 0
572 0.371744791666667 0 0
573 0.372395833333333 0 0
574 0.373046875 0 0
575 0.373697916666667 0 0
576 0.374348958333333 0 0
577 0.375 0 0
578 0.375651041666667 0 0
579 0.376302083333333 0 0
580 0.376953125 0 0
581 0.377604166666667 0 0
582 0.378255208333333 0 0
583 0.37890625 0 0
584 0.379557291666667 0 0
585 0.380208333333333 0 0
586 0.380859375 0 0
587 0.381510416666667 0 0
588 0.382161458333333 0 0
589 0.3828125 0 0
590 0.383463541666667 0 0
591 0.384114583333333 0 0
592 0.384765625 0 0
593 0.385416666666667 0 0
594 0.386067708333333 0 0
595 0.38671875 0 0
596 0.387369791666667 0 0
597 0.388020833333333 0 0
598 0.388671875 0 0
599 0.389322916666667 0 0
600 0.389973958333333 0 0
601 0.390625 0 0
602 0.391276041666667 0 0
603 0.391927083333333 0 0
604 0.392578125 0 0
605 0.393229166666667 0 0
606 0.393880208333333 0 0
607 0.39453125 0 0
608 0.395182291666667 0 0
609 0.395833333333333 0 0
610 0.396484375 0 0
611 0.397135416666667 0 0
612 0.397786458333333 0 0
613 0.3984375 0 0
614 0.399088541666667 0 0
615 0.399739583333333 0 0
616 0.400390625 0 0
617 0.401041666666667 0 0
618 0.401692708333333 0 0
619 0.40234375 0 0
620 0.402994791666667 0 0
621 0.403645833333333 0 0
622 0.404296875 0 0
623 0.404947916666667 0 0
624 0.405598958333333 0 0
625 0.40625 0 0
626 0.406901041666667 0 0
627 0.407552083333333 0 0
628 0.408203125 0 0
629 0.408854166666667 0 0
630 0.409505208333333 0 0
631 0.41015625 0 0
632 0.410807291666667 0 0
633 0.411458333333333 0 0
634 0.412109375 0 0
635 0.412760416666667 0 0
636 0.413411458333333 0 0
637 0.4140625 0 0
638 0.414713541666667 0 0
639 0.415364583333333 0 0
640 0.416015625 0 0
641 0.416666666666667 0 0
642 0.417317708333333 0 0
643 0.41796875 0 0
644 0.418619791666667 0 0
645 0.419270833333333 0 0
646 0.419921875 0 0
647 0.420572916666667 0 0
648 0.421223958333333 0 0
649 0.421875 0 0
650 0.422526041666667 0 0
651 0.423177083333333 0 0
652 0.423828125 0 0
653 0.424479166666667 0 0
654 0.425130208333333 0 0
655 0.42578125 0 0
656 0.426432291666667 0 0
657 0.427083333333333 0 0
658 0.427734375 0 0
659 0.428385416666667 0 0
660 0.429036458333333 0 0
661 0.4296875 0 0
662 0.430338541666667 0 0
663 0.430989583333333 0 0
664 0.431640625 0 0
665 0.432291666666667 0 0
666 0.432942708333333 0 0
667 0.43359375 0 0
668 0.434244791666667 0 0
669 0.434895833333333 0 0
670 0.435546875 0 0
671 0.436197916666667 0 0
672 0.436848958333333 0 0
673 0.4375 0 0
674 0.438151041666667 0 0
675 0.438802083333333 0 0
676 0.439453125 0 0
677 0.440104166666667 0 0
678 0.440755208333333 0 0
679 0.44140625 0 0
680 0.442057291666667 0 0
681 0.442708333333333 0 0
682 0.443359375 0 0
683 0.444010416666667 0 0
684 0.444661458333333 0 0
685 0.4453125 0 0
686 0.445963541666667 0 0
687 0.446614583333333 0 0
688 0.447265625 0 0
689 0.447916666666667 0 0
690 0.448567708333333 0 0
691 0.44921875 0 0
692 0.449869791666667 0 0
693 0.450520833333333 0 0
694 0.451171875 0 0
695 0.451822916666667 0 0
696 0.452473958333333 0 0
697 0.453125 0 0
698 0.453776041666667 0 0
699 0.454427083333333 0 0
700 0.455078125 0 0
701 0.455729166666667 0 0
702 0.456380208333333 0 0
703 0.45703125 0 0
704 0.457682291666667 0 0
705 0.458333333333333 0 0
706 0.458984375 0 0
707 0.459635416666667 0 0
708 0.460286458333333 0 0
709 0.4609375 0 0
710 0.461588541666667 0 0
711 0.462239583333333 0 0
712 0.462890625 0 0
713 0.463541666666667 0 0
714 0.464192708333333 0 0
715 0.46484375 0 0
716 0.465494791666667 0 0
717 0.466145833333333 0 0
718 0.466796875 0 0
719 0.467447916666667 0 0
720 0.468098958333333 0 0
721 0.46875 0 0
722 0.469401041666667 0 0
723 0.470052083333333 0 0
724 0.470703125 0 0
725 0.471354166666667 0 0
726 0.472005208333333 0 0
727 0.47265625 0 0
728 0.473307291666667 0 0
729 0.473958333333333 0 0
730 0.474609375 0 0
731 0.475260416666667 0 0
732 0.475911458333333 0 0
733 0.4765625 0 0
734 0.477213541666667 0 0
735 0.477864583333333 0 0
736 0.478515625 0 0
737 0.479166666666667 0 0
738 0.479817708333333 0 0
739 0.48046875 0 0
740 0.481119791666667 0 0
741 0.481770833333333 0 0
742 0.482421875 0 0
743 0.483072916666667 0 0
744 0.483723958333333 0 0
745 0.484375 0 0
746 0.485026041666667 0 0
747 0.485677083333333 0 0
748 0.486328125 0 0
749 0.486979166666667 0 0
750 0.487630208333333 0 0
751 0.48828125 0 0
752 0.488932291666667 0 0
753 0.489583333333333 0 0
754 0.490234375 0 0
755 0.490885416666667 0 0
756 0.491536458333333 0 0
757 0.4921875 0 0
758 0.492838541666667 0 0
759 0.493489583333333 0 0
760 0.494140625 0 0
761 0.494791666666667 0 0
762 0.495442708333333 0 0
763 0.49609375 0 0
764 0.496744791666667 0 0
765 0.497395833333333 0 0
766 0.498046875 0 0
767 0.498697916666667 0 0
768 0.499348958333333 0 0
769 0.5 0 0
770 0.500651041666667 0 0
771 0.501302083333333 0 0
772 0.501953125 0 0
773 0.502604166666667 0 0
774 0.503255208333333 0 0
775 0.50390625 0 0
776 0.504557291666667 0 0
777 0.505208333333333 0 0
778 0.505859375 0 0
779 0.506510416666667 0 0
780 0.507161458333333 0 0
781 0.5078125 0 0
782 0.508463541666667 0 0
783 0.509114583333333 0 0
784 0.509765625 0 0
785 0.510416666666667 0 0
786 0.511067708333333 0 0
787 0.51171875 0 0
788 0.512369791666667 0 0
789 0.513020833333333 0 0
790 0.513671875 0 0
791 0.514322916666667 0 0
792 0.514973958333333 0 0
793 0.515625 0 0
794 0.516276041666667 0 0
795 0.516927083333333 0 0
796 0.517578125 0 0
797 0.518229166666667 0 0
798 0.518880208333333 0 0
799 0.51953125 0 0
800 0.520182291666667 0 0
801 0.520833333333333 0 0
802 0.521484375 0 0
803 0.522135416666667 0 0
804 0.522786458333333 0 0
805 0.5234375 0 0
806 0.524088541666667 0 0
807 0.524739583333333 0 0
808 0.525390625 0 0
809 0.526041666666667 0 0
810 0.526692708333333 0 0
811 0.52734375 0 0
812 0.527994791666667 0 0
813 0.528645833333333 0 0
814 0.529296875 0 0
815 0.529947916666667 0 0
816 0.530598958333333 0 0
817 0.53125 0 0
818 0.531901041666667 0 0
819 0.532552083333333 0 0
820 0.533203125 0 0
821 0.533854166666667 0 0
822 0.534505208333333 0 0
823 0.53515625 0 0
824 0.535807291666667 0 0
825 0.536458333333333 0 0
826 0.537109375 0 0
827 0.537760416666667 0 0
828 0.538411458333333 0 0
829 0.5390625 0 0
830 0.539713541666667 0 0
831 0.540364583333333 0 0
832 0.541015625 0 0
833 0.541666666666667 0 0
834 0.542317708333333 0 0
835 0.54296875 0 0
836 0.543619791666667 0 0
837 0.544270833333333 0 0
838 0.544921875 0 0
839 0.545572916666667 0 0
840 0.546223958333333 0 0
841 0.546875 0 0
842 0.547526041666667 0 0
843 0.548177083333333 0 0
844 0.548828125 0 0
845 0.549479166666667 0 0
846 0.550130208333333 0 0
847 0.55078125 0 0
848 0.551432291666667 0 0
849 0.552083333333333 0 0
850 0.552734375 0 0
851 0.553385416666667 0 0
852 0.554036458333333 0 0
853 0.5546875 0 0
854 0.555338541666667 0 0
855 0.555989583333333 0 0
856 0.556640625 0 0
857 0.557291666666667 0 0
858 0.557942708333333 0 0
859 0.55859375 0 0
860 0.559244791666667 0 0
861 0.559895833333333 0 0
862 0.560546875 0 0
863 0.561197916666667 0 0
864 0.561848958333333 0 0
865 0.5625 0 0
866 0.563151041666667 0 0
867 0.563802083333333 0 0
868 0.564453125 0 0
869 0.565104166666667 0 0
870 0.565755208333333 0 0
871 0.56640625 0 0
872 0.567057291666667 0 0
873 0.567708333333333 0 0
874 0.568359375 0 0
875 0.569010416666667 0 0
876 0.569661458333333 0 0
877 0.5703125 0 0
878 0.570963541666667 0 0
879 0.571614583333333 0 0
880 0.572265625 0 0
881 0.572916666666667 0 0
882 0.573567708333333 0 0
883 0.57421875 0 0
884 0.574869791666667 0 0
885 0.575520833333333 0 0
886 0.576171875 0 0
887 0.576822916666667 0 0
888 0.577473958333333 0 0
889 0.578125 0 0
890 0.578776041666667 0 0
891 0.579427083333333 0 0
892 0.580078125 0 0
893 0.580729166666667 0 0
894 0.581380208333333 0 0
895 0.58203125 0 0
896 0.582682291666667 0 0
897 0.583333333333333 0 0
898 0.583984375 0 0
899 0.584635416666667 0 0
900 0.585286458333333 0 0
901 0.5859375 0 0
902 0.586588541666667 0 0
903 0.587239583333333 0 0
904 0.587890625 0 0
905 0.588541666666667 0 0
906 0.589192708333333 0 0
907 0.58984375 0 0
908 0.590494791666667 0 0
909 0.591145833333333 0 0
910 0.591796875 0 0
911 0.592447916666667 0 0
912 0.593098958333333 0 0
913 0.59375 0 0
914 0.594401041666667 0 0
915 0.595052083333333 0 0
916 0.595703125 0 0
917 0.596354166666667 0 0
918 0.597005208333333 0 0
919 0.59765625 0 0
920 0.598307291666667 0 0
921 0.598958333333333 0 0
922 0.599609375 0 0
923 0.600260416666667 0 0
924 0.600911458333333 0 0
925 0.6015625 0 0
926 0.602213541666667 0 0
927 0.602864583333333 0 0
928 0.603515625 0 0
929 0.604166666666667 0 0
930 0.604817708333333 0 0
931 0.60546875 0 0
932 0.606119791666667 0 0
933 0.606770833333333 0 0
934 0.607421875 0 0
935 0.608072916666667 0 0
936 0.608723958333333 0 0
937 0.609375 0 0
938 0.610026041666667 0 0
939 0.610677083333333 0 0
940 0.611328125 0 0
941 0.611979166666667 0 0
942 0.612630208333333 0 0
943 0.61328125 0 0
944 0.613932291666667 0 0
945 0.614583333333333 0 0
946 0.615234375 0 0
947 0.615885416666667 0 0
948 0.616536458333333 0 0
949 0.6171875 0 0
950 0.617838541666667 0 0
951 0.618489583333333 0 0
952 0.619140625 0 0
953 0.619791666666667 0 0
954 0.620442708333333 0 0
955 0.62109375 0 0
956 0.621744791666667 0 0
957 0.622395833333333 0 0
958 0.623046875 0 0
959 0.623697916666667 0 0
960 0.624348958333333 0 0
961 0.625 0 0
962 0.625651041666667 0 0
963 0.626302083333333 0 0
964 0.626953125 0 0
965 0.627604166666667 0 0
966 0.628255208333333 0 0
967 0.62890625 0 0
968 0.629557291666667 0 0
969 0.630208333333333 0 0
970 0.630859375 0 0
971 0.631510416666667 0 0
972 0.632161458333333 0 0
973 0.6328125 0 0
974 0.633463541666667 0 0
975 0.634114583333333 0 0
976 0.634765625 0 0
977 0.635416666666667 0 0
978 0.636067708333333 0 0
979 0.63671875 0 0
980 0.637369791666667 0 0
981 0.638020833333333 0 0
982 0.638671875 0 0
983 0.639322916666667 0 0
984 0.639973958333333 0 0
985 0.640625 0 0
986 0.641276041666667 0 0
987 0.641927083333333 0 0
988 0.642578125 0 0
989 0.643229166666667 0 0
990 0.643880208333333 0 0
991 0.64453125 0 0
992 0.645182291666667 0 0
993 0.645833333333333 0 0
994 0.646484375 0 0
995 0.647135416666667 0 0
996 0.647786458333333 0 0
997 0.6484375 0 0
998 0.649088541666667 0 0
999 0.649739583333333 0 0
1000 0.650390625 0 0
1001 0.651041666666667 0 0
1002 0.651692708333333 0 0
1003 0.65234375 0 0
1004 0.652994791666667 0 0
1005 0.653645833333333 0 0
1006 0.654296875 0 0
1007 0.654947916666667 0 0
1008 0.655598958333333 0 0
1009 0.65625 0 0
1010 0.656901041666667 0 0
1011 0.657552083333333 0 0
1012 0.658203125 0 0
1013 0.658854166666667 0 0
1014 0.659505208333333 0 0
1015 0.66015625 0 0
1016 0.660807291666667 0 0
1017 0.661458333333333 0 0
1018 0.662109375 0 0
1019 0.662760416666667 0 0
1020 0.663411458333333 0 0
1021 0.6640625 0 0
1022 0.664713541666667 0 0
1023 0.665364583333333 0 0
1024 0.666015625 0 0
1025 0.666666666666667 0 0
1026 0.667317708333333 0 0
1027 0.66796875 0 0
1028 0.668619791666667 0 0
1029 0.669270833333333 0 0
1030 0.669921875 0 0
1031 0.670572916666667 0 0
1032 0.671223958333333 0 0
1033 0.671875 0 0
1034 0.672526041666667 0 0
1035 0.673177083333333 0 0
1036 0.673828125 0 0
1037 0.674479166666667 0 0
1038 0.675130208333333 0 0
1039 0.67578125 0 0
1040 0.676432291666667 0 0
1041 0.677083333333333 0 0
1042 0.677734375 0 0
1043 0.678385416666667 0 0
1044 0.679036458333333 0 0
1045 0.6796875 0 0
1046 0.680338541666667 0 0
1047 0.680989583333333 0 0
1048 0.681640625 0 0
1049 0.682291666666667 0 0
1050 0.682942708333333 0 0
1051 0.68359375 0 0
1052 0.684244791666667 0 0
1053 0.684895833333333 0 0
1054 0.685546875 0 0
1055 0.686197916666667 0 0
1056 0.686848958333333 0 0
1057 0.6875 0 0
1058 0.688151041666667 0 0
1059 0.688802083333333 0 0
1060 0.689453125 0 0
1061 0.690104166666667 0 0
1062 0.690755208333333 0 0
1063 0.69140625 0 0
1064 0.692057291666667 0 0
1065 0.692708333333333 0 0
1066 0.693359375 0 0
1067 0.694010416666667 0 0
1068 0.694661458333333 0 0
1069 0.6953125 0 0
1070 0.695963541666667 0 0
1071 0.696614583333333 0 0
1072 0.697265625 0 0
1073 0.697916666666667 0 0
1074 0.698567708333333 0 0
1075 0.69921875 0 0
1076 0.699869791666667 0 0
1077 0.700520833333333 0 0
1078 0.701171875 0 0
1079 0.701822916666667 0 0
1080 0.702473958333333 0 0
1081 0.703125 0 0
1082 0.703776041666667 0 0
1083 0.704427083333333 0 0
1084 0.705078125 0 0
1085 0.705729166666667 0 0
1086 0.706380208333333 0 0
1087 0.70703125 0 0
1088 0.707682291666667 0 0
1089 0.708333333333333 0 0
1090 0.708984375 0 0
1091 0.709635416666667 0 0
1092 0.710286458333333 0 0
1093 0.7109375 0 0
1094 0.711588541666667 0 0
1095 0.712239583333333 0 0
1096 0.712890625 0 0
1097 0.713541666666667 0 0
1098 0.714192708333333 0 0
1099 0.71484375 0 0
1100 0.715494791666667 0 0
1101 0.716145833333333 0 0
1102 0.716796875 0 0
1103 0.717447916666667 0 0
1104 0.718098958333333 0 0
1105 0.71875 0 0
1106 0.719401041666667 0 0
1107 0.720052083333333 0 0
1108 0.720703125 0 0
1109 0.721354166666667 0 0
1110 0.722005208333333 0 0
1111 0.72265625 0 0
1112 0.723307291666667 0 0
1113 0.723958333333333 0 0
1114 0.724609375 0 0
1115 0.725260416666667 0 0
1116 0.725911458333333 0 0
1117 0.7265625 0 0
1118 0.727213541666667 0 0
1119 0.727864583333333 0 0
1120 0.728515625 0 0
1121 0.729166666666667 0 0
1122 0.729817708333333 0 0
1123 0.73046875 0 0
1124 0.731119791666667 0 0
1125 0.731770833333333 0 0
1126 0.732421875 0 0
1127 0.733072916666667 0 0
1128 0.733723958333333 0 0
1129 0.734375 0 0
1130 0.735026041666667 0 0
1131 0.735677083333333 0 0
1132 0.736328125 0 0
1133 0.736979166666667 0 0
1134 0.737630208333333 0 0
1135 0.73828125 0 0
1136 0.738932291666667 0 0
1137 0.739583333333333 0 0
1138 0.740234375 0 0
1139 0.740885416666667 0 0
1140 0.741536458333333 0 0
1141 0.7421875 0 0
1142 0.742838541666667 0 0
1143 0.743489583333333 0 0
1144 0.744140625 0 0
1145 0.744791666666667 0 0
1146 0.745442708333333 0 0
1147 0.74609375 0 0
1148 0.746744791666667 0 0
1149 0.747395833333333 0 0
1150 0.748046875 0 0
1151 0.748697916666667 0 0
1152 0.749348958333333 0 0
1153 0.75 0 0
1154 0.750651041666667 0 0
1155 0.751302083333333 0 0
1156 0.751953125 0 0
1157 0.752604166666667 0 0
1158 0.753255208333333 0 0
1159 0.75390625 0 0
1160 0.754557291666667 0 0
1161 0.755208333333333 0 0
1162 0.755859375 0 0
1163 0.756510416666667 0 0
1164 0.757161458333333 0 0
1165 0.7578125 0 0
1166 0.758463541666667 0 0
1167 0.759114583333333 0 0
1168 0.759765625 0 0
1169 0.760416666666667 0 0
1170 0.761067708333333 0 0
1171 0.76171875 0 0
1172 0.762369791666667 0 0
1173 0.763020833333333 0 0
1174 0.763671875 0 0
1175 0.764322916666667 0 0
1176 0.764973958333333 0 0
1177 0.765625 0 0
1178 0.766276041666667 0 0
1179 0.766927083333333 0 0
1180 0.767578125 0 0
1181 0.768229166666667 0 0
1182 0.768880208333333 0 0
1183 0.76953125 0 0
1184 0.770182291666667 0 0
1185 0.770833333333333 0 0
1186 0.771484375 0 0
1187 0.772135416666667 0 0
1188 0.772786458333333 0 0
1189 0.7734375 0 0
1190 0.774088541666667 0 0
1191 0.774739583333333 0 0
1192 0.775390625 0 0
1193 0.776041666666667 0 0
1194 0.776692708333333 0 0
1195 0.77734375 0 0
1196 0.777994791666667 0 0
1197 0.778645833333333 0 0
1198 0.779296875 0 0
1199 0.779947916666667 0 0
1200 0.780598958333333 0 0
1201 0.78125 0 0
1202 0.781901041666667 0 0
1203 0.782552083333333 0 0
1204 0.783203125 0 0
1205 0.783854166666667 0 0
1206 0.784505208333333 0 0
1207 0.78515625 0 0
1208 0.785807291666667 0 0
1209 0.786458333333333 0 0
1210 0.787109375 0 0
1211 0.787760416666667 0 0
1212 0.788411458333333 0 0
1213 0.7890625 0 0
1214 0.789713541666667 0 0
1215 0.790364583333333 0 0
1216 0.791015625 0 0
1217 0.791666666666667 0 0
1218 0.792317708333333 0 0
1219 0.79296875 0 0
1220 0.793619791666667 0 0
1221 0.794270833333333 0 0
1222 0.794921875 0 0
1223 0.795572916666667 0 0
1224 0.796223958333333 0 0
1225 0.796875 0 0
1226 0.797526041666667 0 0
1227 0.798177083333333 0 0
1228 0.798828125 0 0
1229 0.799479166666667 0 0
1230 0.800130208333333 0 0
1231 0.80078125 0 0
1232 0.801432291666667 0 0
1233 0.802083333333333 0 0
1234 0.802734375 0 0
1235 0.803385416666667 0 0
1236 0.804036458333333 0 0
1237 0.8046875 0 0
1238 0.805338541666667 0 0
1239 0.805989583333333 0 0
1240 0.806640625 0 0
1241 0.807291666666667 0 0
1242 0.807942708333333 0 0
1243 0.80859375 0 0
1244 0.809244791666667 0 0
1245 0.809895833333333 0 0
1246 0.810546875 0 0
1247 0.811197916666667 0 0
1248 0.811848958333333 0 0
1249 0.8125 0 0
1250 0.813151041666667 0 0
1251 0.813802083333333 0 0
1252 0.814453125 0 0
1253 0.815104166666667 0 0
1254 0.815755208333333 0 0
1255 0.81640625 0 0
1256 0.817057291666667 0 0
1257 0.817708333333333 0 0
1258 0.818359375 0 0
1259 0.819010416666667 0 0
1260 0.819661458333333 0 0
1261 0.8203125 0 0
1262 0.820963541666667 0 0
1263 0.821614583333333 0 0
1264 0.822265625 0 0
1265 0.822916666666667 0 0
1266 0.823567708333333 0 0
1267 0.82421875 0 0
1268 0.824869791666667 0 0
1269 0.825520833333333 0 0
1270 0.826171875 0 0
1271 0.826822916666667 0 0
1272 0.827473958333333 0 0
1273 0.828125 0 0
1274 0.828776041666667 0 0
1275 0.829427083333333 0 0
1276 0.830078125 0 0
1277 0.830729166666667 0 0
1278 0.831380208333333 0 0
1279 0.83203125 0 0
1280 0.832682291666667 0 0
1281 0.833333333333333 0 0
1282 0.833984375 0 0
1283 0.834635416666667 0 0
1284 0.835286458333333 0 0
1285 0.8359375 0 0
1286 0.836588541666667 0 0
1287 0.837239583333333 0 0
1288 0.837890625 0 0
1289 0.838541666666667 0 0
1290 0.839192708333333 0 0
1291 0.83984375 0 0
1292 0.840494791666667 0 0
1293 0.841145833333333 0 0
1294 0.841796875 0 0
1295 0.842447916666667 0 0
1296 0.843098958333333 0 0
1297 0.84375 0 0
1298 0.844401041666667 0 0
1299 0.845052083333333 0 0
1300 0.845703125 0 0
1301 0.846354166666667 0 0
1302 0.847005208333333 0 0
1303 0.84765625 0 0
1304 0.848307291666667 0 0
1305 0.848958333333333 0 0
1306 0.849609375 0 0
1307 0.850260416666667 0 0
1308 0.850911458333333 0 0
1309 0.8515625 0 0
1310 0.852213541666667 0 0
1311 0.852864583333333 0 0
1312 0.853515625 0 0
1313 0.854166666666667 0 0
1314 0.854817708333333 0 0
1315 0.85546875 0 0
1316 0.856119791666667 0 0
1317 0.856770833333333 0 0
1318 0.857421875 0 0
1319 0.858072916666667 0 0
1320 0.858723958333333 0 0
1321 0.859375 0 0
1322 0.860026041666667 0 0
1323 0.860677083333333 0 0
1324 0.861328125 0 0
1325 0.861979166666667 0 0
1326 0.862630208333333 0 0
1327 0.86328125 0 0
1328 0.863932291666667 0 0
1329 0.864583333333333 0 0
1330 0.865234375 0 0
1331 0.865885416666667 0 0
1332 0.866536458333333 0 0
1333 0.8671875 0 0
1334 0.867838541666667 0 0
1335 0.868489583333333 0 0
1336 0.869140625 0 0
1337 0.869791666666667 0 0
1338 0.870442708333333 0 0
1339 0.87109375 0 0
1340 0.871744791666667 0 0
1341 0.872395833333333 0 0
1342 0.873046875 0 0
1343 0.873697916666667 0 0
1344 0.874348958333333 0 0
1345 0.875 0 0
1346 0.875651041666667 0 0
1347 0.876302083333333 0 0
1348 0.876953125 0 0
1349 0.877604166666667 0 0
1350 0.878255208333333 0 0
1351 0.87890625 0 0
1352 0.879557291666667 0 0
1353 0.880208333333333 0 0
1354 0.880859375 0 0
1355 0.881510416666667 0 0
1356 0.882161458333333 0 0
1357 0.8828125 0 0
1358 0.883463541666667 0 0
1359 0.884114583333333 0 0
1360 0.884765625 0 0
1361 0.885416666666667 0 0
1362 0.886067708333333 0 0
1363 0.88671875 0 0
1364 0.887369791666667 0 0
1365 0.888020833333333 0 0
1366 0.888671875 0 0
1367 0.889322916666667 0 0
1368 0.889973958333333 0 0
1369 0.890625 0 0
1370 0.891276041666667 0 0
1371 0.891927083333333 0 0
1372 0.892578125 0 0
1373 0.893229166666667 0 0
1374 0.893880208333333 0 0
1375 0.89453125 0 0
1376 0.895182291666667 0 0
1377 0.895833333333333 0 0
1378 0.896484375 0 0
1379 0.897135416666667 0 0
1380 0.897786458333333 0 0
1381 0.8984375 0 0
1382 0.899088541666667 0 0
1383 0.899739583333333 0 0
1384 0.900390625 0 0
1385 0.901041666666667 0 0
1386 0.901692708333333 0 0
1387 0.90234375 0 0
1388 0.902994791666667 0 0
1389 0.903645833333333 0 0
1390 0.904296875 0 0
1391 0.904947916666667 0 0
1392 0.905598958333333 0 0
1393 0.90625 0 0
1394 0.906901041666667 0 0
1395 0.907552083333333 0 0
1396 0.908203125 0 0
1397 0.908854166666667 0 0
1398 0.909505208333333 0 0
1399 0.91015625 0 0
1400 0.910807291666667 0 0
1401 0.911458333333333 0 0
1402 0.912109375 0 0
1403 0.912760416666667 0 0
1404 0.913411458333333 0 0
1405 0.9140625 0 0
1406 0.914713541666667 0 0
1407 0.915364583333333 0 0
1408 0.916015625 0 0
1409 0.916666666666667 0 0
1410 0.917317708333333 0 0
1411 0.91796875 0 0
1412 0.918619791666667 0 0
1413 0.919270833333333 0 0
1414 0.919921875 0 0
1415 0.920572916666667 0 0
1416 0.921223958333333 0 0
1417 0.921875 0 0
1418 0.922526041666667 0 0
1419 0.923177083333333 0 0
1420 0.923828125 0 0
1421 0.924479166666667 0 0
1422 0.925130208333333 0 0
1423 0.92578125 0 0
1424 0.926432291666667 0 0
1425 0.927083333333333 0 0
1426 0.927734375 0 0
1427 0.928385416666667 0 0
1428 0.929036458333333 0 0
1429 0.9296875 0 0
1430 0.930338541666667 0 0
1431 0.930989583333333 0 0
1432 0.931640625 0 0
1433 0.932291666666667 0 0
1434 0.932942708333333 0 0
1435 0.93359375 0 0
1436 0.934244791666667 0 0
1437 0.934895833333333 0 0
1438 0.935546875 0 0
1439 0.936197916666667 0 0
1440 0.936848958333333 0 0
1441 0.9375 0 0
1442 0.938151041666667 0 0
1443 0.938802083333333 0 0
1444 0.939453125 0 0
1445 0.940104166666667 0 0
1446 0.940755208333333 0 0
1447 0.94140625 0 0
1448 0.942057291666667 0 0
1449 0.942708333333333 0 0
1450 0.943359375 0 0
1451 0.944010416666667 0 0
1452 0.944661458333333 0 0
1453 0.9453125 0 0
1454 0.945963541666667 0 0
1455 0.946614583333333 0 0
1456 0.947265625 0 0
1457 0.947916666666667 0 0
1458 0.948567708333333 0 0
1459 0.94921875 0 0
1460 0.949869791666667 0 0
1461 0.950520833333333 0 0
1462 0.951171875 0 0
1463 0.951822916666667 0 0
1464 0.952473958333333 0 0
1465 0.953125 0 0
1466 0.953776041666667 0 0
1467 0.954427083333333 0 0
1468 0.955078125 0 0
1469 0.955729166666667 0 0
1470 0.956380208333333 0 0
1471 0.95703125 0 0
1472 0.957682291666667 0 0
1473 0.958333333333333 0 0
1474 0.958984375 0 0
1475 0.959635416666667 0 0
1476 0.960286458333333 0 0
1477 0.9609375 0 0
1478 0.961588541666667 0 0
1479 0.962239583333333 0 0
1480 0.962890625 0 0
1481 0.963541666666667 0 0
1482 0.964192708333333 0 0
1483 0.96484375 0 0
1484 0.965494791666667 0 0
1485 0.966145833333333 0 0
1486 0.966796875 0 0
1487 0.967447916666667 0 0
1488 0.968098958333333 0 0
1489 0.96875 0 0
1490 0.969401041666667 0 0
1491 0.970052083333333 0 0
1492 0.970703125 0 0
1493 0.971354166666667 0 0
1494 0.972005208333333 0 0
1495 0.97265625 0 0
1496 0.973307291666667 0 0
1497 0.973958333333333 0 0
1498 0.974609375 0 0
1499 0.975260416666667 0 0
1500 0.975911458333333 0 0
1501 0.9765625 0 0
1502 0.977213541666667 0 0
1503 0.977864583333333 0 0
1504 0.978515625 0 0
1505 0.979166666666667 0 0
1506 0.979817708333333 0 0
1507 0.98046875 0 0
1508 0.981119791666667 0 0
1509 0.981770833333333 0 0
1510 0.982421875 0 0
1511 0.983072916666667 0 0
1512 0.983723958333333 0 0
1513 0.984375 0 0
1514 0.985026041666667 0 0
1515 0.985677083333333 0 0
1516 0.986328125 0 0
1517 0.986979166666667 0 0
1518 0.987630208333333 0 0
1519 0.98828125 0 0
1520 0.988932291666667 0 0
1521 0.989583333333333 0 0
1522 0.990234375 0 0
1523 0.990885416666667 0 0
1524 0.991536458333333 0 0
1525 0.9921875 0 0
1526 0.992838541666667 0 0
1527 0.993489583333333 0 0
1528 0.994140625 0 0
1529 0.994791666666667 0 0
1530 0.995442708333333 0 0
1531 0.99609375 0 0
1532 0.996744791666667 0 0
1533 0.997395833333333 0 0
1534 0.998046875 0 0
1535 0.998697916666667 0 0
1536 0.999348958333333 0 0
1537 1 0 0
