1 0 0 0
2 0.000685871056241427 0 0
3 0.00137174211248285 0 0
4 0.00205761316872428 0 0
5 0.00274348422496571 0 0
6 0.00342935528120713 0 0
7 0.00411522633744856 0 0
8 0.00480109739368999 0 0
9 0.00548696844993141 0 0
10 0.00617283950617284 0 0
11 0.00685871056241427 0 0
12 0.00754458161865569 0 0
13 0.00823045267489712 0 0
14 0.00891632373113855 0 0
15 0.00960219478737998 0 0
16 0.0102880658436214 0 0
17 0.0109739368998628 0 0
18 0.0116598079561043 0 0
19 0.0123456790123457 0 0
20 0.0130315500685871 0 0
21 0.0137174211248285 0 0
22 0.01440329218107 0 0
23 0.0150891632373114 0 0
24 0.0157750342935528 0 0
25 0.0164609053497942 0 0
26 0.0171467764060357 0 0
27 0.0178326474622771 0 0
28 0.0185185185185185 0 0
29 0.01920438957476 0 0
30 0.0198902606310014 0 0
31 0.0205761316872428 0 0
32 0.0212620027434842 0 0
33 0.0219478737997256 0 0
34 0.0226337448559671 0 0
35 0.0233196159122085 0 0
36 0.0240054869684499 0 0
37 0.0246913580246914 0 0
38 0.0253772290809328 0 0
39 0.0260631001371742 0 0
40 0.0267489711934156 0 0
41 0.0274348422496571 0 0
42 0.0281207133058985 0 0
43 0.0288065843621399 0 0
44 0.0294924554183813 0 0
45 0.0301783264746228 0 0
46 0.0308641975308642 0 0
47 0.0315500685871056 0 0
48 0.032235939643347 0 0
49 0.0329218106995885 0 0
50 0.0336076817558299 0 0
51 0.0342935528120713 0 0
52 0.0349794238683128 0 0
53 0.0356652949245542 0 0
54 0.0363511659807956 0 0
55 0.037037037037037 0 0
56 0.0377229080932785 0 0
57 0.0384087791495199 0 0
58 0.0390946502057613 0 0
59 0.0397805212620028 0 0
60 0.0404663923182442 0 0
61 0.0411522633744856 0 0
62 0.041838134430727 0 0
63 0.0425240054869685 0 0
64 0.0432098765432099 0 0
65 0.0438957475994513 0 0
66 0.0445816186556927 0 0
67 0.0452674897119342 0 0
68 0.0459533607681756 0 0
69 0.046639231824417 0 0
70 0.0473251028806584 0 0
71 0.0480109739368999 0 0
72 0.0486968449931413 0 0
73 0.0493827160493827 0 0
74 0.0500685871056242 0 0
75 0.0507544581618656 0 0
76 0.051440329218107 0 0
77 0.0521262002743484 0 0
78 0.0528120713305898 0 0
79 0.0534979423868313 0 0
80 0.0541838134430727 0 0
81 0.0548696844993141 0 0
82 0.0555555555555556 0 0
83 0.056241426611797 0 0
84 0.0569272976680384 0 0
85 0.0576131687242798 0 0
86 0.0582990397805213 0 0
87 0.0589849108367627 0 0
88 0.0596707818930041 0 0
89 0.0603566529492455 0 0
90 0.061042524005487 0 0
91 0.0617283950617284 0 0
92 0.0624142661179698 0 0
93 0.0631001371742113 0 0
94 0.0637860082304527 0 0
95 0.0644718792866941 0 0
96 0.0651577503429355 0 0
97 0.065843621399177 0 0
98 0.0665294924554184 0 0
99 0.0672153635116598 0 0
100 0.0679012345679012 0 0
101 0.0685871056241427 0 0
102 0.0692729766803841 0 0
103 0.0699588477366255 0 0
104 0.0706447187928669 0 0
105 0.0713305898491084 0 0
106 0.0720164609053498 0 0
107 0.0727023319615912 0 0
108 0.0733882030178327 0 0
109 0.0740740740740741 0 0
110 0.0747599451303155 0 0
111 0.0754458161865569 0 0
112 0.0761316872427984 0 0
113 0.0768175582990398 0 0
114 0.0775034293552812 0 0
115 0.0781893004115226 0 0
116 0.0788751714677641 0 0
117 0.0795610425240055 0 0
118 0.0802469135802469 0 0
119 0.0809327846364884 0 0
120 0.0816186556927298 0 0
121 0.0823045267489712 0 0
122 0.0829903978052126 0 0
123 0.083676268861454 0 0
124 0.0843621399176955 0 0
125 0.0850480109739369 0 0
126 0.0857338820301783 0 0
127 0.0864197530864198 0 0
128 0.0871056241426612 0 0
129 0.0877914951989026 0 0
130 0.088477366255144 0 0
131 0.0891632373113855 0 0
132 0.0898491083676269 0 0
133 0.0905349794238683 0 0
134 0.0912208504801097 0 0
135 0.0919067215363512 0 0
136 0.0925925925925926 0 0
137 0.093278463648834 0 0
138 0.0939643347050755 0 0
139 0.0946502057613169 0 0
140 0.0953360768175583 0 0
141 0.0960219478737997 0 0
142 0.0967078189300412 0 0
143 0.0973936899862826 0 0
144 0.098079561042524 0 0
145 0.0987654320987654 0 0
146 0.0994513031550069 0 0
147 0.100137174211248 0 0
148 0.10082304526749 0 0
149 0.101508916323731 0 0
150 0.102194787379973 0 0
151 0.102880658436214 0 0
152 0.103566529492455 0 0
153 0.104252400548697 0 0
154 0.104938271604938 0 0
155 0.10562414266118 0 0
156 0.106310013717421 0 0
157 0.106995884773663 0 0
158 0.107681755829904 0 0
159 0.108367626886145 0 0
160 0.109053497942387 0 0
161 0.109739368998628 0 0
162 0.11042524005487 0 0
163 0.111111111111111 0 0
164 0.111796982167353 0 0
165 0.112482853223594 0 0
166 0.113168724279835 0 0
167 0.113854595336077 0 0
168 0.114540466392318 0 0
169 0.11522633744856 0 0
170 0.115912208504801 0 0
171 0.116598079561042 0 0
172 0.117283950617284 0 0
173 0.117969821673525 0 0
174 0.118655692729767 0 0
175 0.119341563786008 0 0
176 0.12002743484225 0 0
177 0.120713305898491 0 0
178 0.121399176954732 0 0
179 0.122085048010974 0 0
180 0.122770919067215 0 0
181 0.123456790123457 0 0
182 0.124142661179698 0 0
183 0.12482853223594 0 0
184 0.125514403292181 0 0
185 0.126200274348422 0 0
186 0.126886145404664 0 0
187 0.127572016460905 0 0
188 0.128257887517147 0 0
189 0.128943758573388 0 0
190 0.12962962962963 0 0
191 0.130315500685871 0 0
192 0.131001371742112 0 0
193 0.131687242798354 0 0
194 0.132373113854595 0 0
195 0.133058984910837 0 0
196 0.133744855967078 0 0
197 0.13443072702332 0 0
198 0.135116598079561 0 0
199 0.135802469135802 0 0
200 0.136488340192044 0 0
201 0.137174211248285 0 0
202 0.137860082304527 0 0
203 0.138545953360768 0 0
204 0.13923182441701 0 0
205 0.139917695473251 0 0
206 0.140603566529492 0 0
207 0.141289437585734 0 0
208 0.141975308641975 0 0
209 0.142661179698217 0 0
210 0.143347050754458 0 0
211 0.1440329218107 0 0
212 0.144718792866941 0 0
213 0.145404663923182 0 0
214 0.146090534979424 0 0
215 0.146776406035665 0 0
216 0.147462277091907 0 0
217 0.148148148148148 0 0
218 0.14883401920439 0 0
219 0.149519890260631 0 0
220 0.150205761316872 0 0
221 0.150891632373114 0 0
222 0.151577503429355 0 0
223 0.152263374485597 0 0
224 0.152949245541838 0 0
225 0.15363511659808 0 0
226 0.154320987654321 0 0
227 0.155006858710562 0 0
228 0.155692729766804 0 0
229 0.156378600823045 0 0
230 0.157064471879287 0 0
231 0.157750342935528 0 0
232 0.158436213991769 0 0
233 0.159122085048011 0 0
234 0.159807956104252 0 0
235 0.160493827160494 0 0
236 0.161179698216735 0 0
237 0.161865569272977 0 0
238 0.162551440329218 0 0
239 0.163237311385459 0 0
240 0.163923182441701 0 0
241 0.164609053497942 0 0
242 0.165294924554184 0 0
243 0.165980795610425 0 0
244 0.166666666666667 0 0
245 0.167352537722908 0 0
246 0.16803840877915 0 0
247 0.168724279835391 0 0
248 0.169410150891632 0 0
249 0.170096021947874 0 0
250 0.170781893004115 0 0
251 0.171467764060357 0 0
252 0.172153635116598 0 0
253 0.172839506172839 0 0
254 0.173525377229081 0 0
255 0.174211248285322 0 0
256 0.174897119341564 0 0
257 0.175582990397805 0 0
258 0.176268861454047 0 0
259 0.176954732510288 0 0
260 0.177640603566529 0 0
261 0.178326474622771 0 0
262 0.179012345679012 0 0
263 0.179698216735254 0 0
264 0.180384087791495 0 0
265 0.181069958847737 0 0
266 0.181755829903978 0 0
267 0.182441700960219 0 0
268 0.183127572016461 0 0
269 0.183813443072702 0 0
270 0.184499314128944 0 0
271 0.185185185185185 0 0
272 0.185871056241427 0 0
273 0.186556927297668 0 0
274 0.18724279835391 0 0
275 0.187928669410151 0 0
276 0.188614540466392 0 0
277 0.189300411522634 0 0
278 0.189986282578875 0 0
279 0.190672153635117 0 0
280 0.191358024691358 0 0
281 0.1920438957476 0 0
282 0.192729766803841 0 0
283 0.193415637860082 0 0
284 0.194101508916324 0 0
285 0.194787379972565 0 0
286 0.195473251028807 0 0
287 0.196159122085048 0 0
288 0.19684499314129 0 0
289 0.197530864197531 0 0
290 0.198216735253772 0 0
291 0.198902606310014 0 0
292 0.199588477366255 0 0
293 0.200274348422497 0 0
294 0.200960219478738 0 0
295 0.201646090534979 0 0
296 0.202331961591221 0 0
297 0.203017832647462 0 0
298 0.203703703703704 0 0
299 0.204389574759945 0 0
300 0.205075445816187 0 0
301 0.205761316872428 0 0
302 0.206447187928669 0 0
303 0.207133058984911 0 0
304 0.207818930041152 0 0
305 0.208504801097394 0 0
306 0.209190672153635 0 0
307 0.209876543209877 0 0
308 0.210562414266118 0 0
309 0.211248285322359 0 0
310 0.211934156378601 0 0
311 0.212620027434842 0 0
312 0.213305898491084 0 0
313 0.213991769547325 0 0
314 0.214677640603567 0 0
315 0.215363511659808 0 0
316 0.216049382716049 0 0
317 0.216735253772291 0 0
318 0.217421124828532 0 0
319 0.218106995884774 0 0
320 0.218792866941015 0 0
321 0.219478737997257 0 0
322 0.220164609053498 0 0
323 0.220850480109739 0 0
324 0.221536351165981 0 0
325 0.222222222222222 0 0
326 0.222908093278464 0 0
327 0.223593964334705 0 0
328 0.224279835390947 0 0
329 0.224965706447188 0 0
330 0.225651577503429 0 0
331 0.226337448559671 0 0
332 0.227023319615912 0 0
333 0.227709190672154 0 0
334 0.228395061728395 0 0
335 0.229080932784637 0 0
336 0.229766803840878 0 0
337 0.230452674897119 0 0
338 0.231138545953361 0 0
339 0.231824417009602 0 0
340 0.232510288065844 0 0
341 0.233196159122085 0 0
342 0.233882030178327 0 0
343 0.234567901234568 0 0
344 0.235253772290809 0 0
345 0.235939643347051 0 0
346 0.236625514403292 0 0
347 0.237311385459534 0 0
348 0.237997256515775 0 0
349 0.238683127572017 0 0
350 0.239368998628258 0 0
351 0.240054869684499 0 0
352 0.240740740740741 0 0
353 0.241426611796982 0 0
354 0.242112482853224 0 0
355 0.242798353909465 0 0
356 0.243484224965707 0 0
357 0.244170096021948 0 0
358 0.244855967078189 0 0
359 0.245541838134431 0 0
360 0.246227709190672 0 0
361 0.246913580246914 0 0
362 0.247599451303155 0 0
363 0.248285322359396 0 0
364 0.248971193415638 0 0
365 0.249657064471879 0 0
366 0.250342935528121 0 0
367 0.251028806584362 0 0
368 0.251714677640604 0 0
369 0.252400548696845 0 0
370 0.253086419753086 0 0
371 0.253772290809328 0 0
372 0.254458161865569 0 0
373 0.255144032921811 0 0
374 0.255829903978052 0 0
375 0.256515775034294 0 0
376 0.257201646090535 0 0
377 0.257887517146776 0 0
378 0.258573388203018 0 0
379 0.259259259259259 0 0
380 0.259945130315501 0 0
381 0.260631001371742 0 0
382 0.261316872427984 0 0
383 0.262002743484225 0 0
384 0.262688614540466 0 0
385 0.263374485596708 0 0
386 0.264060356652949 0 0
387 0.264746227709191 0 0
388 0.265432098765432 0 0
389 0.266117969821674 0 0
390 0.266803840877915 0 0
391 0.267489711934156 0 0
392 0.268175582990398 0 0
393 0.268861454046639 0 0
394 0.269547325102881 0 0
395 0.270233196159122 0 0
396 0.270919067215364 0 0
397 0.271604938271605 0 0
398 0.272290809327846 0 0
399 0.272976680384088 0 0
400 0.273662551440329 0 0
401 0.274348422496571 0 0
402 0.275034293552812 0 0
403 0.275720164609054 0 0
404 0.276406035665295 0 0
405 0.277091906721536 0 0
406 0.277777777777778 0 0
407 0.278463648834019 0 0
408 0.279149519890261 0 0
409 0.279835390946502 0 0
410 0.280521262002744 0 0
411 0.281207133058985 0 0
412 0.281893004115226 0 0
413 0.282578875171468 0 0
414 0.283264746227709 0 0
415 0.283950617283951 0 0
416 0.284636488340192 0 0
417 0.285322359396434 0 0
418 0.286008230452675 0 0
419 0.286694101508916 0 0
420 0.287379972565158 0 0
421 0.288065843621399 0 0
422 0.288751714677641 0 0
423 0.289437585733882 0 0
424 0.290123456790124 0 0
425 0.290809327846365 0 0
426 0.291495198902606 0 0
427 0.292181069958848 0 0
428 0.292866941015089 0 0
429 0.293552812071331 0 0
430 0.294238683127572 0 0
431 0.294924554183814 0 0
432 0.295610425240055 0 0
433 0.296296296296296 0 0
434 0.296982167352538 0 0
435 0.297668038408779 0 0
436 0.298353909465021 0 0
437 0.299039780521262 0 0
438 0.299725651577503 0 0
439 0.300411522633745 0 0
440 0.301097393689986 0 0
441 0.301783264746228 0 0
442 0.302469135802469 0 0
443 0.303155006858711 0 0
444 0.303840877914952 0 0
445 0.304526748971193 0 0
446 0.305212620027435 0 0
447 0.305898491083676 0 0
448 0.306584362139918 0 0
449 0.307270233196159 0 0
450 0.307956104252401 0 0
451 0.308641975308642 0 0
452 0.309327846364883 0 0
453 0.310013717421125 0 0
454 0.310699588477366 0 0
455 0.311385459533608 0 0
456 0.312071330589849 0 0
457 0.312757201646091 0 0
458 0.313443072702332 0 0
459 0.314128943758573 0 0
460 0.314814814814815 0 0
461 0.315500685871056 0 0
462 0.316186556927298 0 0
463 0.316872427983539 0 0
464 0.317558299039781 0 0
465 0.318244170096022 0 0
466 0.318930041152263 0 0
467 0.319615912208505 0 0
468 0.320301783264746 0 0
469 0.320987654320988 0 0
470 0.321673525377229 0 0
471 0.322359396433471 0 0
472 0.323045267489712 0 0
473 0.323731138545953 0 0
474 0.324417009602195 0 0
475 0.325102880658436 0 0
476 0.325788751714678 0 0
477 0.326474622770919 0 0
478 0.327160493827161 0 0
479 0.327846364883402 0 0
480 0.328532235939643 0 0
481 0.329218106995885 0 0
482 0.329903978052126 0 0
483 0.330589849108368 0 0
484 0.331275720164609 0 0
485 0.331961591220851 0 0
486 0.332647462277092 0 0
487 0.333333333333333 0 0
488 0.334019204389575 0 0
489 0.334705075445816 0 0
490 0.335390946502058 0 0
491 0.336076817558299 0 0
492 0.336762688614541 0 0
493 0.337448559670782 0 0
494 0.338134430727023 0 0
495 0.338820301783265 0 0
496 0.339506172839506 0 0
497 0.340192043895748 0 0
498 0.340877914951989 0 0
499 0.341563786008231 0 0
500 0.342249657064472 0 0
501 0.342935528120713 0 0
502 0.343621399176955 0 0
503 0.344307270233196 0 0
504 0.344993141289438 0 0
505 0.345679012345679 0 0
506 0.346364883401921 0 0
507 0.347050754458162 0 0
508 0.347736625514403 0 0
509 0.348422496570645 0 0
510 0.349108367626886 0 0
511 0.349794238683128 0 0
512 0.350480109739369 0 0
513 0.35116598079561 0 0
514 0.351851851851852 0 0
515 0.352537722908093 0 0
516 0.353223593964335 0 0
517 0.353909465020576 0 0
518 0.354595336076818 0 0
519 0.355281207133059 0 0
520 0.355967078189301 0 0
521 0.356652949245542 0 0
522 0.357338820301783 0 0
523 0.358024691358025 0 0
524 0.358710562414266 0 0
525 0.359396433470507 0 0
526 0.360082304526749 0 0
527 0.36076817558299 0 0
528 0.361454046639232 0 0
529 0.362139917695473 0 0
530 0.362825788751715 0 0
531 0.363511659807956 0 0
532 0.364197530864197 0 0
533 0.364883401920439 0 0
534 0.365569272976681 0 0
535 0.366255144032922 0 0
536 0.366941015089163 0 0
537 0.367626886145405 0 0
538 0.368312757201646 0 0
539 0.368998628257887 0 0
540 0.369684499314129 0 0
541 0.37037037037037 0 0
542 0.371056241426612 0 0
543 0.371742112482853 0 0
544 0.372427983539095 0 0
545 0.373113854595336 0 0
546 0.373799725651577 0 0
547 0.374485596707819 0 0
548 0.37517146776406 0 0
549 0.375857338820302 0 0
550 0.376543209876543 0 0
551 0.377229080932785 0 0
552 0.377914951989026 0 0
553 0.378600823045267 0 0
554 0.379286694101509 0 0
555 0.37997256515775 0 0
556 0.380658436213992 0 0
557 0.381344307270233 0 0
558 0.382030178326475 0 0
559 0.382716049382716 0 0
560 0.383401920438957 0 0
561 0.384087791495199 0 0
562 0.38477366255144 0 0
563 0.385459533607682 0 0
564 0.386145404663923 0 0
565 0.386831275720165 0 0
566 0.387517146776406 0 0
567 0.388203017832647 0 0
568 0.388888888888889 0 0
569 0.38957475994513 0 0
570 0.390260631001372 0 0
571 0.390946502057613 0 0
572 0.391632373113855 0 0
573 0.392318244170096 0 0
574 0.393004115226337 0 0
575 0.393689986282579 0 0
576 0.39437585733882 0 0
577 0.395061728395062 0 0
578 0.395747599451303 0 0
579 0.396433470507545 0 0
580 0.397119341563786 0 0
581 0.397805212620027 0 0
582 0.398491083676269 0 0
583 0.39917695473251 0 0
584 0.399862825788752 0 0
585 0.400548696844993 0 0
586 0.401234567901235 0 0
587 0.401920438957476 0 0
588 0.402606310013717 0 0
589 0.403292181069959 0 0
590 0.4039780521262 0 0
591 0.404663923182442 0 0
592 0.405349794238683 0 0
593 0.406035665294925 0 0
594 0.406721536351166 0 0
595 0.407407407407407 0 0
596 0.408093278463649 0 0
597 0.40877914951989 0 0
598 0.409465020576132 0 0
599 0.410150891632373 0 0
600 0.410836762688615 0 0
601 0.411522633744856 0 0
602 0.412208504801097 0 0
603 0.412894375857339 0 0
604 0.41358024691358 0 0
605 0.414266117969822 0 0
606 0.414951989026063 0 0
607 0.415637860082305 0 0
608 0.416323731138546 0 0
609 0.417009602194787 0 0
610 0.417695473251029 0 0
611 0.41838134430727 0 0
612 0.419067215363512 0 0
613 0.419753086419753 0 0
614 0.420438957475995 0 0
615 0.421124828532236 0 0
616 0.421810699588477 0 0
617 0.422496570644719 0 0
618 0.42318244170096 0 0
619 0.423868312757202 0 0
620 0.424554183813443 0 0
621 0.425240054869685 0 0
622 0.425925925925926 0 0
623 0.426611796982167 0 0
624 0.427297668038409 0 0
625 0.42798353909465 0 0
626 0.428669410150892 0 0
627 0.429355281207133 0 0
628 0.430041152263375 0 0
629 0.430727023319616 0 0
630 0.431412894375857 0 0
631 0.432098765432099 0 0
632 0.43278463648834 0 0
633 0.433470507544582 0 0
634 0.434156378600823 0 0
635 0.434842249657064 0 0
636 0.435528120713306 0 0
637 0.436213991769547 0 0
638 0.436899862825789 0 0
639 0.43758573388203 0 0
640 0.438271604938272 0 0
641 0.438957475994513 0 0
642 0.439643347050754 0 0
643 0.440329218106996 0 0
644 0.441015089163237 0 0
645 0.441700960219479 0 0
646 0.44238683127572 0 0
647 0.443072702331962 0 0
648 0.443758573388203 0 0
649 0.444444444444444 0 0
650 0.445130315500686 0 0
651 0.445816186556927 0 0
652 0.446502057613169 0 0
653 0.44718792866941 0 0
654 0.447873799725652 0 0
655 0.448559670781893 0 0
656 0.449245541838134 0 0
657 0.449931412894376 0 0
658 0.450617283950617 0 0
659 0.451303155006859 0 0
660 0.4519890260631 0 0
661 0.452674897119342 0 0
662 0.453360768175583 0 0
663 0.454046639231824 0 0
664 0.454732510288066 0 0
665 0.455418381344307 0 0
666 0.456104252400549 0 0
667 0.45679012345679 0 0
668 0.457475994513032 0 0
669 0.458161865569273 0 0
670 0.458847736625514 0 0
671 0.459533607681756 0 0
672 0.460219478737997 0 0
673 0.460905349794239 0 0
674 0.46159122085048 0 0
675 0.462277091906722 0 0
676 0.462962962962963 0 0
677 0.463648834019204 0 0
678 0.464334705075446 0 0
679 0.465020576131687 0 0
680 0.465706447187929 0 0
681 0.46639231824417 0 0
682 0.467078189300412 0 0
683 0.467764060356653 0 0
684 0.468449931412894 0 0
685 0.469135802469136 0 0
686 0.469821673525377 0 0
687 0.470507544581619 0 0
688 0.47119341563786 0 0
689 0.471879286694102 0 0
690 0.472565157750343 0 0
691 0.473251028806584 0 0
692 0.473936899862826 0 0
693 0.474622770919067 0 0
694 0.475308641975309 0 0
695 0.47599451303155 0 0
696 0.476680384087792 0 0
697 0.477366255144033 0 0
698 0.478052126200274 0 0
699 0.478737997256516 0 0
700 0.479423868312757 0 0
701 0.480109739368999 0 0
702 0.48079561042524 0 0
703 0.481481481481482 0 0
704 0.482167352537723 0 0
705 0.482853223593964 0 0
706 0.483539094650206 0 0
707 0.484224965706447 0 0
708 0.484910836762689 0 0
709 0.48559670781893 0 0
710 0.486282578875172 0 0
711 0.486968449931413 0 0
712 0.487654320987654 0 0
713 0.488340192043896 0 0
714 0.489026063100137 0 0
715 0.489711934156379 0 0
716 0.49039780521262 0 0
717 0.491083676268862 0 0
718 0.491769547325103 0 0
719 0.492455418381344 0 0
720 0.493141289437586 0 0
721 0.493827160493827 0 0
722 0.494513031550069 0 0
723 0.49519890260631 0 0
724 0.495884773662552 0 0
725 0.496570644718793 0 0
726 0.497256515775034 0 0
727 0.497942386831276 0 0
728 0.498628257887517 0 0
729 0.499314128943759 0 0
730 0.5 0 0
731 0.500685871056241 0 0
732 0.501371742112483 0 0
733 0.502057613168724 0 0
734 0.502743484224966 0 0
735 0.503429355281207 0 0
736 0.504115226337449 0 0
737 0.50480109739369 0 0
738 0.505486968449931 0 0
739 0.506172839506173 0 0
740 0.506858710562414 0 0
741 0.507544581618656 0 0
742 0.508230452674897 0 0
743 0.508916323731139 0 0
744 0.50960219478738 0 0
745 0.510288065843621 0 0
746 0.510973936899863 0 0
747 0.511659807956104 0 0
748 0.512345679012346 0 0
749 0.513031550068587 0 0
750 0.513717421124829 0 0
751 0.51440329218107 0 0
752 0.515089163237311 0 0
753 0.515775034293553 0 0
754 0.516460905349794 0 0
755 0.517146776406036 0 0
756 0.517832647462277 0 0
757 0.518518518518519 0 0
758 0.51920438957476 0 0
759 0.519890260631001 0 0
760 0.520576131687243 0 0
761 0.521262002743484 0 0
762 0.521947873799726 0 0
763 0.522633744855967 0 0
764 0.523319615912209 0 0
765 0.52400548696845 0 0
766 0.524691358024691 0 0
767 0.525377229080933 0 0
768 0.526063100137174 0 0
769 0.526748971193416 0 0
770 0.527434842249657 0 0
771 0.528120713305898 0 0
772 0.52880658436214 0 0
773 0.529492455418381 0 0
774 0.530178326474623 0 0
775 0.530864197530864 0 0
776 0.531550068587106 0 0
777 0.532235939643347 0 0
778 0.532921810699589 0 0
779 0.53360768175583 0 0
780 0.534293552812071 0 0
781 0.534979423868313 0 0
782 0.535665294924554 0 0
783 0.536351165980796 0 0
784 0.537037037037037 0 0
785 0.537722908093278 0 0
786 0.53840877914952 0 0
787 0.539094650205761 0 0
788 0.539780521262003 0 0
789 0.540466392318244 0 0
790 0.541152263374486 0 0
791 0.541838134430727 0 0
792 0.542524005486968 0 0
793 0.54320987654321 0 0
794 0.543895747599451 0 0
795 0.544581618655693 0 0
796 0.545267489711934 0 0
797 0.545953360768176 0 0
798 0.546639231824417 0 0
799 0.547325102880658 0 0
800 0.5480109739369 0 0
801 0.548696844993141 0 0
802 0.549382716049383 0 0
803 0.550068587105624 0 0
804 0.550754458161866 0 0
805 0.551440329218107 0 0
806 0.552126200274348 0 0
807 0.55281207133059 0 0
808 0.553497942386831 0 0
809 0.554183813443073 0 0
810 0.554869684499314 0 0
811 0.555555555555556 0 0
812 0.556241426611797 0 0
813 0.556927297668038 0 0
814 0.55761316872428 0 0
815 0.558299039780521 0 0
816 0.558984910836763 0 0
817 0.559670781893004 0 0
818 0.560356652949246 0 0
819 0.561042524005487 0 0
820 0.561728395061728 0 0
821 0.56241426611797 0 0
822 0.563100137174211 0 0
823 0.563786008230453 0 0
824 0.564471879286694 0 0
825 0.565157750342936 0 0
826 0.565843621399177 0 0
827 0.566529492455418 0 0
828 0.56721536351166 0 0
829 0.567901234567901 0 0
830 0.568587105624143 0 0
831 0.569272976680384 0 0
832 0.569958847736626 0 0
833 0.570644718792867 0 0
834 0.571330589849108 0 0
835 0.57201646090535 0 0
836 0.572702331961591 0 0
837 0.573388203017833 0 0
838 0.574074074074074 0 0
839 0.574759945130315 0 0
840 0.575445816186557 0 0
841 0.576131687242798 0 0
842 0.57681755829904 0 0
843 0.577503429355281 0 0
844 0.578189300411523 0 0
845 0.578875171467764 0 0
846 0.579561042524006 0 0
847 0.580246913580247 0 0
848 0.580932784636488 0 0
849 0.58161865569273 0 0
850 0.582304526748971 0 0
851 0.582990397805213 0 0
852 0.583676268861454 0 0
853 0.584362139917695 0 0
854 0.585048010973937 0 0
855 0.585733882030178 0 0
856 0.58641975308642 0 0
857 0.587105624142661 0 0
858 0.587791495198903 0 0
859 0.588477366255144 0 0
860 0.589163237311386 0 0
861 0.589849108367627 0 0
862 0.590534979423868 0 0
863 0.59122085048011 0 0
864 0.591906721536351 0 0
865 0.592592592592593 0 0
866 0.593278463648834 0 0
867 0.593964334705075 0 0
868 0.594650205761317 0 0
869 0.595336076817558 0 0
870 0.5960219478738 0 0
871 0.596707818930041 0 0
872 0.597393689986283 0 0
873 0.598079561042524 0 0
874 0.598765432098766 0 0
875 0.599451303155007 0 0
876 0.600137174211248 0 0
877 0.60082304526749 0 0
878 0.601508916323731 0 0
879 0.602194787379973 0 0
880 0.602880658436214 0 0
881 0.603566529492455 0 0
882 0.604252400548697 0 0
883 0.604938271604938 0 0
884 0.60562414266118 0 0
885 0.606310013717421 0 0
886 0.606995884773663 0 0
887 0.607681755829904 0 0
888 0.608367626886145 0 0
889 0.609053497942387 0 0
890 0.609739368998628 0 0
891 0.61042524005487 0 0
892 0.611111111111111 0 0
893 0.611796982167353 0 0
894 0.612482853223594 0 0
895 0.613168724279835 0 0
896 0.613854595336077 0 0
897 0.614540466392318 0 0
898 0.61522633744856 0 0
899 0.615912208504801 0 0
900 0.616598079561043 0 0
901 0.617283950617284 0 0
902 0.617969821673525 0 0
903 0.618655692729767 0 0
904 0.619341563786008 0 0
905 0.62002743484225 0 0
906 0.620713305898491 0 0
907 0.621399176954733 0 0
908 0.622085048010974 0 0
909 0.622770919067215 0 0
910 0.623456790123457 0 0
911 0.624142661179698 0 0
912 0.62482853223594 0 0
913 0.625514403292181 0 0
914 0.626200274348423 0 0
915 0.626886145404664 0 0
916 0.627572016460905 0 0
917 0.628257887517147 0 0
918 0.628943758573388 0 0
919 0.62962962962963 0 0
920 0.630315500685871 0 0
921 0.631001371742112 0 0
922 0.631687242798354 0 0
923 0.632373113854595 0 0
924 0.633058984910837 0 0
925 0.633744855967078 0 0
926 0.63443072702332 0 0
927 0.635116598079561 0 0
928 0.635802469135803 0 0
929 0.636488340192044 0 0
930 0.637174211248285 0 0
931 0.637860082304527 0 0
932 0.638545953360768 0 0
933 0.63923182441701 0 0
934 0.639917695473251 0 0
935 0.640603566529492 0 0
936 0.641289437585734 0 0
937 0.641975308641975 0 0
938 0.642661179698217 0 0
939 0.643347050754458 0 0
940 0.6440329218107 0 0
941 0.644718792866941 0 0
942 0.645404663923182 0 0
943 0.646090534979424 0 0
944 0.646776406035665 0 0
945 0.647462277091907 0 0
946 0.648148148148148 0 0
947 0.64883401920439 0 0
948 0.649519890260631 0 0
949 0.650205761316872 0 0
950 0.650891632373114 0 0
951 0.651577503429355 0 0
952 0.652263374485597 0 0
953 0.652949245541838 0 0
954 0.65363511659808 0 0
955 0.654320987654321 0 0
956 0.655006858710562 0 0
957 0.655692729766804 0 0
958 0.656378600823045 0 0
959 0.657064471879287 0 0
960 0.657750342935528 0 0
961 0.65843621399177 0 0
962 0.659122085048011 0 0
963 0.659807956104252 0 0
964 0.660493827160494 0 0
965 0.661179698216735 0 0
966 0.661865569272977 0 0
967 0.662551440329218 0 0
968 0.66323731138546 0 0
969 0.663923182441701 0 0
970 0.664609053497942 0 0
971 0.665294924554184 0 0
972 0.665980795610425 0 0
973 0.666666666666667 0 0
974 0.667352537722908 0 0
975 0.66803840877915 0 0
976 0.668724279835391 0 0
977 0.669410150891632 0 0
978 0.670096021947874 0 0
979 0.670781893004115 0 0
980 0.671467764060357 0 0
981 0.672153635116598 0 0
982 0.67283950617284 0 0
983 0.673525377229081 0 0
984 0.674211248285322 0 0
985 0.674897119341564 0 0
986 0.675582990397805 0 0
987 0.676268861454047 0 0
988 0.676954732510288 0 0
989 0.67764060356653 0 0
990 0.678326474622771 0 0
991 0.679012345679012 0 0
992 0.679698216735254 0 0
993 0.680384087791495 0 0
994 0.681069958847737 0 0
995 0.681755829903978 0 0
996 0.682441700960219 0 0
997 0.683127572016461 0 0
998 0.683813443072702 0 0
999 0.684499314128944 0 0
1000 0.685185185185185 0 0
1001 0.685871056241427 0 0
1002 0.686556927297668 0 0
1003 0.68724279835391 0 0
1004 0.687928669410151 0 0
1005 0.688614540466392 0 0
1006 0.689300411522634 0 0
1007 0.689986282578875 0 0
1008 0.690672153635117 0 0
1009 0.691358024691358 0 0
1010 0.6920438957476 0 0
1011 0.692729766803841 0 0
1012 0.693415637860082 0 0
1013 0.694101508916324 0 0
1014 0.694787379972565 0 0
1015 0.695473251028807 0 0
1016 0.696159122085048 0 0
1017 0.696844993141289 0 0
1018 0.697530864197531 0 0
1019 0.698216735253772 0 0
1020 0.698902606310014 0 0
1021 0.699588477366255 0 0
1022 0.700274348422497 0 0
1023 0.700960219478738 0 0
1024 0.70164609053498 0 0
1025 0.702331961591221 0 0
1026 0.703017832647462 0 0
1027 0.703703703703704 0 0
1028 0.704389574759945 0 0
1029 0.705075445816187 0 0
1030 0.705761316872428 0 0
1031 0.706447187928669 0 0
1032 0.707133058984911 0 0
1033 0.707818930041152 0 0
1034 0.708504801097394 0 0
1035 0.709190672153635 0 0
1036 0.709876543209877 0 0
1037 0.710562414266118 0 0
1038 0.711248285322359 0 0
1039 0.711934156378601 0 0
1040 0.712620027434842 0 0
1041 0.713305898491084 0 0
1042 0.713991769547325 0 0
1043 0.714677640603567 0 0
1044 0.715363511659808 0 0
1045 0.716049382716049 0 0
1046 0.716735253772291 0 0
1047 0.717421124828532 0 0
1048 0.718106995884774 0 0
1049 0.718792866941015 0 0
1050 0.719478737997256 0 0
1051 0.720164609053498 0 0
1052 0.720850480109739 0 0
1053 0.721536351165981 0 0
1054 0.722222222222222 0 0
1055 0.722908093278464 0 0
1056 0.723593964334705 0 0
1057 0.724279835390947 0 0
1058 0.724965706447188 0 0
1059 0.725651577503429 0 0
1060 0.726337448559671 0 0
1061 0.727023319615912 0 0
1062 0.727709190672154 0 0
1063 0.728395061728395 0 0
1064 0.729080932784636 0 0
1065 0.729766803840878 0 0
1066 0.730452674897119 0 0
1067 0.731138545953361 0 0
1068 0.731824417009602 0 0
1069 0.732510288065844 0 0
1070 0.733196159122085 0 0
1071 0.733882030178327 0 0
1072 0.734567901234568 0 0
1073 0.735253772290809 0 0
1074 0.735939643347051 0 0
1075 0.736625514403292 0 0
1076 0.737311385459534 0 0
1077 0.737997256515775 0 0
1078 0.738683127572016 0 0
1079 0.739368998628258 0 0
1080 0.740054869684499 0 0
1081 0.740740740740741 0 0
1082 0.741426611796982 0 0
1083 0.742112482853224 0 0
1084 0.742798353909465 0 0
1085 0.743484224965707 0 0
1086 0.744170096021948 0 0
1087 0.744855967078189 0 0
1088 0.745541838134431 0 0
1089 0.746227709190672 0 0
1090 0.746913580246914 0 0
1091 0.747599451303155 0 0
1092 0.748285322359396 0 0
1093 0.748971193415638 0 0
1094 0.749657064471879 0 0
1095 0.750342935528121 0 0
1096 0.751028806584362 0 0
1097 0.751714677640604 0 0
1098 0.752400548696845 0 0
1099 0.753086419753086 0 0
1100 0.753772290809328 0 0
1101 0.754458161865569 0 0
1102 0.755144032921811 0 0
1103 0.755829903978052 0 0
1104 0.756515775034294 0 0
1105 0.757201646090535 0 0
1106 0.757887517146776 0 0
1107 0.758573388203018 0 0
1108 0.759259259259259 0 0
1109 0.759945130315501 0 0
1110 0.760631001371742 0 0
1111 0.761316872427984 0 0
1112 0.762002743484225 0 0
1113 0.762688614540466 0 0
1114 0.763374485596708 0 0
1115 0.764060356652949 0 0
1116 0.764746227709191 0 0
1117 0.765432098765432 0 0
1118 0.766117969821674 0 0
1119 0.766803840877915 0 0
1120 0.767489711934156 0 0
1121 0.768175582990398 0 0
1122 0.768861454046639 0 0
1123 0.769547325102881 0 0
1124 0.770233196159122 0 0
1125 0.770919067215364 0 0
1126 0.771604938271605 0 0
1127 0.772290809327846 0 0
1128 0.772976680384088 0 0
1129 0.773662551440329 0 0
1130 0.774348422496571 0 0
1131 0.775034293552812 0 0
1132 0.775720164609054 0 0
1133 0.776406035665295 0 0
1134 0.777091906721536 0 0
1135 0.777777777777778 0 0
1136 0.778463648834019 0 0
1137 0.779149519890261 0 0
1138 0.779835390946502 0 0
1139 0.780521262002744 0 0
1140 0.781207133058985 0 0
1141 0.781893004115226 0 0
1142 0.782578875171468 0 0
1143 0.783264746227709 0 0
1144 0.783950617283951 0 0
1145 0.784636488340192 0 0
1146 0.785322359396433 0 0
1147 0.786008230452675 0 0
1148 0.786694101508916 0 0
1149 0.787379972565158 0 0
1150 0.788065843621399 0 0
1151 0.788751714677641 0 0
1152 0.789437585733882 0 0
1153 0.790123456790124 0 0
1154 0.790809327846365 0 0
1155 0.791495198902606 0 0
1156 0.792181069958848 0 0
1157 0.792866941015089 0 0
1158 0.793552812071331 0 0
1159 0.794238683127572 0 0
1160 0.794924554183813 0 0
1161 0.795610425240055 0 0
1162 0.796296296296296 0 0
1163 0.796982167352538 0 0
1164 0.797668038408779 0 0
1165 0.798353909465021 0 0
1166 0.799039780521262 0 0
1167 0.799725651577503 0 0
1168 0.800411522633745 0 0
1169 0.801097393689986 0 0
1170 0.801783264746228 0 0
1171 0.802469135802469 0 0
1172 0.803155006858711 0 0
1173 0.803840877914952 0 0
1174 0.804526748971193 0 0
1175 0.805212620027435 0 0
1176 0.805898491083676 0 0
1177 0.806584362139918 0 0
1178 0.807270233196159 0 0
1179 0.807956104252401 0 0
1180 0.808641975308642 0 0
1181 0.809327846364883 0 0
1182 0.810013717421125 0 0
1183 0.810699588477366 0 0
1184 0.811385459533608 0 0
1185 0.812071330589849 0 0
1186 0.812757201646091 0 0
1187 0.813443072702332 0 0
1188 0.814128943758573 0 0
1189 0.814814814814815 0 0
1190 0.815500685871056 0 0
1191 0.816186556927298 0 0
1192 0.816872427983539 0 0
1193 0.817558299039781 0 0
1194 0.818244170096022 0 0
1195 0.818930041152263 0 0
1196 0.819615912208505 0 0
1197 0.820301783264746 0 0
1198 0.820987654320988 0 0
1199 0.821673525377229 0 0
1200 0.822359396433471 0 0
1201 0.823045267489712 0 0
1202 0.823731138545953 0 0
1203 0.824417009602195 0 0
1204 0.825102880658436 0 0
1205 0.825788751714678 0 0
1206 0.826474622770919 0 0
1207 0.827160493827161 0 0
1208 0.827846364883402 0 0
1209 0.828532235939643 0 0
1210 0.829218106995885 0 0
1211 0.829903978052126 0 0
1212 0.830589849108368 0 0
1213 0.831275720164609 0 0
1214 0.831961591220851 0 0
1215 0.832647462277092 0 0
1216 0.833333333333333 0 0
1217 0.834019204389575 0 0
1218 0.834705075445816 0 0
1219 0.835390946502058 0 0
1220 0.836076817558299 0 0
1221 0.836762688614541 0 0
1222 0.837448559670782 0 0
1223 0.838134430727023 0 0
1224 0.838820301783265 0 0
1225 0.839506172839506 0 0
1226 0.840192043895748 0 0
1227 0.840877914951989 0 0
1228 0.841563786008231 0 0
1229 0.842249657064472 0 0
1230 0.842935528120713 0 0
1231 0.843621399176955 0 0
1232 0.844307270233196 0 0
1233 0.844993141289438 0 0
1234 0.845679012345679 0 0
1235 0.846364883401921 0 0
1236 0.847050754458162 0 0
1237 0.847736625514403 0 0
1238 0.848422496570645 0 0
1239 0.849108367626886 0 0
1240 0.849794238683128 0 0
1241 0.850480109739369 0 0
1242 0.85116598079561 0 0
1243 0.851851851851852 0 0
1244 0.852537722908093 0 0
1245 0.853223593964335 0 0
1246 0.853909465020576 0 0
1247 0.854595336076818 0 0
1248 0.855281207133059 0 0
1249 0.855967078189301 0 0
1250 0.856652949245542 0 0
1251 0.857338820301783 0 0
1252 0.858024691358025 0 0
1253 0.858710562414266 0 0
1254 0.859396433470508 0 0
1255 0.860082304526749 0 0
1256 0.86076817558299 0 0
1257 0.861454046639232 0 0
1258 0.862139917695473 0 0
1259 0.862825788751715 0 0
1260 0.863511659807956 0 0
1261 0.864197530864198 0 0
1262 0.864883401920439 0 0
1263 0.86556927297668 0 0
1264 0.866255144032922 0 0
1265 0.866941015089163 0 0
1266 0.867626886145405 0 0
1267 0.868312757201646 0 0
1268 0.868998628257888 0 0
1269 0.869684499314129 0 0
1270 0.87037037037037 0 0
1271 0.871056241426612 0 0
1272 0.871742112482853 0 0
1273 0.872427983539095 0 0
1274 0.873113854595336 0 0
1275 0.873799725651577 0 0
1276 0.874485596707819 0 0
1277 0.87517146776406 0 0
1278 0.875857338820302 0 0
1279 0.876543209876543 0 0
1280 0.877229080932785 0 0
1281 0.877914951989026 0 0
1282 0.878600823045268 0 0
1283 0.879286694101509 0 0
1284 0.87997256515775 0 0
1285 0.880658436213992 0 0
1286 0.881344307270233 0 0
1287 0.882030178326475 0 0
1288 0.882716049382716 0 0
1289 0.883401920438957 0 0
1290 0.884087791495199 0 0
1291 0.88477366255144 0 0
1292 0.885459533607682 0 0
1293 0.886145404663923 0 0
1294 0.886831275720165 0 0
1295 0.887517146776406 0 0
1296 0.888203017832648 0 0
1297 0.888888888888889 0 0
1298 0.88957475994513 0 0
1299 0.890260631001372 0 0
1300 0.890946502057613 0 0
1301 0.891632373113855 0 0
1302 0.892318244170096 0 0
1303 0.893004115226337 0 0
1304 0.893689986282579 0 0
1305 0.89437585733882 0 0
1306 0.895061728395062 0 0
1307 0.895747599451303 0 0
1308 0.896433470507545 0 0
1309 0.897119341563786 0 0
1310 0.897805212620027 0 0
1311 0.898491083676269 0 0
1312 0.89917695473251 0 0
1313 0.899862825788752 0 0
1314 0.900548696844993 0 0
1315 0.901234567901235 0 0
1316 0.901920438957476 0 0
1317 0.902606310013717 0 0
1318 0.903292181069959 0 0
1319 0.9039780521262 0 0
1320 0.904663923182442 0 0
1321 0.905349794238683 0 0
1322 0.906035665294925 0 0
1323 0.906721536351166 0 0
1324 0.907407407407407 0 0
1325 0.908093278463649 0 0
1326 0.90877914951989 0 0
1327 0.909465020576132 0 0
1328 0.910150891632373 0 0
1329 0.910836762688615 0 0
1330 0.911522633744856 0 0
1331 0.912208504801097 0 0
1332 0.912894375857339 0 0
1333 0.91358024691358 0 0
1334 0.914266117969822 0 0
1335 0.914951989026063 0 0
1336 0.915637860082305 0 0
1337 0.916323731138546 0 0
1338 0.917009602194787 0 0
1339 0.917695473251029 0 0
1340 0.91838134430727 0 0
1341 0.919067215363512 0 0
1342 0.919753086419753 0 0
1343 0.920438957475995 0 0
1344 0.921124828532236 0 0
1345 0.921810699588477 0 0
1346 0.922496570644719 0 0
1347 0.92318244170096 0 0
1348 0.923868312757202 0 0
1349 0.924554183813443 0 0
1350 0.925240054869685 0 0
1351 0.925925925925926 0 0
1352 0.926611796982167 0 0
1353 0.927297668038409 0 0
1354 0.92798353909465 0 0
1355 0.928669410150892 0 0
1356 0.929355281207133 0 0
1357 0.930041152263375 0 0
1358 0.930727023319616 0 0
1359 0.931412894375857 0 0
1360 0.932098765432099 0 0
1361 0.93278463648834 0 0
1362 0.933470507544582 0 0
1363 0.934156378600823 0 0
1364 0.934842249657065 0 0
1365 0.935528120713306 0 0
1366 0.936213991769547 0 0
1367 0.936899862825789 0 0
1368 0.93758573388203 0 0
1369 0.938271604938272 0 0
1370 0.938957475994513 0 0
1371 0.939643347050754 0 0
1372 0.940329218106996 0 0
1373 0.941015089163237 0 0
1374 0.941700960219479 0 0
1375 0.94238683127572 0 0
1376 0.943072702331962 0 0
1377 0.943758573388203 0 0
1378 0.944444444444445 0 0
1379 0.945130315500686 0 0
1380 0.945816186556927 0 0
1381 0.946502057613169 0 0
1382 0.94718792866941 0 0
1383 0.947873799725652 0 0
1384 0.948559670781893 0 0
1385 0.949245541838134 0 0
1386 0.949931412894376 0 0
1387 0.950617283950617 0 0
1388 0.951303155006859 0 0
1389 0.9519890260631 0 0
1390 0.952674897119342 0 0
1391 0.953360768175583 0 0
1392 0.954046639231824 0 0
1393 0.954732510288066 0 0
1394 0.955418381344307 0 0
1395 0.956104252400549 0 0
1396 0.95679012345679 0 0
1397 0.957475994513032 0 0
1398 0.958161865569273 0 0
1399 0.958847736625514 0 0
1400 0.959533607681756 0 0
1401 0.960219478737997 0 0
1402 0.960905349794239 0 0
1403 0.96159122085048 0 0
1404 0.962277091906722 0 0
1405 0.962962962962963 0 0
1406 0.963648834019204 0 0
1407 0.964334705075446 0 0
1408 0.965020576131687 0 0
1409 0.965706447187929 0 0
1410 0.96639231824417 0 0
1411 0.967078189300412 0 0
1412 0.967764060356653 0 0
1413 0.968449931412894 0 0
1414 0.969135802469136 0 0
1415 0.969821673525377 0 0
1416 0.970507544581619 0 0
1417 0.97119341563786 0 0
1418 0.971879286694102 0 0
1419 0.972565157750343 0 0
1420 0.973251028806584 0 0
1421 0.973936899862826 0 0
1422 0.974622770919067 0 0
1423 0.975308641975309 0 0
1424 0.97599451303155 0 0
1425 0.976680384087792 0 0
1426 0.977366255144033 0 0
1427 0.978052126200274 0 0
1428 0.978737997256516 0 0
1429 0.979423868312757 0 0
1430 0.980109739368999 0 0
1431 0.98079561042524 0 0
1432 0.981481481481482 0 0
1433 0.982167352537723 0 0
1434 0.982853223593964 0 0
1435 0.983539094650206 0 0
1436 0.984224965706447 0 0
1437 0.984910836762689 0 0
1438 0.98559670781893 0 0
1439 0.986282578875172 0 0
1440 0.986968449931413 0 0
1441 0.987654320987654 0 0
1442 0.988340192043896 0 0
1443 0.989026063100137 0 0
1444 0.989711934156379 0 0
1445 0.99039780521262 0 0
1446 0.991083676268862 0 0
1447 0.991769547325103 0 0
1448 0.992455418381344 0 0
1449 0.993141289437586 0 0
1450 0.993827160493827 0 0
1451 0.994513031550069 0 0
1452 0.99519890260631 0 0
1453 0.995884773662552 0 0
1454 0.996570644718793 0 0
1455 0.997256515775034 0 0
1456 0.997942386831276 0 0
1457 0.998628257887517 0 0
1458 0.999314128943759 0 0
1459 1 0 0
