1 0 0 0
2 0.000651890482398957 0 0
3 0.00130378096479791 0 0
4 0.00195567144719687 0 0
5 0.00260756192959583 0 0
6 0.00325945241199478 0 0
7 0.00391134289439374 0 0
8 0.0045632333767927 0 0
9 0.00521512385919166 0 0
10 0.00586701434159061 0 0
11 0.00651890482398957 0 0
12 0.00717079530638853 0 0
13 0.00782268578878748 0 0
14 0.00847457627118644 0 0
15 0.0091264667535854 0 0
16 0.00977835723598435 0 0
17 0.0104302477183833 0 0
18 0.0110821382007823 0 0
19 0.0117340286831812 0 0
20 0.0123859191655802 0 0
21 0.0130378096479791 0 0
22 0.0136897001303781 0 0
23 0.014341590612777 0 0
24 0.014993481095176 0 0
25 0.015645371577575 0 0
26 0.0162972620599739 0 0
27 0.0169491525423729 0 0
28 0.0176010430247718 0 0
29 0.0182529335071708 0 0
30 0.0189048239895698 0 0
31 0.0195567144719687 0 0
32 0.0202086049543677 0 0
33 0.0208604954367666 0 0
34 0.0215123859191656 0 0
35 0.0221642764015645 0 0
36 0.0228161668839635 0 0
37 0.0234680573663625 0 0
38 0.0241199478487614 0 0
39 0.0247718383311604 0 0
40 0.0254237288135593 0 0
41 0.0260756192959583 0 0
42 0.0267275097783572 0 0
43 0.0273794002607562 0 0
44 0.0280312907431551 0 0
45 0.0286831812255541 0 0
46 0.0293350717079531 0 0
47 0.029986962190352 0 0
48 0.030638852672751 0 0
49 0.0312907431551499 0 0
50 0.0319426336375489 0 0
51 0.0325945241199478 0 0
52 0.0332464146023468 0 0
53 0.0338983050847458 0 0
54 0.0345501955671447 0 0
55 0.0352020860495437 0 0
56 0.0358539765319426 0 0
57 0.0365058670143416 0 0
58 0.0371577574967405 0 0
59 0.0378096479791395 0 0
60 0.0384615384615385 0 0
61 0.0391134289439374 0 0
62 0.0397653194263364 0 0
63 0.0404172099087353 0 0
64 0.0410691003911343 0 0
65 0.0417209908735333 0 0
66 0.0423728813559322 0 0
67 0.0430247718383312 0 0
68 0.0436766623207301 0 0
69 0.0443285528031291 0 0
70 0.044980443285528 0 0
71 0.045632333767927 0 0
72 0.046284224250326 0 0
73 0.0469361147327249 0 0
74 0.0475880052151239 0 0
75 0.0482398956975228 0 0
76 0.0488917861799218 0 0
77 0.0495436766623207 0 0
78 0.0501955671447197 0 0
79 0.0508474576271186 0 0
80 0.0514993481095176 0 0
81 0.0521512385919166 0 0
82 0.0528031290743155 0 0
83 0.0534550195567145 0 0
84 0.0541069100391134 0 0
85 0.0547588005215124 0 0
86 0.0554106910039113 0 0
87 0.0560625814863103 0 0
88 0.0567144719687092 0 0
89 0.0573663624511082 0 0
90 0.0580182529335072 0 0
91 0.0586701434159061 0 0
92 0.0593220338983051 0 0
93 0.059973924380704 0 0
94 0.060625814863103 0 0
95 0.061277705345502 0 0
96 0.0619295958279009 0 0
97 0.0625814863102999 0 0
98 0.0632333767926988 0 0
99 0.0638852672750978 0 0
100 0.0645371577574967 0 0
101 0.0651890482398957 0 0
102 0.0658409387222947 0 0
103 0.0664928292046936 0 0
104 0.0671447196870926 0 0
105 0.0677966101694915 0 0
106 0.0684485006518905 0 0
107 0.0691003911342894 0 0
108 0.0697522816166884 0 0
109 0.0704041720990874 0 0
110 0.0710560625814863 0 0
111 0.0717079530638853 0 0
112 0.0723598435462842 0 0
113 0.0730117340286832 0 0
114 0.0736636245110821 0 0
115 0.0743155149934811 0 0
116 0.07496740547588 0 0
117 0.075619295958279 0 0
118 0.076271186440678 0 0
119 0.0769230769230769 0 0
120 0.0775749674054759 0 0
121 0.0782268578878748 0 0
122 0.0788787483702738 0 0
123 0.0795306388526728 0 0
124 0.0801825293350717 0 0
125 0.0808344198174707 0 0
126 0.0814863102998696 0 0
127 0.0821382007822686 0 0
128 0.0827900912646675 0 0
129 0.0834419817470665 0 0
130 0.0840938722294654 0 0
131 0.0847457627118644 0 0
132 0.0853976531942634 0 0
133 0.0860495436766623 0 0
134 0.0867014341590613 0 0
135 0.0873533246414602 0 0
136 0.0880052151238592 0 0
137 0.0886571056062581 0 0
138 0.0893089960886571 0 0
139 0.0899608865710561 0 0
140 0.090612777053455 0 0
141 0.091264667535854 0 0
142 0.0919165580182529 0 0
143 0.0925684485006519 0 0
144 0.0932203389830508 0 0
145 0.0938722294654498 0 0
146 0.0945241199478488 0 0
147 0.0951760104302477 0 0
148 0.0958279009126467 0 0
149 0.0964797913950456 0 0
150 0.0971316818774446 0 0
151 0.0977835723598435 0 0
152 0.0984354628422425 0 0
153 0.0990873533246415 0 0
154 0.0997392438070404 0 0
155 0.100391134289439 0 0
156 0.101043024771838 0 0
157 0.101694915254237 0 0
158 0.102346805736636 0 0
159 0.102998696219035 0 0
160 0.103650586701434 0 0
161 0.104302477183833 0 0
162 0.104954367666232 0 0
163 0.105606258148631 0 0
164 0.10625814863103 0 0
165 0.106910039113429 0 0
166 0.107561929595828 0 0
167 0.108213820078227 0 0
168 0.108865710560626 0 0
169 0.109517601043025 0 0
170 0.110169491525424 0 0
171 0.110821382007823 0 0
172 0.111473272490222 0 0
173 0.112125162972621 0 0
174 0.11277705345502 0 0
175 0.113428943937418 0 0
176 0.114080834419818 0 0
177 0.114732724902216 0 0
178 0.115384615384615 0 0
179 0.116036505867014 0 0
180 0.116688396349413 0 0
181 0.117340286831812 0 0
182 0.117992177314211 0 0
183 0.11864406779661 0 0
184 0.119295958279009 0 0
185 0.119947848761408 0 0
186 0.120599739243807 0 0
187 0.121251629726206 0 0
188 0.121903520208605 0 0
189 0.122555410691004 0 0
190 0.123207301173403 0 0
191 0.123859191655802 0 0
192 0.124511082138201 0 0
193 0.1251629726206 0 0
194 0.125814863102999 0 0
195 0.126466753585398 0 0
196 0.127118644067797 0 0
197 0.127770534550196 0 0
198 0.128422425032594 0 0
199 0.129074315514993 0 0
200 0.129726205997392 0 0
201 0.130378096479791 0 0
202 0.13102998696219 0 0
203 0.131681877444589 0 0
204 0.132333767926988 0 0
205 0.132985658409387 0 0
206 0.133637548891786 0 0
207 0.134289439374185 0 0
208 0.134941329856584 0 0
209 0.135593220338983 0 0
210 0.136245110821382 0 0
211 0.136897001303781 0 0
212 0.13754889178618 0 0
213 0.138200782268579 0 0
214 0.138852672750978 0 0
215 0.139504563233377 0 0
216 0.140156453715776 0 0
217 0.140808344198175 0 0
218 0.141460234680574 0 0
219 0.142112125162973 0 0
220 0.142764015645372 0 0
221 0.14341590612777 0 0
222 0.144067796610169 0 0
223 0.144719687092568 0 0
224 0.145371577574967 0 0
225 0.146023468057366 0 0
226 0.146675358539765 0 0
227 0.147327249022164 0 0
228 0.147979139504563 0 0
229 0.148631029986962 0 0
230 0.149282920469361 0 0
231 0.14993481095176 0 0
232 0.150586701434159 0 0
233 0.151238591916558 0 0
234 0.151890482398957 0 0
235 0.152542372881356 0 0
236 0.153194263363755 0 0
237 0.153846153846154 0 0
238 0.154498044328553 0 0
239 0.155149934810952 0 0
240 0.155801825293351 0 0
241 0.15645371577575 0 0
242 0.157105606258149 0 0
243 0.157757496740548 0 0
244 0.158409387222947 0 0
245 0.159061277705346 0 0
246 0.159713168187744 0 0
247 0.160365058670143 0 0
248 0.161016949152542 0 0
249 0.161668839634941 0 0
250 0.16232073011734 0 0
251 0.162972620599739 0 0
252 0.163624511082138 0 0
253 0.164276401564537 0 0
254 0.164928292046936 0 0
255 0.165580182529335 0 0
256 0.166232073011734 0 0
257 0.166883963494133 0 0
258 0.167535853976532 0 0
259 0.168187744458931 0 0
260 0.16883963494133 0 0
261 0.169491525423729 0 0
262 0.170143415906128 0 0
263 0.170795306388527 0 0
264 0.171447196870926 0 0
265 0.172099087353325 0 0
266 0.172750977835724 0 0
267 0.173402868318122 0 0
268 0.174054758800521 0 0
269 0.174706649282921 0 0
270 0.175358539765319 0 0
271 0.176010430247718 0 0
272 0.176662320730117 0 0
273 0.177314211212516 0 0
274 0.177966101694915 0 0
275 0.178617992177314 0 0
276 0.179269882659713 0 0
277 0.179921773142112 0 0
278 0.180573663624511 0 0
279 0.18122555410691 0 0
280 0.181877444589309 0 0
281 0.182529335071708 0 0
282 0.183181225554107 0 0
283 0.183833116036506 0 0
284 0.184485006518905 0 0
285 0.185136897001304 0 0
286 0.185788787483703 0 0
287 0.186440677966102 0 0
288 0.187092568448501 0 0
289 0.1877444589309 0 0
290 0.188396349413299 0 0
291 0.189048239895697 0 0
292 0.189700130378096 0 0
293 0.190352020860495 0 0
294 0.191003911342894 0 0
295 0.191655801825293 0 0
296 0.192307692307692 0 0
297 0.192959582790091 0 0
298 0.19361147327249 0 0
299 0.194263363754889 0 0
300 0.194915254237288 0 0
301 0.195567144719687 0 0
302 0.196219035202086 0 0
303 0.196870925684485 0 0
304 0.197522816166884 0 0
305 0.198174706649283 0 0
306 0.198826597131682 0 0
307 0.199478487614081 0 0
308 0.20013037809648 0 0
309 0.200782268578879 0 0
310 0.201434159061278 0 0
311 0.202086049543677 0 0
312 0.202737940026076 0 0
313 0.203389830508475 0 0
314 0.204041720990874 0 0
315 0.204693611473273 0 0
316 0.205345501955671 0 0
317 0.20599739243807 0 0
318 0.206649282920469 0 0
319 0.207301173402868 0 0
320 0.207953063885267 0 0
321 0.208604954367666 0 0
322 0.209256844850065 0 0
323 0.209908735332464 0 0
324 0.210560625814863 0 0
325 0.211212516297262 0 0
326 0.211864406779661 0 0
327 0.21251629726206 0 0
328 0.213168187744459 0 0
329 0.213820078226858 0 0
330 0.214471968709257 0 0
331 0.215123859191656 0 0
332 0.215775749674055 0 0
333 0.216427640156454 0 0
334 0.217079530638853 0 0
335 0.217731421121252 0 0
336 0.218383311603651 0 0
337 0.21903520208605 0 0
338 0.219687092568449 0 0
339 0.220338983050848 0 0
340 0.220990873533246 0 0
341 0.221642764015645 0 0
342 0.222294654498044 0 0
343 0.222946544980443 0 0
344 0.223598435462842 0 0
345 0.224250325945241 0 0
346 0.22490221642764 0 0
347 0.225554106910039 0 0
348 0.226205997392438 0 0
349 0.226857887874837 0 0
350 0.227509778357236 0 0
351 0.228161668839635 0 0
352 0.228813559322034 0 0
353 0.229465449804433 0 0
354 0.230117340286832 0 0
355 0.230769230769231 0 0
356 0.23142112125163 0 0
357 0.232073011734029 0 0
358 0.232724902216428 0 0
359 0.233376792698827 0 0
360 0.234028683181225 0 0
361 0.234680573663624 0 0
362 0.235332464146023 0 0
363 0.235984354628422 0 0
364 0.236636245110821 0 0
365 0.23728813559322 0 0
366 0.237940026075619 0 0
367 0.238591916558018 0 0
368 0.239243807040417 0 0
369 0.239895697522816 0 0
370 0.240547588005215 0 0
371 0.241199478487614 0 0
372 0.241851368970013 0 0
373 0.242503259452412 0 0
374 0.243155149934811 0 0
375 0.24380704041721 0 0
376 0.244458930899609 0 0
377 0.245110821382008 0 0
378 0.245762711864407 0 0
379 0.246414602346806 0 0
380 0.247066492829205 0 0
381 0.247718383311604 0 0
382 0.248370273794003 0 0
383 0.249022164276402 0 0
384 0.249674054758801 0 0
385 0.250325945241199 0 0
386 0.250977835723598 0 0
387 0.251629726205997 0 0
388 0.252281616688396 0 0
389 0.252933507170795 0 0
390 0.253585397653194 0 0
391 0.254237288135593 0 0
392 0.254889178617992 0 0
393 0.255541069100391 0 0
394 0.25619295958279 0 0
395 0.256844850065189 0 0
396 0.257496740547588 0 0
397 0.258148631029987 0 0
398 0.258800521512386 0 0
399 0.259452411994785 0 0
400 0.260104302477184 0 0
401 0.260756192959583 0 0
402 0.261408083441982 0 0
403 0.262059973924381 0 0
404 0.26271186440678 0 0
405 0.263363754889179 0 0
406 0.264015645371578 0 0
407 0.264667535853977 0 0
408 0.265319426336376 0 0
409 0.265971316818775 0 0
410 0.266623207301173 0 0
411 0.267275097783572 0 0
412 0.267926988265971 0 0
413 0.26857887874837 0 0
414 0.269230769230769 0 0
415 0.269882659713168 0 0
416 0.270534550195567 0 0
417 0.271186440677966 0 0
418 0.271838331160365 0 0
419 0.272490221642764 0 0
420 0.273142112125163 0 0
421 0.273794002607562 0 0
422 0.274445893089961 0 0
423 0.27509778357236 0 0
424 0.275749674054759 0 0
425 0.276401564537158 0 0
426 0.277053455019557 0 0
427 0.277705345501956 0 0
428 0.278357235984355 0 0
429 0.279009126466754 0 0
430 0.279661016949153 0 0
431 0.280312907431552 0 0
432 0.280964797913951 0 0
433 0.281616688396349 0 0
434 0.282268578878748 0 0
435 0.282920469361147 0 0
436 0.283572359843546 0 0
437 0.284224250325945 0 0
438 0.284876140808344 0 0
439 0.285528031290743 0 0
440 0.286179921773142 0 0
441 0.286831812255541 0 0
442 0.28748370273794 0 0
443 0.288135593220339 0 0
444 0.288787483702738 0 0
445 0.289439374185137 0 0
446 0.290091264667536 0 0
447 0.290743155149935 0 0
448 0.291395045632334 0 0
449 0.292046936114733 0 0
450 0.292698826597132 0 0
451 0.293350717079531 0 0
452 0.29400260756193 0 0
453 0.294654498044328 0 0
454 0.295306388526728 0 0
455 0.295958279009127 0 0
456 0.296610169491525 0 0
457 0.297262059973924 0 0
458 0.297913950456323 0 0
459 0.298565840938722 0 0
460 0.299217731421121 0 0
461 0.29986962190352 0 0
462 0.300521512385919 0 0
463 0.301173402868318 0 0
464 0.301825293350717 0 0
465 0.302477183833116 0 0
466 0.303129074315515 0 0
467 0.303780964797914 0 0
468 0.304432855280313 0 0
469 0.305084745762712 0 0
470 0.305736636245111 0 0
471 0.30638852672751 0 0
472 0.307040417209909 0 0
473 0.307692307692308 0 0
474 0.308344198174707 0 0
475 0.308996088657106 0 0
476 0.309647979139505 0 0
477 0.310299869621903 0 0
478 0.310951760104302 0 0
479 0.311603650586701 0 0
480 0.3122555410691 0 0
481 0.312907431551499 0 0
482 0.313559322033898 0 0
483 0.314211212516297 0 0
484 0.314863102998696 0 0
485 0.315514993481095 0 0
486 0.316166883963494 0 0
487 0.316818774445893 0 0
488 0.317470664928292 0 0
489 0.318122555410691 0 0
490 0.31877444589309 0 0
491 0.319426336375489 0 0
492 0.320078226857888 0 0
493 0.320730117340287 0 0
494 0.321382007822686 0 0
495 0.322033898305085 0 0
496 0.322685788787484 0 0
497 0.323337679269883 0 0
498 0.323989569752282 0 0
499 0.32464146023468 0 0
500 0.325293350717079 0 0
501 0.325945241199478 0 0
502 0.326597131681877 0 0
503 0.327249022164276 0 0
504 0.327900912646675 0 0
505 0.328552803129074 0 0
506 0.329204693611473 0 0
507 0.329856584093872 0 0
508 0.330508474576271 0 0
509 0.33116036505867 0 0
510 0.331812255541069 0 0
511 0.332464146023468 0 0
512 0.333116036505867 0 0
513 0.333767926988266 0 0
514 0.334419817470665 0 0
515 0.335071707953064 0 0
516 0.335723598435463 0 0
517 0.336375488917862 0 0
518 0.337027379400261 0 0
519 0.33767926988266 0 0
520 0.338331160365059 0 0
521 0.338983050847458 0 0
522 0.339634941329857 0 0
523 0.340286831812256 0 0
524 0.340938722294654 0 0
525 0.341590612777053 0 0
526 0.342242503259452 0 0
527 0.342894393741851 0 0
528 0.34354628422425 0 0
529 0.344198174706649 0 0
530 0.344850065189048 0 0
531 0.345501955671447 0 0
532 0.346153846153846 0 0
533 0.346805736636245 0 0
534 0.347457627118644 0 0
535 0.348109517601043 0 0
536 0.348761408083442 0 0
537 0.349413298565841 0 0
538 0.35006518904824 0 0
539 0.350717079530639 0 0
540 0.351368970013038 0 0
541 0.352020860495437 0 0
542 0.352672750977836 0 0
543 0.353324641460235 0 0
544 0.353976531942634 0 0
545 0.354628422425033 0 0
546 0.355280312907432 0 0
547 0.355932203389831 0 0
548 0.356584093872229 0 0
549 0.357235984354628 0 0
550 0.357887874837027 0 0
551 0.358539765319426 0 0
552 0.359191655801825 0 0
553 0.359843546284224 0 0
554 0.360495436766623 0 0
555 0.361147327249022 0 0
556 0.361799217731421 0 0
557 0.36245110821382 0 0
558 0.363102998696219 0 0
559 0.363754889178618 0 0
560 0.364406779661017 0 0
561 0.365058670143416 0 0
562 0.365710560625815 0 0
563 0.366362451108214 0 0
564 0.367014341590613 0 0
565 0.367666232073012 0 0
566 0.368318122555411 0 0
567 0.36897001303781 0 0
568 0.369621903520209 0 0
569 0.370273794002608 0 0
570 0.370925684485007 0 0
571 0.371577574967406 0 0
572 0.372229465449804 0 0
573 0.372881355932203 0 0
574 0.373533246414602 0 0
575 0.374185136897001 0 0
576 0.3748370273794 0 0
577 0.375488917861799 0 0
578 0.376140808344198 0 0
579 0.376792698826597 0 0
580 0.377444589308996 0 0
581 0.378096479791395 0 0
582 0.378748370273794 0 0
583 0.379400260756193 0 0
584 0.380052151238592 0 0
585 0.380704041720991 0 0
586 0.38135593220339 0 0
587 0.382007822685789 0 0
588 0.382659713168188 0 0
589 0.383311603650587 0 0
590 0.383963494132986 0 0
591 0.384615384615385 0 0
592 0.385267275097784 0 0
593 0.385919165580183 0 0
594 0.386571056062582 0 0
595 0.38722294654498 0 0
596 0.387874837027379 0 0
597 0.388526727509778 0 0
598 0.389178617992177 0 0
599 0.389830508474576 0 0
600 0.390482398956975 0 0
601 0.391134289439374 0 0
602 0.391786179921773 0 0
603 0.392438070404172 0 0
604 0.393089960886571 0 0
605 0.39374185136897 0 0
606 0.394393741851369 0 0
607 0.395045632333768 0 0
608 0.395697522816167 0 0
609 0.396349413298566 0 0
610 0.397001303780965 0 0
611 0.397653194263364 0 0
612 0.398305084745763 0 0
613 0.398956975228162 0 0
614 0.399608865710561 0 0
615 0.40026075619296 0 0
616 0.400912646675358 0 0
617 0.401564537157757 0 0
618 0.402216427640156 0 0
619 0.402868318122555 0 0
620 0.403520208604954 0 0
621 0.404172099087353 0 0
622 0.404823989569752 0 0
623 0.405475880052151 0 0
624 0.40612777053455 0 0
625 0.406779661016949 0 0
626 0.407431551499348 0 0
627 0.408083441981747 0 0
628 0.408735332464146 0 0
629 0.409387222946545 0 0
630 0.410039113428944 0 0
631 0.410691003911343 0 0
632 0.411342894393742 0 0
633 0.411994784876141 0 0
634 0.41264667535854 0 0
635 0.413298565840939 0 0
636 0.413950456323338 0 0
637 0.414602346805737 0 0
638 0.415254237288136 0 0
639 0.415906127770534 0 0
640 0.416558018252933 0 0
641 0.417209908735332 0 0
642 0.417861799217731 0 0
643 0.41851368970013 0 0
644 0.419165580182529 0 0
645 0.419817470664928 0 0
646 0.420469361147327 0 0
647 0.421121251629726 0 0
648 0.421773142112125 0 0
649 0.422425032594524 0 0
650 0.423076923076923 0 0
651 0.423728813559322 0 0
652 0.424380704041721 0 0
653 0.42503259452412 0 0
654 0.425684485006519 0 0
655 0.426336375488918 0 0
656 0.426988265971317 0 0
657 0.427640156453716 0 0
658 0.428292046936115 0 0
659 0.428943937418514 0 0
660 0.429595827900913 0 0
661 0.430247718383312 0 0
662 0.43089960886571 0 0
663 0.431551499348109 0 0
664 0.432203389830508 0 0
665 0.432855280312907 0 0
666 0.433507170795306 0 0
667 0.434159061277705 0 0
668 0.434810951760104 0 0
669 0.435462842242503 0 0
670 0.436114732724902 0 0
671 0.436766623207301 0 0
672 0.4374185136897 0 0
673 0.438070404172099 0 0
674 0.438722294654498 0 0
675 0.439374185136897 0 0
676 0.440026075619296 0 0
677 0.440677966101695 0 0
678 0.441329856584094 0 0
679 0.441981747066493 0 0
680 0.442633637548892 0 0
681 0.443285528031291 0 0
682 0.44393741851369 0 0
683 0.444589308996089 0 0
684 0.445241199478488 0 0
685 0.445893089960887 0 0
686 0.446544980443285 0 0
687 0.447196870925684 0 0
688 0.447848761408083 0 0
689 0.448500651890482 0 0
690 0.449152542372881 0 0
691 0.44980443285528 0 0
692 0.450456323337679 0 0
693 0.451108213820078 0 0
694 0.451760104302477 0 0
695 0.452411994784876 0 0
696 0.453063885267275 0 0
697 0.453715775749674 0 0
698 0.454367666232073 0 0
699 0.455019556714472 0 0
700 0.455671447196871 0 0
701 0.45632333767927 0 0
702 0.456975228161669 0 0
703 0.457627118644068 0 0
704 0.458279009126467 0 0
705 0.458930899608866 0 0
706 0.459582790091265 0 0
707 0.460234680573664 0 0
708 0.460886571056063 0 0
709 0.461538461538462 0 0
710 0.462190352020861 0 0
711 0.462842242503259 0 0
712 0.463494132985658 0 0
713 0.464146023468057 0 0
714 0.464797913950456 0 0
715 0.465449804432855 0 0
716 0.466101694915254 0 0
717 0.466753585397653 0 0
718 0.467405475880052 0 0
719 0.468057366362451 0 0
720 0.46870925684485 0 0
721 0.469361147327249 0 0
722 0.470013037809648 0 0
723 0.470664928292047 0 0
724 0.471316818774446 0 0
725 0.471968709256845 0 0
726 0.472620599739244 0 0
727 0.473272490221643 0 0
728 0.473924380704042 0 0
729 0.474576271186441 0 0
730 0.47522816166884 0 0
731 0.475880052151239 0 0
732 0.476531942633638 0 0
733 0.477183833116037 0 0
734 0.477835723598436 0 0
735 0.478487614080834 0 0
736 0.479139504563233 0 0
737 0.479791395045632 0 0
738 0.480443285528031 0 0
739 0.48109517601043 0 0
740 0.481747066492829 0 0
741 0.482398956975228 0 0
742 0.483050847457627 0 0
743 0.483702737940026 0 0
744 0.484354628422425 0 0
745 0.485006518904824 0 0
746 0.485658409387223 0 0
747 0.486310299869622 0 0
748 0.486962190352021 0 0
749 0.48761408083442 0 0
750 0.488265971316819 0 0
751 0.488917861799218 0 0
752 0.489569752281617 0 0
753 0.490221642764016 0 0
754 0.490873533246415 0 0
755 0.491525423728814 0 0
756 0.492177314211213 0 0
757 0.492829204693612 0 0
758 0.49348109517601 0 0
759 0.494132985658409 0 0
760 0.494784876140808 0 0
761 0.495436766623207 0 0
762 0.496088657105606 0 0
763 0.496740547588005 0 0
764 0.497392438070404 0 0
765 0.498044328552803 0 0
766 0.498696219035202 0 0
767 0.499348109517601 0 0
768 0.5 0 0
769 0.500651890482399 0 0
770 0.501303780964798 0 0
771 0.501955671447197 0 0
772 0.502607561929596 0 0
773 0.503259452411995 0 0
774 0.503911342894394 0 0
775 0.504563233376793 0 0
776 0.505215123859192 0 0
777 0.505867014341591 0 0
778 0.50651890482399 0 0
779 0.507170795306389 0 0
780 0.507822685788788 0 0
781 0.508474576271186 0 0
782 0.509126466753585 0 0
783 0.509778357235984 0 0
784 0.510430247718383 0 0
785 0.511082138200782 0 0
786 0.511734028683181 0 0
787 0.51238591916558 0 0
788 0.513037809647979 0 0
789 0.513689700130378 0 0
790 0.514341590612777 0 0
791 0.514993481095176 0 0
792 0.515645371577575 0 0
793 0.516297262059974 0 0
794 0.516949152542373 0 0
795 0.517601043024772 0 0
796 0.518252933507171 0 0
797 0.51890482398957 0 0
798 0.519556714471969 0 0
799 0.520208604954368 0 0
800 0.520860495436767 0 0
801 0.521512385919166 0 0
802 0.522164276401565 0 0
803 0.522816166883963 0 0
804 0.523468057366362 0 0
805 0.524119947848761 0 0
806 0.52477183833116 0 0
807 0.525423728813559 0 0
808 0.526075619295958 0 0
809 0.526727509778357 0 0
810 0.527379400260756 0 0
811 0.528031290743155 0 0
812 0.528683181225554 0 0
813 0.529335071707953 0 0
814 0.529986962190352 0 0
815 0.530638852672751 0 0
816 0.53129074315515 0 0
817 0.531942633637549 0 0
818 0.532594524119948 0 0
819 0.533246414602347 0 0
820 0.533898305084746 0 0
821 0.534550195567145 0 0
822 0.535202086049544 0 0
823 0.535853976531943 0 0
824 0.536505867014342 0 0
825 0.537157757496741 0 0
826 0.537809647979139 0 0
827 0.538461538461538 0 0
828 0.539113428943937 0 0
829 0.539765319426336 0 0
830 0.540417209908735 0 0
831 0.541069100391134 0 0
832 0.541720990873533 0 0
833 0.542372881355932 0 0
834 0.543024771838331 0 0
835 0.54367666232073 0 0
836 0.544328552803129 0 0
837 0.544980443285528 0 0
838 0.545632333767927 0 0
839 0.546284224250326 0 0
840 0.546936114732725 0 0
841 0.547588005215124 0 0
842 0.548239895697523 0 0
843 0.548891786179922 0 0
844 0.549543676662321 0 0
845 0.55019556714472 0 0
846 0.550847457627119 0 0
847 0.551499348109518 0 0
848 0.552151238591917 0 0
849 0.552803129074316 0 0
850 0.553455019556715 0 0
851 0.554106910039113 0 0
852 0.554758800521512 0 0
853 0.555410691003911 0 0
854 0.55606258148631 0 0
855 0.556714471968709 0 0
856 0.557366362451108 0 0
857 0.558018252933507 0 0
858 0.558670143415906 0 0
859 0.559322033898305 0 0
860 0.559973924380704 0 0
861 0.560625814863103 0 0
862 0.561277705345502 0 0
863 0.561929595827901 0 0
864 0.5625814863103 0 0
865 0.563233376792699 0 0
866 0.563885267275098 0 0
867 0.564537157757497 0 0
868 0.565189048239896 0 0
869 0.565840938722295 0 0
870 0.566492829204694 0 0
871 0.567144719687093 0 0
872 0.567796610169492 0 0
873 0.56844850065189 0 0
874 0.569100391134289 0 0
875 0.569752281616688 0 0
876 0.570404172099087 0 0
877 0.571056062581486 0 0
878 0.571707953063885 0 0
879 0.572359843546284 0 0
880 0.573011734028683 0 0
881 0.573663624511082 0 0
882 0.574315514993481 0 0
883 0.57496740547588 0 0
884 0.575619295958279 0 0
885 0.576271186440678 0 0
886 0.576923076923077 0 0
887 0.577574967405476 0 0
888 0.578226857887875 0 0
889 0.578878748370274 0 0
890 0.579530638852673 0 0
891 0.580182529335072 0 0
892 0.580834419817471 0 0
893 0.58148631029987 0 0
894 0.582138200782269 0 0
895 0.582790091264668 0 0
896 0.583441981747066 0 0
897 0.584093872229465 0 0
898 0.584745762711864 0 0
899 0.585397653194263 0 0
900 0.586049543676662 0 0
901 0.586701434159061 0 0
902 0.58735332464146 0 0
903 0.588005215123859 0 0
904 0.588657105606258 0 0
905 0.589308996088657 0 0
906 0.589960886571056 0 0
907 0.590612777053455 0 0
908 0.591264667535854 0 0
909 0.591916558018253 0 0
910 0.592568448500652 0 0
911 0.593220338983051 0 0
912 0.59387222946545 0 0
913 0.594524119947849 0 0
914 0.595176010430248 0 0
915 0.595827900912647 0 0
916 0.596479791395046 0 0
917 0.597131681877445 0 0
918 0.597783572359843 0 0
919 0.598435462842242 0 0
920 0.599087353324641 0 0
921 0.59973924380704 0 0
922 0.600391134289439 0 0
923 0.601043024771838 0 0
924 0.601694915254237 0 0
925 0.602346805736636 0 0
926 0.602998696219035 0 0
927 0.603650586701434 0 0
928 0.604302477183833 0 0
929 0.604954367666232 0 0
930 0.605606258148631 0 0
931 0.60625814863103 0 0
932 0.606910039113429 0 0
933 0.607561929595828 0 0
934 0.608213820078227 0 0
935 0.608865710560626 0 0
936 0.609517601043025 0 0
937 0.610169491525424 0 0
938 0.610821382007823 0 0
939 0.611473272490222 0 0
940 0.612125162972621 0 0
941 0.61277705345502 0 0
942 0.613428943937419 0 0
943 0.614080834419817 0 0
944 0.614732724902216 0 0
945 0.615384615384615 0 0
946 0.616036505867014 0 0
947 0.616688396349413 0 0
948 0.617340286831812 0 0
949 0.617992177314211 0 0
950 0.61864406779661 0 0
951 0.619295958279009 0 0
952 0.619947848761408 0 0
953 0.620599739243807 0 0
954 0.621251629726206 0 0
955 0.621903520208605 0 0
956 0.622555410691004 0 0
957 0.623207301173403 0 0
958 0.623859191655802 0 0
959 0.624511082138201 0 0
960 0.6251629726206 0 0
961 0.625814863102999 0 0
962 0.626466753585398 0 0
963 0.627118644067797 0 0
964 0.627770534550196 0 0
965 0.628422425032594 0 0
966 0.629074315514993 0 0
967 0.629726205997392 0 0
968 0.630378096479791 0 0
969 0.63102998696219 0 0
970 0.631681877444589 0 0
971 0.632333767926988 0 0
972 0.632985658409387 0 0
973 0.633637548891786 0 0
974 0.634289439374185 0 0
975 0.634941329856584 0 0
976 0.635593220338983 0 0
977 0.636245110821382 0 0
978 0.636897001303781 0 0
979 0.63754889178618 0 0
980 0.638200782268579 0 0
981 0.638852672750978 0 0
982 0.639504563233377 0 0
983 0.640156453715776 0 0
984 0.640808344198175 0 0
985 0.641460234680574 0 0
986 0.642112125162973 0 0
987 0.642764015645372 0 0
988 0.64341590612777 0 0
989 0.644067796610169 0 0
990 0.644719687092568 0 0
991 0.645371577574967 0 0
992 0.646023468057366 0 0
993 0.646675358539765 0 0
994 0.647327249022164 0 0
995 0.647979139504563 0 0
996 0.648631029986962 0 0
997 0.649282920469361 0 0
998 0.64993481095176 0 0
999 0.650586701434159 0 0
1000 0.651238591916558 0 0
1001 0.651890482398957 0 0
1002 0.652542372881356 0 0
1003 0.653194263363755 0 0
1004 0.653846153846154 0 0
1005 0.654498044328553 0 0
1006 0.655149934810952 0 0
1007 0.655801825293351 0 0
1008 0.65645371577575 0 0
1009 0.657105606258149 0 0
1010 0.657757496740548 0 0
1011 0.658409387222947 0 0
1012 0.659061277705346 0 0
1013 0.659713168187744 0 0
1014 0.660365058670143 0 0
1015 0.661016949152542 0 0
1016 0.661668839634941 0 0
1017 0.66232073011734 0 0
1018 0.662972620599739 0 0
1019 0.663624511082138 0 0
1020 0.664276401564537 0 0
1021 0.664928292046936 0 0
1022 0.665580182529335 0 0
1023 0.666232073011734 0 0
1024 0.666883963494133 0 0
1025 0.667535853976532 0 0
1026 0.668187744458931 0 0
1027 0.66883963494133 0 0
1028 0.669491525423729 0 0
1029 0.670143415906128 0 0
1030 0.670795306388527 0 0
1031 0.671447196870926 0 0
1032 0.672099087353325 0 0
1033 0.672750977835724 0 0
1034 0.673402868318123 0 0
1035 0.674054758800521 0 0
1036 0.67470664928292 0 0
1037 0.675358539765319 0 0
1038 0.676010430247718 0 0
1039 0.676662320730117 0 0
1040 0.677314211212516 0 0
1041 0.677966101694915 0 0
1042 0.678617992177314 0 0
1043 0.679269882659713 0 0
1044 0.679921773142112 0 0
1045 0.680573663624511 0 0
1046 0.68122555410691 0 0
1047 0.681877444589309 0 0
1048 0.682529335071708 0 0
1049 0.683181225554107 0 0
1050 0.683833116036506 0 0
1051 0.684485006518905 0 0
1052 0.685136897001304 0 0
1053 0.685788787483703 0 0
1054 0.686440677966102 0 0
1055 0.687092568448501 0 0
1056 0.6877444589309 0 0
1057 0.688396349413299 0 0
1058 0.689048239895697 0 0
1059 0.689700130378096 0 0
1060 0.690352020860495 0 0
1061 0.691003911342894 0 0
1062 0.691655801825293 0 0
1063 0.692307692307692 0 0
1064 0.692959582790091 0 0
1065 0.69361147327249 0 0
1066 0.694263363754889 0 0
1067 0.694915254237288 0 0
1068 0.695567144719687 0 0
1069 0.696219035202086 0 0
1070 0.696870925684485 0 0
1071 0.697522816166884 0 0
1072 0.698174706649283 0 0
1073 0.698826597131682 0 0
1074 0.699478487614081 0 0
1075 0.70013037809648 0 0
1076 0.700782268578879 0 0
1077 0.701434159061278 0 0
1078 0.702086049543677 0 0
1079 0.702737940026076 0 0
1080 0.703389830508474 0 0
1081 0.704041720990873 0 0
1082 0.704693611473272 0 0
1083 0.705345501955671 0 0
1084 0.70599739243807 0 0
1085 0.706649282920469 0 0
1086 0.707301173402868 0 0
1087 0.707953063885267 0 0
1088 0.708604954367666 0 0
1089 0.709256844850065 0 0
1090 0.709908735332464 0 0
1091 0.710560625814863 0 0
1092 0.711212516297262 0 0
1093 0.711864406779661 0 0
1094 0.71251629726206 0 0
1095 0.713168187744459 0 0
1096 0.713820078226858 0 0
1097 0.714471968709257 0 0
1098 0.715123859191656 0 0
1099 0.715775749674055 0 0
1100 0.716427640156454 0 0
1101 0.717079530638853 0 0
1102 0.717731421121252 0 0
1103 0.718383311603651 0 0
1104 0.71903520208605 0 0
1105 0.719687092568448 0 0
1106 0.720338983050847 0 0
1107 0.720990873533246 0 0
1108 0.721642764015645 0 0
1109 0.722294654498044 0 0
1110 0.722946544980443 0 0
1111 0.723598435462842 0 0
1112 0.724250325945241 0 0
1113 0.72490221642764 0 0
1114 0.725554106910039 0 0
1115 0.726205997392438 0 0
1116 0.726857887874837 0 0
1117 0.727509778357236 0 0
1118 0.728161668839635 0 0
1119 0.728813559322034 0 0
1120 0.729465449804433 0 0
1121 0.730117340286832 0 0
1122 0.730769230769231 0 0
1123 0.73142112125163 0 0
1124 0.732073011734029 0 0
1125 0.732724902216428 0 0
1126 0.733376792698827 0 0
1127 0.734028683181225 0 0
1128 0.734680573663624 0 0
1129 0.735332464146023 0 0
1130 0.735984354628422 0 0
1131 0.736636245110821 0 0
1132 0.73728813559322 0 0
1133 0.737940026075619 0 0
1134 0.738591916558018 0 0
1135 0.739243807040417 0 0
1136 0.739895697522816 0 0
1137 0.740547588005215 0 0
1138 0.741199478487614 0 0
1139 0.741851368970013 0 0
1140 0.742503259452412 0 0
1141 0.743155149934811 0 0
1142 0.74380704041721 0 0
1143 0.744458930899609 0 0
1144 0.745110821382008 0 0
1145 0.745762711864407 0 0
1146 0.746414602346806 0 0
1147 0.747066492829205 0 0
1148 0.747718383311604 0 0
1149 0.748370273794003 0 0
1150 0.749022164276401 0 0
1151 0.7496740547588 0 0
1152 0.750325945241199 0 0
1153 0.750977835723598 0 0
1154 0.751629726205997 0 0
1155 0.752281616688396 0 0
1156 0.752933507170795 0 0
1157 0.753585397653194 0 0
1158 0.754237288135593 0 0
1159 0.754889178617992 0 0
1160 0.755541069100391 0 0
1161 0.75619295958279 0 0
1162 0.756844850065189 0 0
1163 0.757496740547588 0 0
1164 0.758148631029987 0 0
1165 0.758800521512386 0 0
1166 0.759452411994785 0 0
1167 0.760104302477184 0 0
1168 0.760756192959583 0 0
1169 0.761408083441982 0 0
1170 0.762059973924381 0 0
1171 0.76271186440678 0 0
1172 0.763363754889179 0 0
1173 0.764015645371578 0 0
1174 0.764667535853977 0 0
1175 0.765319426336376 0 0
1176 0.765971316818775 0 0
1177 0.766623207301173 0 0
1178 0.767275097783572 0 0
1179 0.767926988265971 0 0
1180 0.76857887874837 0 0
1181 0.769230769230769 0 0
1182 0.769882659713168 0 0
1183 0.770534550195567 0 0
1184 0.771186440677966 0 0
1185 0.771838331160365 0 0
1186 0.772490221642764 0 0
1187 0.773142112125163 0 0
1188 0.773794002607562 0 0
1189 0.774445893089961 0 0
1190 0.77509778357236 0 0
1191 0.775749674054759 0 0
1192 0.776401564537158 0 0
1193 0.777053455019557 0 0
1194 0.777705345501956 0 0
1195 0.778357235984355 0 0
1196 0.779009126466754 0 0
1197 0.779661016949153 0 0
1198 0.780312907431552 0 0
1199 0.78096479791395 0 0
1200 0.781616688396349 0 0
1201 0.782268578878748 0 0
1202 0.782920469361147 0 0
1203 0.783572359843546 0 0
1204 0.784224250325945 0 0
1205 0.784876140808344 0 0
1206 0.785528031290743 0 0
1207 0.786179921773142 0 0
1208 0.786831812255541 0 0
1209 0.78748370273794 0 0
1210 0.788135593220339 0 0
1211 0.788787483702738 0 0
1212 0.789439374185137 0 0
1213 0.790091264667536 0 0
1214 0.790743155149935 0 0
1215 0.791395045632334 0 0
1216 0.792046936114733 0 0
1217 0.792698826597132 0 0
1218 0.793350717079531 0 0
1219 0.79400260756193 0 0
1220 0.794654498044329 0 0
1221 0.795306388526728 0 0
1222 0.795958279009126 0 0
1223 0.796610169491525 0 0
1224 0.797262059973924 0 0
1225 0.797913950456323 0 0
1226 0.798565840938722 0 0
1227 0.799217731421121 0 0
1228 0.79986962190352 0 0
1229 0.800521512385919 0 0
1230 0.801173402868318 0 0
1231 0.801825293350717 0 0
1232 0.802477183833116 0 0
1233 0.803129074315515 0 0
1234 0.803780964797914 0 0
1235 0.804432855280313 0 0
1236 0.805084745762712 0 0
1237 0.805736636245111 0 0
1238 0.80638852672751 0 0
1239 0.807040417209909 0 0
1240 0.807692307692308 0 0
1241 0.808344198174707 0 0
1242 0.808996088657106 0 0
1243 0.809647979139505 0 0
1244 0.810299869621903 0 0
1245 0.810951760104302 0 0
1246 0.811603650586701 0 0
1247 0.8122555410691 0 0
1248 0.812907431551499 0 0
1249 0.813559322033898 0 0
1250 0.814211212516297 0 0
1251 0.814863102998696 0 0
1252 0.815514993481095 0 0
1253 0.816166883963494 0 0
1254 0.816818774445893 0 0
1255 0.817470664928292 0 0
1256 0.818122555410691 0 0
1257 0.81877444589309 0 0
1258 0.819426336375489 0 0
1259 0.820078226857888 0 0
1260 0.820730117340287 0 0
1261 0.821382007822686 0 0
1262 0.822033898305085 0 0
1263 0.822685788787484 0 0
1264 0.823337679269883 0 0
1265 0.823989569752282 0 0
1266 0.824641460234681 0 0
1267 0.82529335071708 0 0
1268 0.825945241199479 0 0
1269 0.826597131681877 0 0
1270 0.827249022164276 0 0
1271 0.827900912646675 0 0
1272 0.828552803129074 0 0
1273 0.829204693611473 0 0
1274 0.829856584093872 0 0
1275 0.830508474576271 0 0
1276 0.83116036505867 0 0
1277 0.831812255541069 0 0
1278 0.832464146023468 0 0
1279 0.833116036505867 0 0
1280 0.833767926988266 0 0
1281 0.834419817470665 0 0
1282 0.835071707953064 0 0
1283 0.835723598435463 0 0
1284 0.836375488917862 0 0
1285 0.837027379400261 0 0
1286 0.83767926988266 0 0
1287 0.838331160365059 0 0
1288 0.838983050847458 0 0
1289 0.839634941329857 0 0
1290 0.840286831812256 0 0
1291 0.840938722294654 0 0
1292 0.841590612777053 0 0
1293 0.842242503259452 0 0
1294 0.842894393741851 0 0
1295 0.84354628422425 0 0
1296 0.844198174706649 0 0
1297 0.844850065189048 0 0
1298 0.845501955671447 0 0
1299 0.846153846153846 0 0
1300 0.846805736636245 0 0
1301 0.847457627118644 0 0
1302 0.848109517601043 0 0
1303 0.848761408083442 0 0
1304 0.849413298565841 0 0
1305 0.85006518904824 0 0
1306 0.850717079530639 0 0
1307 0.851368970013038 0 0
1308 0.852020860495437 0 0
1309 0.852672750977836 0 0
1310 0.853324641460235 0 0
1311 0.853976531942634 0 0
1312 0.854628422425033 0 0
1313 0.855280312907432 0 0
1314 0.85593220338983 0 0
1315 0.856584093872229 0 0
1316 0.857235984354628 0 0
1317 0.857887874837027 0 0
1318 0.858539765319426 0 0
1319 0.859191655801825 0 0
1320 0.859843546284224 0 0
1321 0.860495436766623 0 0
1322 0.861147327249022 0 0
1323 0.861799217731421 0 0
1324 0.86245110821382 0 0
1325 0.863102998696219 0 0
1326 0.863754889178618 0 0
1327 0.864406779661017 0 0
1328 0.865058670143416 0 0
1329 0.865710560625815 0 0
1330 0.866362451108214 0 0
1331 0.867014341590613 0 0
1332 0.867666232073012 0 0
1333 0.868318122555411 0 0
1334 0.86897001303781 0 0
1335 0.869621903520209 0 0
1336 0.870273794002608 0 0
1337 0.870925684485007 0 0
1338 0.871577574967406 0 0
1339 0.872229465449804 0 0
1340 0.872881355932203 0 0
1341 0.873533246414602 0 0
1342 0.874185136897001 0 0
1343 0.8748370273794 0 0
1344 0.875488917861799 0 0
1345 0.876140808344198 0 0
1346 0.876792698826597 0 0
1347 0.877444589308996 0 0
1348 0.878096479791395 0 0
1349 0.878748370273794 0 0
1350 0.879400260756193 0 0
1351 0.880052151238592 0 0
1352 0.880704041720991 0 0
1353 0.88135593220339 0 0
1354 0.882007822685789 0 0
1355 0.882659713168188 0 0
1356 0.883311603650587 0 0
1357 0.883963494132986 0 0
1358 0.884615384615385 0 0
1359 0.885267275097784 0 0
1360 0.885919165580183 0 0
1361 0.886571056062581 0 0
1362 0.88722294654498 0 0
1363 0.887874837027379 0 0
1364 0.888526727509778 0 0
1365 0.889178617992177 0 0
1366 0.889830508474576 0 0
1367 0.890482398956975 0 0
1368 0.891134289439374 0 0
1369 0.891786179921773 0 0
1370 0.892438070404172 0 0
1371 0.893089960886571 0 0
1372 0.89374185136897 0 0
1373 0.894393741851369 0 0
1374 0.895045632333768 0 0
1375 0.895697522816167 0 0
1376 0.896349413298566 0 0
1377 0.897001303780965 0 0
1378 0.897653194263364 0 0
1379 0.898305084745763 0 0
1380 0.898956975228162 0 0
1381 0.899608865710561 0 0
1382 0.90026075619296 0 0
1383 0.900912646675359 0 0
1384 0.901564537157757 0 0
1385 0.902216427640156 0 0
1386 0.902868318122555 0 0
1387 0.903520208604954 0 0
1388 0.904172099087353 0 0
1389 0.904823989569752 0 0
1390 0.905475880052151 0 0
1391 0.90612777053455 0 0
1392 0.906779661016949 0 0
1393 0.907431551499348 0 0
1394 0.908083441981747 0 0
1395 0.908735332464146 0 0
1396 0.909387222946545 0 0
1397 0.910039113428944 0 0
1398 0.910691003911343 0 0
1399 0.911342894393742 0 0
1400 0.911994784876141 0 0
1401 0.91264667535854 0 0
1402 0.913298565840939 0 0
1403 0.913950456323338 0 0
1404 0.914602346805737 0 0
1405 0.915254237288136 0 0
1406 0.915906127770534 0 0
1407 0.916558018252933 0 0
1408 0.917209908735332 0 0
1409 0.917861799217731 0 0
1410 0.91851368970013 0 0
1411 0.919165580182529 0 0
1412 0.919817470664928 0 0
1413 0.920469361147327 0 0
1414 0.921121251629726 0 0
1415 0.921773142112125 0 0
1416 0.922425032594524 0 0
1417 0.923076923076923 0 0
1418 0.923728813559322 0 0
1419 0.924380704041721 0 0
1420 0.92503259452412 0 0
1421 0.925684485006519 0 0
1422 0.926336375488918 0 0
1423 0.926988265971317 0 0
1424 0.927640156453716 0 0
1425 0.928292046936115 0 0
1426 0.928943937418514 0 0
1427 0.929595827900913 0 0
1428 0.930247718383312 0 0
1429 0.930899608865711 0 0
1430 0.93155149934811 0 0
1431 0.932203389830508 0 0
1432 0.932855280312907 0 0
1433 0.933507170795306 0 0
1434 0.934159061277705 0 0
1435 0.934810951760104 0 0
1436 0.935462842242503 0 0
1437 0.936114732724902 0 0
1438 0.936766623207301 0 0
1439 0.9374185136897 0 0
1440 0.938070404172099 0 0
1441 0.938722294654498 0 0
1442 0.939374185136897 0 0
1443 0.940026075619296 0 0
1444 0.940677966101695 0 0
1445 0.941329856584094 0 0
1446 0.941981747066493 0 0
1447 0.942633637548892 0 0
1448 0.943285528031291 0 0
1449 0.94393741851369 0 0
1450 0.944589308996089 0 0
1451 0.945241199478488 0 0
1452 0.945893089960887 0 0
1453 0.946544980443285 0 0
1454 0.947196870925684 0 0
1455 0.947848761408083 0 0
1456 0.948500651890482 0 0
1457 0.949152542372881 0 0
1458 0.94980443285528 0 0
1459 0.950456323337679 0 0
1460 0.951108213820078 0 0
1461 0.951760104302477 0 0
1462 0.952411994784876 0 0
1463 0.953063885267275 0 0
1464 0.953715775749674 0 0
1465 0.954367666232073 0 0
1466 0.955019556714472 0 0
1467 0.955671447196871 0 0
1468 0.95632333767927 0 0
1469 0.956975228161669 0 0
1470 0.957627118644068 0 0
1471 0.958279009126467 0 0
1472 0.958930899608866 0 0
1473 0.959582790091265 0 0
1474 0.960234680573664 0 0
1475 0.960886571056063 0 0
1476 0.961538461538461 0 0
1477 0.96219035202086 0 0
1478 0.962842242503259 0 0
1479 0.963494132985658 0 0
1480 0.964146023468057 0 0
1481 0.964797913950456 0 0
1482 0.965449804432855 0 0
1483 0.966101694915254 0 0
1484 0.966753585397653 0 0
1485 0.967405475880052 0 0
1486 0.968057366362451 0 0
1487 0.96870925684485 0 0
1488 0.969361147327249 0 0
1489 0.970013037809648 0 0
1490 0.970664928292047 0 0
1491 0.971316818774446 0 0
1492 0.971968709256845 0 0
1493 0.972620599739244 0 0
1494 0.973272490221643 0 0
1495 0.973924380704042 0 0
1496 0.974576271186441 0 0
1497 0.97522816166884 0 0
1498 0.975880052151239 0 0
1499 0.976531942633638 0 0
1500 0.977183833116037 0 0
1501 0.977835723598435 0 0
1502 0.978487614080834 0 0
1503 0.979139504563233 0 0
1504 0.979791395045632 0 0
1505 0.980443285528031 0 0
1506 0.98109517601043 0 0
1507 0.981747066492829 0 0
1508 0.982398956975228 0 0
1509 0.983050847457627 0 0
1510 0.983702737940026 0 0
1511 0.984354628422425 0 0
1512 0.985006518904824 0 0
1513 0.985658409387223 0 0
1514 0.986310299869622 0 0
1515 0.986962190352021 0 0
1516 0.98761408083442 0 0
1517 0.988265971316819 0 0
1518 0.988917861799218 0 0
1519 0.989569752281617 0 0
1520 0.990221642764016 0 0
1521 0.990873533246415 0 0
1522 0.991525423728814 0 0
1523 0.992177314211212 0 0
1524 0.992829204693611 0 0
1525 0.99348109517601 0 0
1526 0.994132985658409 0 0
1527 0.994784876140808 0 0
1528 0.995436766623207 0 0
1529 0.996088657105606 0 0
1530 0.996740547588005 0 0
1531 0.997392438070404 0 0
1532 0.998044328552803 0 0
1533 0.998696219035202 0 0
1534 0.999348109517601 0 0
1535 1 0 0
