1 0 0 0
2 0.0208333333333333 0 0
3 0.0416666666666667 0 0
4 0.0625 0 0
5 0.0833333333333333 0 0
6 0.104166666666667 0 0
7 0.125 0 0
8 0.145833333333333 0 0
9 0.166666666666667 0 0
10 0.1875 0 0
11 0.208333333333333 0 0
12 0.229166666666667 0 0
13 0.25 0 0
14 0.270833333333333 0 0
15 0.291666666666667 0 0
16 0.3125 0 0
17 0.333333333333333 0 0
18 0.354166666666667 0 0
19 0.375 0 0
20 0.395833333333333 0 0
21 0.416666666666667 0 0
22 0.4375 0 0
23 0.458333333333333 0 0
24 0.479166666666667 0 0
25 0.5 0 0
26 0.520833333333333 0 0
27 0.541666666666667 0 0
28 0.5625 0 0
29 0.583333333333333 0 0
30 0.604166666666667 0 0
31 0.625 0 0
32 0.645833333333333 0 0
33 0.666666666666667 0 0
34 0.6875 0 0
35 0.708333333333333 0 0
36 0.729166666666667 0 0
37 0.75 0 0
38 0.770833333333333 0 0
39 0.791666666666667 0 0
40 0.8125 0 0
41 0.833333333333333 0 0
42 0.854166666666667 0 0
43 0.875 0 0
44 0.895833333333333 0 0
45 0.916666666666667 0 0
46 0.9375 0 0
47 0.958333333333333 0 0
48 0.979166666666667 0 0
49 1 0 0
