1 0 0 0
2 0.0185185185185185 0 0
3 0.037037037037037 0 0
4 0.0555555555555556 0 0
5 0.0740740740740741 0 0
6 0.0925925925925926 0 0
7 0.111111111111111 0 0
8 0.12962962962963 0 0
9 0.148148148148148 0 0
10 0.166666666666667 0 0
11 0.185185185185185 0 0
12 0.203703703703704 0 0
13 0.222222222222222 0 0
14 0.240740740740741 0 0
15 0.259259259259259 0 0
16 0.277777777777778 0 0
17 0.296296296296296 0 0
18 0.314814814814815 0 0
19 0.333333333333333 0 0
20 0.351851851851852 0 0
21 0.37037037037037 0 0
22 0.388888888888889 0 0
23 0.407407407407407 0 0
24 0.425925925925926 0 0
25 0.444444444444444 0 0
26 0.462962962962963 0 0
27 0.481481481481482 0 0
28 0.5 0 0
29 0.518518518518518 0 0
30 0.537037037037037 0 0
31 0.555555555555556 0 0
32 0.574074074074074 0 0
33 0.592592592592593 0 0
34 0.611111111111111 0 0
35 0.62962962962963 0 0
36 0.648148148148148 0 0
37 0.666666666666667 0 0
38 0.685185185185185 0 0
39 0.703703703703704 0 0
40 0.722222222222222 0 0
41 0.740740740740741 0 0
42 0.759259259259259 0 0
43 0.777777777777778 0 0
44 0.796296296296296 0 0
45 0.814814814814815 0 0
46 0.833333333333333 0 0
47 0.851851851851852 0 0
48 0.87037037037037 0 0
49 0.888888888888889 0 0
50 0.907407407407407 0 0
51 0.925925925925926 0 0
52 0.944444444444444 0 0
53 0.962962962962963 0 0
54 0.981481481481481 0 0
55 1 0 0
