1 0 0 0
2 0.0106382978723404 0 0
3 0.0212765957446809 0 0
4 0.0319148936170213 0 0
5 0.0425531914893617 0 0
6 0.0531914893617021 0 0
7 0.0638297872340425 0 0
8 0.074468085106383 0 0
9 0.0851063829787234 0 0
10 0.0957446808510638 0 0
11 0.106382978723404 0 0
12 0.117021276595745 0 0
13 0.127659574468085 0 0
14 0.138297872340426 0 0
15 0.148936170212766 0 0
16 0.159574468085106 0 0
17 0.170212765957447 0 0
18 0.180851063829787 0 0
19 0.191489361702128 0 0
20 0.202127659574468 0 0
21 0.212765957446809 0 0
22 0.223404255319149 0 0
23 0.234042553191489 0 0
24 0.24468085106383 0 0
25 0.25531914893617 0 0
26 0.265957446808511 0 0
27 0.276595744680851 0 0
28 0.287234042553192 0 0
29 0.297872340425532 0 0
30 0.308510638297872 0 0
31 0.319148936170213 0 0
32 0.329787234042553 0 0
33 0.340425531914894 0 0
34 0.351063829787234 0 0
35 0.361702127659574 0 0
36 0.372340425531915 0 0
37 0.382978723404255 0 0
38 0.393617021276596 0 0
39 0.404255319148936 0 0
40 0.414893617021277 0 0
41 0.425531914893617 0 0
42 0.436170212765958 0 0
43 0.446808510638298 0 0
44 0.457446808510638 0 0
45 0.468085106382979 0 0
46 0.478723404255319 0 0
47 0.48936170212766 0 0
48 0.5 0 0
49 0.51063829787234 0 0
50 0.521276595744681 0 0
51 0.531914893617021 0 0
52 0.542553191489362 0 0
53 0.553191489361702 0 0
54 0.563829787234043 0 0
55 0.574468085106383 0 0
56 0.585106382978723 0 0
57 0.595744680851064 0 0
58 0.606382978723404 0 0
59 0.617021276595745 0 0
60 0.627659574468085 0 0
61 0.638297872340426 0 0
62 0.648936170212766 0 0
63 0.659574468085106 0 0
64 0.670212765957447 0 0
65 0.680851063829787 0 0
66 0.691489361702128 0 0
67 0.702127659574468 0 0
68 0.712765957446808 0 0
69 0.723404255319149 0 0
70 0.734042553191489 0 0
71 0.74468085106383 0 0
72 0.75531914893617 0 0
73 0.765957446808511 0 0
74 0.776595744680851 0 0
75 0.787234042553192 0 0
76 0.797872340425532 0 0
77 0.808510638297872 0 0
78 0.819148936170213 0 0
79 0.829787234042553 0 0
80 0.840425531914894 0 0
81 0.851063829787234 0 0
82 0.861702127659574 0 0
83 0.872340425531915 0 0
84 0.882978723404255 0 0
85 0.893617021276596 0 0
86 0.904255319148936 0 0
87 0.914893617021277 0 0
88 0.925531914893617 0 0
89 0.936170212765957 0 0
90 0.946808510638298 0 0
91 0.957446808510638 0 0
92 0.968085106382979 0 0
93 0.978723404255319 0 0
94 0.98936170212766 0 0
95 1 0 0
