1 0 0 0
2 0.00130890052356021 0 0
3 0.00261780104712042 0 0
4 0.00392670157068063 0 0
5 0.00523560209424084 0 0
6 0.00654450261780105 0 0
7 0.00785340314136126 0 0
8 0.00916230366492147 0 0
9 0.0104712041884817 0 0
10 0.0117801047120419 0 0
11 0.0130890052356021 0 0
12 0.0143979057591623 0 0
13 0.0157068062827225 0 0
14 0.0170157068062827 0 0
15 0.0183246073298429 0 0
16 0.0196335078534032 0 0
17 0.0209424083769633 0 0
18 0.0222513089005236 0 0
19 0.0235602094240838 0 0
20 0.024869109947644 0 0
21 0.0261780104712042 0 0
22 0.0274869109947644 0 0
23 0.0287958115183246 0 0
24 0.0301047120418848 0 0
25 0.031413612565445 0 0
26 0.0327225130890052 0 0
27 0.0340314136125655 0 0
28 0.0353403141361257 0 0
29 0.0366492146596859 0 0
30 0.0379581151832461 0 0
31 0.0392670157068063 0 0
32 0.0405759162303665 0 0
33 0.0418848167539267 0 0
34 0.0431937172774869 0 0
35 0.0445026178010471 0 0
36 0.0458115183246073 0 0
37 0.0471204188481675 0 0
38 0.0484293193717278 0 0
39 0.049738219895288 0 0
40 0.0510471204188482 0 0
41 0.0523560209424084 0 0
42 0.0536649214659686 0 0
43 0.0549738219895288 0 0
44 0.056282722513089 0 0
45 0.0575916230366492 0 0
46 0.0589005235602094 0 0
47 0.0602094240837696 0 0
48 0.0615183246073299 0 0
49 0.0628272251308901 0 0
50 0.0641361256544503 0 0
51 0.0654450261780105 0 0
52 0.0667539267015707 0 0
53 0.0680628272251309 0 0
54 0.0693717277486911 0 0
55 0.0706806282722513 0 0
56 0.0719895287958115 0 0
57 0.0732984293193717 0 0
58 0.0746073298429319 0 0
59 0.0759162303664922 0 0
60 0.0772251308900524 0 0
61 0.0785340314136126 0 0
62 0.0798429319371728 0 0
63 0.081151832460733 0 0
64 0.0824607329842932 0 0
65 0.0837696335078534 0 0
66 0.0850785340314136 0 0
67 0.0863874345549738 0 0
68 0.087696335078534 0 0
69 0.0890052356020943 0 0
70 0.0903141361256545 0 0
71 0.0916230366492147 0 0
72 0.0929319371727749 0 0
73 0.0942408376963351 0 0
74 0.0955497382198953 0 0
75 0.0968586387434555 0 0
76 0.0981675392670157 0 0
77 0.0994764397905759 0 0
78 0.100785340314136 0 0
79 0.102094240837696 0 0
80 0.103403141361257 0 0
81 0.104712041884817 0 0
82 0.106020942408377 0 0
83 0.107329842931937 0 0
84 0.108638743455497 0 0
85 0.109947643979058 0 0
86 0.111256544502618 0 0
87 0.112565445026178 0 0
88 0.113874345549738 0 0
89 0.115183246073298 0 0
90 0.116492146596859 0 0
91 0.117801047120419 0 0
92 0.119109947643979 0 0
93 0.120418848167539 0 0
94 0.121727748691099 0 0
95 0.12303664921466 0 0
96 0.12434554973822 0 0
97 0.12565445026178 0 0
98 0.12696335078534 0 0
99 0.1282722513089 0 0
100 0.129581151832461 0 0
101 0.130890052356021 0 0
102 0.132198952879581 0 0
103 0.133507853403141 0 0
104 0.134816753926702 0 0
105 0.136125654450262 0 0
106 0.137434554973822 0 0
107 0.138743455497382 0 0
108 0.140052356020942 0 0
109 0.141361256544503 0 0
110 0.142670157068063 0 0
111 0.143979057591623 0 0
112 0.145287958115183 0 0
113 0.146596858638743 0 0
114 0.147905759162304 0 0
115 0.149214659685864 0 0
116 0.150523560209424 0 0
117 0.151832460732984 0 0
118 0.153141361256545 0 0
119 0.154450261780105 0 0
120 0.155759162303665 0 0
121 0.157068062827225 0 0
122 0.158376963350785 0 0
123 0.159685863874345 0 0
124 0.160994764397906 0 0
125 0.162303664921466 0 0
126 0.163612565445026 0 0
127 0.164921465968586 0 0
128 0.166230366492147 0 0
129 0.167539267015707 0 0
130 0.168848167539267 0 0
131 0.170157068062827 0 0
132 0.171465968586387 0 0
133 0.172774869109948 0 0
134 0.174083769633508 0 0
135 0.175392670157068 0 0
136 0.176701570680628 0 0
137 0.178010471204189 0 0
138 0.179319371727749 0 0
139 0.180628272251309 0 0
140 0.181937172774869 0 0
141 0.183246073298429 0 0
142 0.184554973821989 0 0
143 0.18586387434555 0 0
144 0.18717277486911 0 0
145 0.18848167539267 0 0
146 0.18979057591623 0 0
147 0.191099476439791 0 0
148 0.192408376963351 0 0
149 0.193717277486911 0 0
150 0.195026178010471 0 0
151 0.196335078534031 0 0
152 0.197643979057592 0 0
153 0.198952879581152 0 0
154 0.200261780104712 0 0
155 0.201570680628272 0 0
156 0.202879581151832 0 0
157 0.204188481675393 0 0
158 0.205497382198953 0 0
159 0.206806282722513 0 0
160 0.208115183246073 0 0
161 0.209424083769634 0 0
162 0.210732984293194 0 0
163 0.212041884816754 0 0
164 0.213350785340314 0 0
165 0.214659685863874 0 0
166 0.215968586387434 0 0
167 0.217277486910995 0 0
168 0.218586387434555 0 0
169 0.219895287958115 0 0
170 0.221204188481675 0 0
171 0.222513089005236 0 0
172 0.223821989528796 0 0
173 0.225130890052356 0 0
174 0.226439790575916 0 0
175 0.227748691099476 0 0
176 0.229057591623037 0 0
177 0.230366492146597 0 0
178 0.231675392670157 0 0
179 0.232984293193717 0 0
180 0.234293193717277 0 0
181 0.235602094240838 0 0
182 0.236910994764398 0 0
183 0.238219895287958 0 0
184 0.239528795811518 0 0
185 0.240837696335079 0 0
186 0.242146596858639 0 0
187 0.243455497382199 0 0
188 0.244764397905759 0 0
189 0.246073298429319 0 0
190 0.24738219895288 0 0
191 0.24869109947644 0 0
192 0.25 0 0
193 0.25130890052356 0 0
194 0.25261780104712 0 0
195 0.253926701570681 0 0
196 0.255235602094241 0 0
197 0.256544502617801 0 0
198 0.257853403141361 0 0
199 0.259162303664921 0 0
200 0.260471204188482 0 0
201 0.261780104712042 0 0
202 0.263089005235602 0 0
203 0.264397905759162 0 0
204 0.265706806282722 0 0
205 0.267015706806283 0 0
206 0.268324607329843 0 0
207 0.269633507853403 0 0
208 0.270942408376963 0 0
209 0.272251308900524 0 0
210 0.273560209424084 0 0
211 0.274869109947644 0 0
212 0.276178010471204 0 0
213 0.277486910994764 0 0
214 0.278795811518325 0 0
215 0.280104712041885 0 0
216 0.281413612565445 0 0
217 0.282722513089005 0 0
218 0.284031413612566 0 0
219 0.285340314136126 0 0
220 0.286649214659686 0 0
221 0.287958115183246 0 0
222 0.289267015706806 0 0
223 0.290575916230366 0 0
224 0.291884816753927 0 0
225 0.293193717277487 0 0
226 0.294502617801047 0 0
227 0.295811518324607 0 0
228 0.297120418848167 0 0
229 0.298429319371728 0 0
230 0.299738219895288 0 0
231 0.301047120418848 0 0
232 0.302356020942408 0 0
233 0.303664921465969 0 0
234 0.304973821989529 0 0
235 0.306282722513089 0 0
236 0.307591623036649 0 0
237 0.308900523560209 0 0
238 0.31020942408377 0 0
239 0.31151832460733 0 0
240 0.31282722513089 0 0
241 0.31413612565445 0 0
242 0.315445026178011 0 0
243 0.316753926701571 0 0
244 0.318062827225131 0 0
245 0.319371727748691 0 0
246 0.320680628272251 0 0
247 0.321989528795811 0 0
248 0.323298429319372 0 0
249 0.324607329842932 0 0
250 0.325916230366492 0 0
251 0.327225130890052 0 0
252 0.328534031413612 0 0
253 0.329842931937173 0 0
254 0.331151832460733 0 0
255 0.332460732984293 0 0
256 0.333769633507853 0 0
257 0.335078534031414 0 0
258 0.336387434554974 0 0
259 0.337696335078534 0 0
260 0.339005235602094 0 0
261 0.340314136125654 0 0
262 0.341623036649215 0 0
263 0.342931937172775 0 0
264 0.344240837696335 0 0
265 0.345549738219895 0 0
266 0.346858638743456 0 0
267 0.348167539267016 0 0
268 0.349476439790576 0 0
269 0.350785340314136 0 0
270 0.352094240837696 0 0
271 0.353403141361257 0 0
272 0.354712041884817 0 0
273 0.356020942408377 0 0
274 0.357329842931937 0 0
275 0.358638743455497 0 0
276 0.359947643979058 0 0
277 0.361256544502618 0 0
278 0.362565445026178 0 0
279 0.363874345549738 0 0
280 0.365183246073298 0 0
281 0.366492146596859 0 0
282 0.367801047120419 0 0
283 0.369109947643979 0 0
284 0.370418848167539 0 0
285 0.371727748691099 0 0
286 0.37303664921466 0 0
287 0.37434554973822 0 0
288 0.37565445026178 0 0
289 0.37696335078534 0 0
290 0.378272251308901 0 0
291 0.379581151832461 0 0
292 0.380890052356021 0 0
293 0.382198952879581 0 0
294 0.383507853403141 0 0
295 0.384816753926702 0 0
296 0.386125654450262 0 0
297 0.387434554973822 0 0
298 0.388743455497382 0 0
299 0.390052356020942 0 0
300 0.391361256544503 0 0
301 0.392670157068063 0 0
302 0.393979057591623 0 0
303 0.395287958115183 0 0
304 0.396596858638743 0 0
305 0.397905759162304 0 0
306 0.399214659685864 0 0
307 0.400523560209424 0 0
308 0.401832460732984 0 0
309 0.403141361256544 0 0
310 0.404450261780105 0 0
311 0.405759162303665 0 0
312 0.407068062827225 0 0
313 0.408376963350785 0 0
314 0.409685863874346 0 0
315 0.410994764397906 0 0
316 0.412303664921466 0 0
317 0.413612565445026 0 0
318 0.414921465968586 0 0
319 0.416230366492147 0 0
320 0.417539267015707 0 0
321 0.418848167539267 0 0
322 0.420157068062827 0 0
323 0.421465968586387 0 0
324 0.422774869109948 0 0
325 0.424083769633508 0 0
326 0.425392670157068 0 0
327 0.426701570680628 0 0
328 0.428010471204188 0 0
329 0.429319371727749 0 0
330 0.430628272251309 0 0
331 0.431937172774869 0 0
332 0.433246073298429 0 0
333 0.434554973821989 0 0
334 0.43586387434555 0 0
335 0.43717277486911 0 0
336 0.43848167539267 0 0
337 0.43979057591623 0 0
338 0.441099476439791 0 0
339 0.442408376963351 0 0
340 0.443717277486911 0 0
341 0.445026178010471 0 0
342 0.446335078534031 0 0
343 0.447643979057592 0 0
344 0.448952879581152 0 0
345 0.450261780104712 0 0
346 0.451570680628272 0 0
347 0.452879581151833 0 0
348 0.454188481675393 0 0
349 0.455497382198953 0 0
350 0.456806282722513 0 0
351 0.458115183246073 0 0
352 0.459424083769634 0 0
353 0.460732984293194 0 0
354 0.462041884816754 0 0
355 0.463350785340314 0 0
356 0.464659685863874 0 0
357 0.465968586387435 0 0
358 0.467277486910995 0 0
359 0.468586387434555 0 0
360 0.469895287958115 0 0
361 0.471204188481675 0 0
362 0.472513089005236 0 0
363 0.473821989528796 0 0
364 0.475130890052356 0 0
365 0.476439790575916 0 0
366 0.477748691099476 0 0
367 0.479057591623037 0 0
368 0.480366492146597 0 0
369 0.481675392670157 0 0
370 0.482984293193717 0 0
371 0.484293193717278 0 0
372 0.485602094240838 0 0
373 0.486910994764398 0 0
374 0.488219895287958 0 0
375 0.489528795811518 0 0
376 0.490837696335079 0 0
377 0.492146596858639 0 0
378 0.493455497382199 0 0
379 0.494764397905759 0 0
380 0.496073298429319 0 0
381 0.49738219895288 0 0
382 0.49869109947644 0 0
383 0.5 0 0
384 0.50130890052356 0 0
385 0.502617801047121 0 0
386 0.503926701570681 0 0
387 0.505235602094241 0 0
388 0.506544502617801 0 0
389 0.507853403141361 0 0
390 0.509162303664922 0 0
391 0.510471204188482 0 0
392 0.511780104712042 0 0
393 0.513089005235602 0 0
394 0.514397905759162 0 0
395 0.515706806282723 0 0
396 0.517015706806283 0 0
397 0.518324607329843 0 0
398 0.519633507853403 0 0
399 0.520942408376963 0 0
400 0.522251308900524 0 0
401 0.523560209424084 0 0
402 0.524869109947644 0 0
403 0.526178010471204 0 0
404 0.527486910994765 0 0
405 0.528795811518325 0 0
406 0.530104712041885 0 0
407 0.531413612565445 0 0
408 0.532722513089005 0 0
409 0.534031413612565 0 0
410 0.535340314136126 0 0
411 0.536649214659686 0 0
412 0.537958115183246 0 0
413 0.539267015706806 0 0
414 0.540575916230367 0 0
415 0.541884816753927 0 0
416 0.543193717277487 0 0
417 0.544502617801047 0 0
418 0.545811518324607 0 0
419 0.547120418848168 0 0
420 0.548429319371728 0 0
421 0.549738219895288 0 0
422 0.551047120418848 0 0
423 0.552356020942409 0 0
424 0.553664921465969 0 0
425 0.554973821989529 0 0
426 0.556282722513089 0 0
427 0.557591623036649 0 0
428 0.55890052356021 0 0
429 0.56020942408377 0 0
430 0.56151832460733 0 0
431 0.56282722513089 0 0
432 0.56413612565445 0 0
433 0.565445026178011 0 0
434 0.566753926701571 0 0
435 0.568062827225131 0 0
436 0.569371727748691 0 0
437 0.570680628272251 0 0
438 0.571989528795812 0 0
439 0.573298429319372 0 0
440 0.574607329842932 0 0
441 0.575916230366492 0 0
442 0.577225130890052 0 0
443 0.578534031413613 0 0
444 0.579842931937173 0 0
445 0.581151832460733 0 0
446 0.582460732984293 0 0
447 0.583769633507853 0 0
448 0.585078534031414 0 0
449 0.586387434554974 0 0
450 0.587696335078534 0 0
451 0.589005235602094 0 0
452 0.590314136125655 0 0
453 0.591623036649215 0 0
454 0.592931937172775 0 0
455 0.594240837696335 0 0
456 0.595549738219895 0 0
457 0.596858638743456 0 0
458 0.598167539267016 0 0
459 0.599476439790576 0 0
460 0.600785340314136 0 0
461 0.602094240837696 0 0
462 0.603403141361257 0 0
463 0.604712041884817 0 0
464 0.606020942408377 0 0
465 0.607329842931937 0 0
466 0.608638743455498 0 0
467 0.609947643979058 0 0
468 0.611256544502618 0 0
469 0.612565445026178 0 0
470 0.613874345549738 0 0
471 0.615183246073298 0 0
472 0.616492146596859 0 0
473 0.617801047120419 0 0
474 0.619109947643979 0 0
475 0.620418848167539 0 0
476 0.6217277486911 0 0
477 0.62303664921466 0 0
478 0.62434554973822 0 0
479 0.62565445026178 0 0
480 0.62696335078534 0 0
481 0.628272251308901 0 0
482 0.629581151832461 0 0
483 0.630890052356021 0 0
484 0.632198952879581 0 0
485 0.633507853403141 0 0
486 0.634816753926702 0 0
487 0.636125654450262 0 0
488 0.637434554973822 0 0
489 0.638743455497382 0 0
490 0.640052356020942 0 0
491 0.641361256544503 0 0
492 0.642670157068063 0 0
493 0.643979057591623 0 0
494 0.645287958115183 0 0
495 0.646596858638744 0 0
496 0.647905759162304 0 0
497 0.649214659685864 0 0
498 0.650523560209424 0 0
499 0.651832460732984 0 0
500 0.653141361256545 0 0
501 0.654450261780105 0 0
502 0.655759162303665 0 0
503 0.657068062827225 0 0
504 0.658376963350785 0 0
505 0.659685863874346 0 0
506 0.660994764397906 0 0
507 0.662303664921466 0 0
508 0.663612565445026 0 0
509 0.664921465968586 0 0
510 0.666230366492147 0 0
511 0.667539267015707 0 0
512 0.668848167539267 0 0
513 0.670157068062827 0 0
514 0.671465968586388 0 0
515 0.672774869109948 0 0
516 0.674083769633508 0 0
517 0.675392670157068 0 0
518 0.676701570680628 0 0
519 0.678010471204189 0 0
520 0.679319371727749 0 0
521 0.680628272251309 0 0
522 0.681937172774869 0 0
523 0.683246073298429 0 0
524 0.68455497382199 0 0
525 0.68586387434555 0 0
526 0.68717277486911 0 0
527 0.68848167539267 0 0
528 0.68979057591623 0 0
529 0.691099476439791 0 0
530 0.692408376963351 0 0
531 0.693717277486911 0 0
532 0.695026178010471 0 0
533 0.696335078534031 0 0
534 0.697643979057592 0 0
535 0.698952879581152 0 0
536 0.700261780104712 0 0
537 0.701570680628272 0 0
538 0.702879581151833 0 0
539 0.704188481675393 0 0
540 0.705497382198953 0 0
541 0.706806282722513 0 0
542 0.708115183246073 0 0
543 0.709424083769634 0 0
544 0.710732984293194 0 0
545 0.712041884816754 0 0
546 0.713350785340314 0 0
547 0.714659685863875 0 0
548 0.715968586387435 0 0
549 0.717277486910995 0 0
550 0.718586387434555 0 0
551 0.719895287958115 0 0
552 0.721204188481676 0 0
553 0.722513089005236 0 0
554 0.723821989528796 0 0
555 0.725130890052356 0 0
556 0.726439790575916 0 0
557 0.727748691099476 0 0
558 0.729057591623037 0 0
559 0.730366492146597 0 0
560 0.731675392670157 0 0
561 0.732984293193717 0 0
562 0.734293193717278 0 0
563 0.735602094240838 0 0
564 0.736910994764398 0 0
565 0.738219895287958 0 0
566 0.739528795811518 0 0
567 0.740837696335079 0 0
568 0.742146596858639 0 0
569 0.743455497382199 0 0
570 0.744764397905759 0 0
571 0.746073298429319 0 0
572 0.74738219895288 0 0
573 0.74869109947644 0 0
574 0.75 0 0
575 0.75130890052356 0 0
576 0.752617801047121 0 0
577 0.753926701570681 0 0
578 0.755235602094241 0 0
579 0.756544502617801 0 0
580 0.757853403141361 0 0
581 0.759162303664922 0 0
582 0.760471204188482 0 0
583 0.761780104712042 0 0
584 0.763089005235602 0 0
585 0.764397905759162 0 0
586 0.765706806282723 0 0
587 0.767015706806283 0 0
588 0.768324607329843 0 0
589 0.769633507853403 0 0
590 0.770942408376963 0 0
591 0.772251308900524 0 0
592 0.773560209424084 0 0
593 0.774869109947644 0 0
594 0.776178010471204 0 0
595 0.777486910994765 0 0
596 0.778795811518325 0 0
597 0.780104712041885 0 0
598 0.781413612565445 0 0
599 0.782722513089005 0 0
600 0.784031413612566 0 0
601 0.785340314136126 0 0
602 0.786649214659686 0 0
603 0.787958115183246 0 0
604 0.789267015706806 0 0
605 0.790575916230366 0 0
606 0.791884816753927 0 0
607 0.793193717277487 0 0
608 0.794502617801047 0 0
609 0.795811518324607 0 0
610 0.797120418848168 0 0
611 0.798429319371728 0 0
612 0.799738219895288 0 0
613 0.801047120418848 0 0
614 0.802356020942408 0 0
615 0.803664921465969 0 0
616 0.804973821989529 0 0
617 0.806282722513089 0 0
618 0.807591623036649 0 0
619 0.80890052356021 0 0
620 0.81020942408377 0 0
621 0.81151832460733 0 0
622 0.81282722513089 0 0
623 0.81413612565445 0 0
624 0.815445026178011 0 0
625 0.816753926701571 0 0
626 0.818062827225131 0 0
627 0.819371727748691 0 0
628 0.820680628272251 0 0
629 0.821989528795812 0 0
630 0.823298429319372 0 0
631 0.824607329842932 0 0
632 0.825916230366492 0 0
633 0.827225130890052 0 0
634 0.828534031413613 0 0
635 0.829842931937173 0 0
636 0.831151832460733 0 0
637 0.832460732984293 0 0
638 0.833769633507853 0 0
639 0.835078534031414 0 0
640 0.836387434554974 0 0
641 0.837696335078534 0 0
642 0.839005235602094 0 0
643 0.840314136125655 0 0
644 0.841623036649215 0 0
645 0.842931937172775 0 0
646 0.844240837696335 0 0
647 0.845549738219895 0 0
648 0.846858638743456 0 0
649 0.848167539267016 0 0
650 0.849476439790576 0 0
651 0.850785340314136 0 0
652 0.852094240837696 0 0
653 0.853403141361257 0 0
654 0.854712041884817 0 0
655 0.856020942408377 0 0
656 0.857329842931937 0 0
657 0.858638743455497 0 0
658 0.859947643979058 0 0
659 0.861256544502618 0 0
660 0.862565445026178 0 0
661 0.863874345549738 0 0
662 0.865183246073299 0 0
663 0.866492146596859 0 0
664 0.867801047120419 0 0
665 0.869109947643979 0 0
666 0.870418848167539 0 0
667 0.8717277486911 0 0
668 0.87303664921466 0 0
669 0.87434554973822 0 0
670 0.87565445026178 0 0
671 0.87696335078534 0 0
672 0.878272251308901 0 0
673 0.879581151832461 0 0
674 0.880890052356021 0 0
675 0.882198952879581 0 0
676 0.883507853403142 0 0
677 0.884816753926702 0 0
678 0.886125654450262 0 0
679 0.887434554973822 0 0
680 0.888743455497382 0 0
681 0.890052356020942 0 0
682 0.891361256544503 0 0
683 0.892670157068063 0 0
684 0.893979057591623 0 0
685 0.895287958115183 0 0
686 0.896596858638743 0 0
687 0.897905759162304 0 0
688 0.899214659685864 0 0
689 0.900523560209424 0 0
690 0.901832460732984 0 0
691 0.903141361256545 0 0
692 0.904450261780105 0 0
693 0.905759162303665 0 0
694 0.907068062827225 0 0
695 0.908376963350785 0 0
696 0.909685863874346 0 0
697 0.910994764397906 0 0
698 0.912303664921466 0 0
699 0.913612565445026 0 0
700 0.914921465968586 0 0
701 0.916230366492147 0 0
702 0.917539267015707 0 0
703 0.918848167539267 0 0
704 0.920157068062827 0 0
705 0.921465968586388 0 0
706 0.922774869109948 0 0
707 0.924083769633508 0 0
708 0.925392670157068 0 0
709 0.926701570680628 0 0
710 0.928010471204189 0 0
711 0.929319371727749 0 0
712 0.930628272251309 0 0
713 0.931937172774869 0 0
714 0.933246073298429 0 0
715 0.93455497382199 0 0
716 0.93586387434555 0 0
717 0.93717277486911 0 0
718 0.93848167539267 0 0
719 0.93979057591623 0 0
720 0.941099476439791 0 0
721 0.942408376963351 0 0
722 0.943717277486911 0 0
723 0.945026178010471 0 0
724 0.946335078534032 0 0
725 0.947643979057592 0 0
726 0.948952879581152 0 0
727 0.950261780104712 0 0
728 0.951570680628272 0 0
729 0.952879581151832 0 0
730 0.954188481675393 0 0
731 0.955497382198953 0 0
732 0.956806282722513 0 0
733 0.958115183246073 0 0
734 0.959424083769634 0 0
735 0.960732984293194 0 0
736 0.962041884816754 0 0
737 0.963350785340314 0 0
738 0.964659685863874 0 0
739 0.965968586387435 0 0
740 0.967277486910995 0 0
741 0.968586387434555 0 0
742 0.969895287958115 0 0
743 0.971204188481676 0 0
744 0.972513089005236 0 0
745 0.973821989528796 0 0
746 0.975130890052356 0 0
747 0.976439790575916 0 0
748 0.977748691099477 0 0
749 0.979057591623037 0 0
750 0.980366492146597 0 0
751 0.981675392670157 0 0
752 0.982984293193717 0 0
753 0.984293193717278 0 0
754 0.985602094240838 0 0
755 0.986910994764398 0 0
756 0.988219895287958 0 0
757 0.989528795811518 0 0
758 0.990837696335079 0 0
759 0.992146596858639 0 0
760 0.993455497382199 0 0
761 0.994764397905759 0 0
762 0.996073298429319 0 0
763 0.99738219895288 0 0
764 0.99869109947644 0 0
765 1 0 0
