1 0 0 0
2 0.00130378096479791 0 0
3 0.00260756192959583 0 0
4 0.00391134289439374 0 0
5 0.00521512385919166 0 0
6 0.00651890482398957 0 0
7 0.00782268578878748 0 0
8 0.0091264667535854 0 0
9 0.0104302477183833 0 0
10 0.0117340286831812 0 0
11 0.0130378096479791 0 0
12 0.014341590612777 0 0
13 0.015645371577575 0 0
14 0.0169491525423729 0 0
15 0.0182529335071708 0 0
16 0.0195567144719687 0 0
17 0.0208604954367666 0 0
18 0.0221642764015645 0 0
19 0.0234680573663625 0 0
20 0.0247718383311604 0 0
21 0.0260756192959583 0 0
22 0.0273794002607562 0 0
23 0.0286831812255541 0 0
24 0.029986962190352 0 0
25 0.0312907431551499 0 0
26 0.0325945241199478 0 0
27 0.0338983050847458 0 0
28 0.0352020860495437 0 0
29 0.0365058670143416 0 0
30 0.0378096479791395 0 0
31 0.0391134289439374 0 0
32 0.0404172099087353 0 0
33 0.0417209908735333 0 0
34 0.0430247718383312 0 0
35 0.0443285528031291 0 0
36 0.045632333767927 0 0
37 0.0469361147327249 0 0
38 0.0482398956975228 0 0
39 0.0495436766623207 0 0
40 0.0508474576271186 0 0
41 0.0521512385919166 0 0
42 0.0534550195567145 0 0
43 0.0547588005215124 0 0
44 0.0560625814863103 0 0
45 0.0573663624511082 0 0
46 0.0586701434159061 0 0
47 0.059973924380704 0 0
48 0.061277705345502 0 0
49 0.0625814863102999 0 0
50 0.0638852672750978 0 0
51 0.0651890482398957 0 0
52 0.0664928292046936 0 0
53 0.0677966101694915 0 0
54 0.0691003911342894 0 0
55 0.0704041720990874 0 0
56 0.0717079530638853 0 0
57 0.0730117340286832 0 0
58 0.0743155149934811 0 0
59 0.075619295958279 0 0
60 0.0769230769230769 0 0
61 0.0782268578878748 0 0
62 0.0795306388526728 0 0
63 0.0808344198174707 0 0
64 0.0821382007822686 0 0
65 0.0834419817470665 0 0
66 0.0847457627118644 0 0
67 0.0860495436766623 0 0
68 0.0873533246414602 0 0
69 0.0886571056062581 0 0
70 0.0899608865710561 0 0
71 0.091264667535854 0 0
72 0.0925684485006519 0 0
73 0.0938722294654498 0 0
74 0.0951760104302477 0 0
75 0.0964797913950456 0 0
76 0.0977835723598435 0 0
77 0.0990873533246415 0 0
78 0.100391134289439 0 0
79 0.101694915254237 0 0
80 0.102998696219035 0 0
81 0.104302477183833 0 0
82 0.105606258148631 0 0
83 0.106910039113429 0 0
84 0.108213820078227 0 0
85 0.109517601043025 0 0
86 0.110821382007823 0 0
87 0.112125162972621 0 0
88 0.113428943937418 0 0
89 0.114732724902216 0 0
90 0.116036505867014 0 0
91 0.117340286831812 0 0
92 0.11864406779661 0 0
93 0.119947848761408 0 0
94 0.121251629726206 0 0
95 0.122555410691004 0 0
96 0.123859191655802 0 0
97 0.1251629726206 0 0
98 0.126466753585398 0 0
99 0.127770534550196 0 0
100 0.129074315514993 0 0
101 0.130378096479791 0 0
102 0.131681877444589 0 0
103 0.132985658409387 0 0
104 0.134289439374185 0 0
105 0.135593220338983 0 0
106 0.136897001303781 0 0
107 0.138200782268579 0 0
108 0.139504563233377 0 0
109 0.140808344198175 0 0
110 0.142112125162973 0 0
111 0.14341590612777 0 0
112 0.144719687092568 0 0
113 0.146023468057366 0 0
114 0.147327249022164 0 0
115 0.148631029986962 0 0
116 0.14993481095176 0 0
117 0.151238591916558 0 0
118 0.152542372881356 0 0
119 0.153846153846154 0 0
120 0.155149934810952 0 0
121 0.15645371577575 0 0
122 0.157757496740548 0 0
123 0.159061277705346 0 0
124 0.160365058670143 0 0
125 0.161668839634941 0 0
126 0.162972620599739 0 0
127 0.164276401564537 0 0
128 0.165580182529335 0 0
129 0.166883963494133 0 0
130 0.168187744458931 0 0
131 0.169491525423729 0 0
132 0.170795306388527 0 0
133 0.172099087353325 0 0
134 0.173402868318122 0 0
135 0.174706649282921 0 0
136 0.176010430247718 0 0
137 0.177314211212516 0 0
138 0.178617992177314 0 0
139 0.179921773142112 0 0
140 0.18122555410691 0 0
141 0.182529335071708 0 0
142 0.183833116036506 0 0
143 0.185136897001304 0 0
144 0.186440677966102 0 0
145 0.1877444589309 0 0
146 0.189048239895697 0 0
147 0.190352020860495 0 0
148 0.191655801825293 0 0
149 0.192959582790091 0 0
150 0.194263363754889 0 0
151 0.195567144719687 0 0
152 0.196870925684485 0 0
153 0.198174706649283 0 0
154 0.199478487614081 0 0
155 0.200782268578879 0 0
156 0.202086049543677 0 0
157 0.203389830508475 0 0
158 0.204693611473273 0 0
159 0.20599739243807 0 0
160 0.207301173402868 0 0
161 0.208604954367666 0 0
162 0.209908735332464 0 0
163 0.211212516297262 0 0
164 0.21251629726206 0 0
165 0.213820078226858 0 0
166 0.215123859191656 0 0
167 0.216427640156454 0 0
168 0.217731421121252 0 0
169 0.21903520208605 0 0
170 0.220338983050848 0 0
171 0.221642764015645 0 0
172 0.222946544980443 0 0
173 0.224250325945241 0 0
174 0.225554106910039 0 0
175 0.226857887874837 0 0
176 0.228161668839635 0 0
177 0.229465449804433 0 0
178 0.230769230769231 0 0
179 0.232073011734029 0 0
180 0.233376792698827 0 0
181 0.234680573663624 0 0
182 0.235984354628422 0 0
183 0.23728813559322 0 0
184 0.238591916558018 0 0
185 0.239895697522816 0 0
186 0.241199478487614 0 0
187 0.242503259452412 0 0
188 0.24380704041721 0 0
189 0.245110821382008 0 0
190 0.246414602346806 0 0
191 0.247718383311604 0 0
192 0.249022164276402 0 0
193 0.250325945241199 0 0
194 0.251629726205997 0 0
195 0.252933507170795 0 0
196 0.254237288135593 0 0
197 0.255541069100391 0 0
198 0.256844850065189 0 0
199 0.258148631029987 0 0
200 0.259452411994785 0 0
201 0.260756192959583 0 0
202 0.262059973924381 0 0
203 0.263363754889179 0 0
204 0.264667535853977 0 0
205 0.265971316818775 0 0
206 0.267275097783572 0 0
207 0.26857887874837 0 0
208 0.269882659713168 0 0
209 0.271186440677966 0 0
210 0.272490221642764 0 0
211 0.273794002607562 0 0
212 0.27509778357236 0 0
213 0.276401564537158 0 0
214 0.277705345501956 0 0
215 0.279009126466754 0 0
216 0.280312907431552 0 0
217 0.281616688396349 0 0
218 0.282920469361147 0 0
219 0.284224250325945 0 0
220 0.285528031290743 0 0
221 0.286831812255541 0 0
222 0.288135593220339 0 0
223 0.289439374185137 0 0
224 0.290743155149935 0 0
225 0.292046936114733 0 0
226 0.293350717079531 0 0
227 0.294654498044328 0 0
228 0.295958279009127 0 0
229 0.297262059973924 0 0
230 0.298565840938722 0 0
231 0.29986962190352 0 0
232 0.301173402868318 0 0
233 0.302477183833116 0 0
234 0.303780964797914 0 0
235 0.305084745762712 0 0
236 0.30638852672751 0 0
237 0.307692307692308 0 0
238 0.308996088657106 0 0
239 0.310299869621903 0 0
240 0.311603650586701 0 0
241 0.312907431551499 0 0
242 0.314211212516297 0 0
243 0.315514993481095 0 0
244 0.316818774445893 0 0
245 0.318122555410691 0 0
246 0.319426336375489 0 0
247 0.320730117340287 0 0
248 0.322033898305085 0 0
249 0.323337679269883 0 0
250 0.32464146023468 0 0
251 0.325945241199478 0 0
252 0.327249022164276 0 0
253 0.328552803129074 0 0
254 0.329856584093872 0 0
255 0.33116036505867 0 0
256 0.332464146023468 0 0
257 0.333767926988266 0 0
258 0.335071707953064 0 0
259 0.336375488917862 0 0
260 0.33767926988266 0 0
261 0.338983050847458 0 0
262 0.340286831812256 0 0
263 0.341590612777053 0 0
264 0.342894393741851 0 0
265 0.344198174706649 0 0
266 0.345501955671447 0 0
267 0.346805736636245 0 0
268 0.348109517601043 0 0
269 0.349413298565841 0 0
270 0.350717079530639 0 0
271 0.352020860495437 0 0
272 0.353324641460235 0 0
273 0.354628422425033 0 0
274 0.355932203389831 0 0
275 0.357235984354628 0 0
276 0.358539765319426 0 0
277 0.359843546284224 0 0
278 0.361147327249022 0 0
279 0.36245110821382 0 0
280 0.363754889178618 0 0
281 0.365058670143416 0 0
282 0.366362451108214 0 0
283 0.367666232073012 0 0
284 0.36897001303781 0 0
285 0.370273794002608 0 0
286 0.371577574967406 0 0
287 0.372881355932203 0 0
288 0.374185136897001 0 0
289 0.375488917861799 0 0
290 0.376792698826597 0 0
291 0.378096479791395 0 0
292 0.379400260756193 0 0
293 0.380704041720991 0 0
294 0.382007822685789 0 0
295 0.383311603650587 0 0
296 0.384615384615385 0 0
297 0.385919165580183 0 0
298 0.38722294654498 0 0
299 0.388526727509778 0 0
300 0.389830508474576 0 0
301 0.391134289439374 0 0
302 0.392438070404172 0 0
303 0.39374185136897 0 0
304 0.395045632333768 0 0
305 0.396349413298566 0 0
306 0.397653194263364 0 0
307 0.398956975228162 0 0
308 0.40026075619296 0 0
309 0.401564537157757 0 0
310 0.402868318122555 0 0
311 0.404172099087353 0 0
312 0.405475880052151 0 0
313 0.406779661016949 0 0
314 0.408083441981747 0 0
315 0.409387222946545 0 0
316 0.410691003911343 0 0
317 0.411994784876141 0 0
318 0.413298565840939 0 0
319 0.414602346805737 0 0
320 0.415906127770534 0 0
321 0.417209908735332 0 0
322 0.41851368970013 0 0
323 0.419817470664928 0 0
324 0.421121251629726 0 0
325 0.422425032594524 0 0
326 0.423728813559322 0 0
327 0.42503259452412 0 0
328 0.426336375488918 0 0
329 0.427640156453716 0 0
330 0.428943937418514 0 0
331 0.430247718383312 0 0
332 0.431551499348109 0 0
333 0.432855280312907 0 0
334 0.434159061277705 0 0
335 0.435462842242503 0 0
336 0.436766623207301 0 0
337 0.438070404172099 0 0
338 0.439374185136897 0 0
339 0.440677966101695 0 0
340 0.441981747066493 0 0
341 0.443285528031291 0 0
342 0.444589308996089 0 0
343 0.445893089960887 0 0
344 0.447196870925684 0 0
345 0.448500651890482 0 0
346 0.44980443285528 0 0
347 0.451108213820078 0 0
348 0.452411994784876 0 0
349 0.453715775749674 0 0
350 0.455019556714472 0 0
351 0.45632333767927 0 0
352 0.457627118644068 0 0
353 0.458930899608866 0 0
354 0.460234680573664 0 0
355 0.461538461538462 0 0
356 0.462842242503259 0 0
357 0.464146023468057 0 0
358 0.465449804432855 0 0
359 0.466753585397653 0 0
360 0.468057366362451 0 0
361 0.469361147327249 0 0
362 0.470664928292047 0 0
363 0.471968709256845 0 0
364 0.473272490221643 0 0
365 0.474576271186441 0 0
366 0.475880052151239 0 0
367 0.477183833116037 0 0
368 0.478487614080834 0 0
369 0.479791395045632 0 0
370 0.48109517601043 0 0
371 0.482398956975228 0 0
372 0.483702737940026 0 0
373 0.485006518904824 0 0
374 0.486310299869622 0 0
375 0.48761408083442 0 0
376 0.488917861799218 0 0
377 0.490221642764016 0 0
378 0.491525423728814 0 0
379 0.492829204693612 0 0
380 0.494132985658409 0 0
381 0.495436766623207 0 0
382 0.496740547588005 0 0
383 0.498044328552803 0 0
384 0.499348109517601 0 0
385 0.500651890482399 0 0
386 0.501955671447197 0 0
387 0.503259452411995 0 0
388 0.504563233376793 0 0
389 0.505867014341591 0 0
390 0.507170795306389 0 0
391 0.508474576271186 0 0
392 0.509778357235984 0 0
393 0.511082138200782 0 0
394 0.51238591916558 0 0
395 0.513689700130378 0 0
396 0.514993481095176 0 0
397 0.516297262059974 0 0
398 0.517601043024772 0 0
399 0.51890482398957 0 0
400 0.520208604954368 0 0
401 0.521512385919166 0 0
402 0.522816166883963 0 0
403 0.524119947848761 0 0
404 0.525423728813559 0 0
405 0.526727509778357 0 0
406 0.528031290743155 0 0
407 0.529335071707953 0 0
408 0.530638852672751 0 0
409 0.531942633637549 0 0
410 0.533246414602347 0 0
411 0.534550195567145 0 0
412 0.535853976531943 0 0
413 0.537157757496741 0 0
414 0.538461538461538 0 0
415 0.539765319426336 0 0
416 0.541069100391134 0 0
417 0.542372881355932 0 0
418 0.54367666232073 0 0
419 0.544980443285528 0 0
420 0.546284224250326 0 0
421 0.547588005215124 0 0
422 0.548891786179922 0 0
423 0.55019556714472 0 0
424 0.551499348109518 0 0
425 0.552803129074316 0 0
426 0.554106910039113 0 0
427 0.555410691003911 0 0
428 0.556714471968709 0 0
429 0.558018252933507 0 0
430 0.559322033898305 0 0
431 0.560625814863103 0 0
432 0.561929595827901 0 0
433 0.563233376792699 0 0
434 0.564537157757497 0 0
435 0.565840938722295 0 0
436 0.567144719687093 0 0
437 0.56844850065189 0 0
438 0.569752281616688 0 0
439 0.571056062581486 0 0
440 0.572359843546284 0 0
441 0.573663624511082 0 0
442 0.57496740547588 0 0
443 0.576271186440678 0 0
444 0.577574967405476 0 0
445 0.578878748370274 0 0
446 0.580182529335072 0 0
447 0.58148631029987 0 0
448 0.582790091264668 0 0
449 0.584093872229465 0 0
450 0.585397653194263 0 0
451 0.586701434159061 0 0
452 0.588005215123859 0 0
453 0.589308996088657 0 0
454 0.590612777053455 0 0
455 0.591916558018253 0 0
456 0.593220338983051 0 0
457 0.594524119947849 0 0
458 0.595827900912647 0 0
459 0.597131681877445 0 0
460 0.598435462842242 0 0
461 0.59973924380704 0 0
462 0.601043024771838 0 0
463 0.602346805736636 0 0
464 0.603650586701434 0 0
465 0.604954367666232 0 0
466 0.60625814863103 0 0
467 0.607561929595828 0 0
468 0.608865710560626 0 0
469 0.610169491525424 0 0
470 0.611473272490222 0 0
471 0.61277705345502 0 0
472 0.614080834419817 0 0
473 0.615384615384615 0 0
474 0.616688396349413 0 0
475 0.617992177314211 0 0
476 0.619295958279009 0 0
477 0.620599739243807 0 0
478 0.621903520208605 0 0
479 0.623207301173403 0 0
480 0.624511082138201 0 0
481 0.625814863102999 0 0
482 0.627118644067797 0 0
483 0.628422425032594 0 0
484 0.629726205997392 0 0
485 0.63102998696219 0 0
486 0.632333767926988 0 0
487 0.633637548891786 0 0
488 0.634941329856584 0 0
489 0.636245110821382 0 0
490 0.63754889178618 0 0
491 0.638852672750978 0 0
492 0.640156453715776 0 0
493 0.641460234680574 0 0
494 0.642764015645372 0 0
495 0.644067796610169 0 0
496 0.645371577574967 0 0
497 0.646675358539765 0 0
498 0.647979139504563 0 0
499 0.649282920469361 0 0
500 0.650586701434159 0 0
501 0.651890482398957 0 0
502 0.653194263363755 0 0
503 0.654498044328553 0 0
504 0.655801825293351 0 0
505 0.657105606258149 0 0
506 0.658409387222947 0 0
507 0.659713168187744 0 0
508 0.661016949152542 0 0
509 0.66232073011734 0 0
510 0.663624511082138 0 0
511 0.664928292046936 0 0
512 0.666232073011734 0 0
513 0.667535853976532 0 0
514 0.66883963494133 0 0
515 0.670143415906128 0 0
516 0.671447196870926 0 0
517 0.672750977835724 0 0
518 0.674054758800521 0 0
519 0.675358539765319 0 0
520 0.676662320730117 0 0
521 0.677966101694915 0 0
522 0.679269882659713 0 0
523 0.680573663624511 0 0
524 0.681877444589309 0 0
525 0.683181225554107 0 0
526 0.684485006518905 0 0
527 0.685788787483703 0 0
528 0.687092568448501 0 0
529 0.688396349413299 0 0
530 0.689700130378096 0 0
531 0.691003911342894 0 0
532 0.692307692307692 0 0
533 0.69361147327249 0 0
534 0.694915254237288 0 0
535 0.696219035202086 0 0
536 0.697522816166884 0 0
537 0.698826597131682 0 0
538 0.70013037809648 0 0
539 0.701434159061278 0 0
540 0.702737940026076 0 0
541 0.704041720990873 0 0
542 0.705345501955671 0 0
543 0.706649282920469 0 0
544 0.707953063885267 0 0
545 0.709256844850065 0 0
546 0.710560625814863 0 0
547 0.711864406779661 0 0
548 0.713168187744459 0 0
549 0.714471968709257 0 0
550 0.715775749674055 0 0
551 0.717079530638853 0 0
552 0.718383311603651 0 0
553 0.719687092568448 0 0
554 0.720990873533246 0 0
555 0.722294654498044 0 0
556 0.723598435462842 0 0
557 0.72490221642764 0 0
558 0.726205997392438 0 0
559 0.727509778357236 0 0
560 0.728813559322034 0 0
561 0.730117340286832 0 0
562 0.73142112125163 0 0
563 0.732724902216428 0 0
564 0.734028683181225 0 0
565 0.735332464146023 0 0
566 0.736636245110821 0 0
567 0.737940026075619 0 0
568 0.739243807040417 0 0
569 0.740547588005215 0 0
570 0.741851368970013 0 0
571 0.743155149934811 0 0
572 0.744458930899609 0 0
573 0.745762711864407 0 0
574 0.747066492829205 0 0
575 0.748370273794003 0 0
576 0.7496740547588 0 0
577 0.750977835723598 0 0
578 0.752281616688396 0 0
579 0.753585397653194 0 0
580 0.754889178617992 0 0
581 0.75619295958279 0 0
582 0.757496740547588 0 0
583 0.758800521512386 0 0
584 0.760104302477184 0 0
585 0.761408083441982 0 0
586 0.76271186440678 0 0
587 0.764015645371578 0 0
588 0.765319426336376 0 0
589 0.766623207301173 0 0
590 0.767926988265971 0 0
591 0.769230769230769 0 0
592 0.770534550195567 0 0
593 0.771838331160365 0 0
594 0.773142112125163 0 0
595 0.774445893089961 0 0
596 0.775749674054759 0 0
597 0.777053455019557 0 0
598 0.778357235984355 0 0
599 0.779661016949153 0 0
600 0.78096479791395 0 0
601 0.782268578878748 0 0
602 0.783572359843546 0 0
603 0.784876140808344 0 0
604 0.786179921773142 0 0
605 0.78748370273794 0 0
606 0.788787483702738 0 0
607 0.790091264667536 0 0
608 0.791395045632334 0 0
609 0.792698826597132 0 0
610 0.79400260756193 0 0
611 0.795306388526728 0 0
612 0.796610169491525 0 0
613 0.797913950456323 0 0
614 0.799217731421121 0 0
615 0.800521512385919 0 0
616 0.801825293350717 0 0
617 0.803129074315515 0 0
618 0.804432855280313 0 0
619 0.805736636245111 0 0
620 0.807040417209909 0 0
621 0.808344198174707 0 0
622 0.809647979139505 0 0
623 0.810951760104302 0 0
624 0.8122555410691 0 0
625 0.813559322033898 0 0
626 0.814863102998696 0 0
627 0.816166883963494 0 0
628 0.817470664928292 0 0
629 0.81877444589309 0 0
630 0.820078226857888 0 0
631 0.821382007822686 0 0
632 0.822685788787484 0 0
633 0.823989569752282 0 0
634 0.82529335071708 0 0
635 0.826597131681877 0 0
636 0.827900912646675 0 0
637 0.829204693611473 0 0
638 0.830508474576271 0 0
639 0.831812255541069 0 0
640 0.833116036505867 0 0
641 0.834419817470665 0 0
642 0.835723598435463 0 0
643 0.837027379400261 0 0
644 0.838331160365059 0 0
645 0.839634941329857 0 0
646 0.840938722294654 0 0
647 0.842242503259452 0 0
648 0.84354628422425 0 0
649 0.844850065189048 0 0
650 0.846153846153846 0 0
651 0.847457627118644 0 0
652 0.848761408083442 0 0
653 0.85006518904824 0 0
654 0.851368970013038 0 0
655 0.852672750977836 0 0
656 0.853976531942634 0 0
657 0.855280312907432 0 0
658 0.856584093872229 0 0
659 0.857887874837027 0 0
660 0.859191655801825 0 0
661 0.860495436766623 0 0
662 0.861799217731421 0 0
663 0.863102998696219 0 0
664 0.864406779661017 0 0
665 0.865710560625815 0 0
666 0.867014341590613 0 0
667 0.868318122555411 0 0
668 0.869621903520209 0 0
669 0.870925684485007 0 0
670 0.872229465449804 0 0
671 0.873533246414602 0 0
672 0.8748370273794 0 0
673 0.876140808344198 0 0
674 0.877444589308996 0 0
675 0.878748370273794 0 0
676 0.880052151238592 0 0
677 0.88135593220339 0 0
678 0.882659713168188 0 0
679 0.883963494132986 0 0
680 0.885267275097784 0 0
681 0.886571056062581 0 0
682 0.887874837027379 0 0
683 0.889178617992177 0 0
684 0.890482398956975 0 0
685 0.891786179921773 0 0
686 0.893089960886571 0 0
687 0.894393741851369 0 0
688 0.895697522816167 0 0
689 0.897001303780965 0 0
690 0.898305084745763 0 0
691 0.899608865710561 0 0
692 0.900912646675359 0 0
693 0.902216427640156 0 0
694 0.903520208604954 0 0
695 0.904823989569752 0 0
696 0.90612777053455 0 0
697 0.907431551499348 0 0
698 0.908735332464146 0 0
699 0.910039113428944 0 0
700 0.911342894393742 0 0
701 0.91264667535854 0 0
702 0.913950456323338 0 0
703 0.915254237288136 0 0
704 0.916558018252933 0 0
705 0.917861799217731 0 0
706 0.919165580182529 0 0
707 0.920469361147327 0 0
708 0.921773142112125 0 0
709 0.923076923076923 0 0
710 0.924380704041721 0 0
711 0.925684485006519 0 0
712 0.926988265971317 0 0
713 0.928292046936115 0 0
714 0.929595827900913 0 0
715 0.930899608865711 0 0
716 0.932203389830508 0 0
717 0.933507170795306 0 0
718 0.934810951760104 0 0
719 0.936114732724902 0 0
720 0.9374185136897 0 0
721 0.938722294654498 0 0
722 0.940026075619296 0 0
723 0.941329856584094 0 0
724 0.942633637548892 0 0
725 0.94393741851369 0 0
726 0.945241199478488 0 0
727 0.946544980443285 0 0
728 0.947848761408083 0 0
729 0.949152542372881 0 0
730 0.950456323337679 0 0
731 0.951760104302477 0 0
732 0.953063885267275 0 0
733 0.954367666232073 0 0
734 0.955671447196871 0 0
735 0.956975228161669 0 0
736 0.958279009126467 0 0
737 0.959582790091265 0 0
738 0.960886571056063 0 0
739 0.96219035202086 0 0
740 0.963494132985658 0 0
741 0.964797913950456 0 0
742 0.966101694915254 0 0
743 0.967405475880052 0 0
744 0.96870925684485 0 0
745 0.970013037809648 0 0
746 0.971316818774446 0 0
747 0.972620599739244 0 0
748 0.973924380704042 0 0
749 0.97522816166884 0 0
750 0.976531942633638 0 0
751 0.977835723598435 0 0
752 0.979139504563233 0 0
753 0.980443285528031 0 0
754 0.981747066492829 0 0
755 0.983050847457627 0 0
756 0.984354628422425 0 0
757 0.985658409387223 0 0
758 0.986962190352021 0 0
759 0.988265971316819 0 0
760 0.989569752281617 0 0
761 0.990873533246415 0 0
762 0.992177314211212 0 0
763 0.99348109517601 0 0
764 0.994784876140808 0 0
765 0.996088657105606 0 0
766 0.997392438070404 0 0
767 0.998696219035202 0 0
768 1 0 0
