1 0 0 0
2 0.0434782608695652 0 0
3 0.0869565217391304 0 0
4 0.130434782608696 0 0
5 0.173913043478261 0 0
6 0.217391304347826 0 0
7 0.260869565217391 0 0
8 0.304347826086956 0 0
9 0.347826086956522 0 0
10 0.391304347826087 0 0
11 0.434782608695652 0 0
12 0.478260869565217 0 0
13 0.521739130434783 0 0
14 0.565217391304348 0 0
15 0.608695652173913 0 0
16 0.652173913043478 0 0
17 0.695652173913043 0 0
18 0.739130434782609 0 0
19 0.782608695652174 0 0
20 0.826086956521739 0 0
21 0.869565217391304 0 0
22 0.91304347826087 0 0
23 0.956521739130435 0 0
24 1 0 0
