1 0 0 0
2 0.0212765957446809 0 0
3 0.0425531914893617 0 0
4 0.0638297872340425 0 0
5 0.0851063829787234 0 0
6 0.106382978723404 0 0
7 0.127659574468085 0 0
8 0.148936170212766 0 0
9 0.170212765957447 0 0
10 0.191489361702128 0 0
11 0.212765957446809 0 0
12 0.234042553191489 0 0
13 0.25531914893617 0 0
14 0.276595744680851 0 0
15 0.297872340425532 0 0
16 0.319148936170213 0 0
17 0.340425531914894 0 0
18 0.361702127659574 0 0
19 0.382978723404255 0 0
20 0.404255319148936 0 0
21 0.425531914893617 0 0
22 0.446808510638298 0 0
23 0.468085106382979 0 0
24 0.48936170212766 0 0
25 0.51063829787234 0 0
26 0.531914893617021 0 0
27 0.553191489361702 0 0
28 0.574468085106383 0 0
29 0.595744680851064 0 0
30 0.617021276595745 0 0
31 0.638297872340426 0 0
32 0.659574468085106 0 0
33 0.680851063829787 0 0
34 0.702127659574468 0 0
35 0.723404255319149 0 0
36 0.74468085106383 0 0
37 0.765957446808511 0 0
38 0.787234042553192 0 0
39 0.808510638297872 0 0
40 0.829787234042553 0 0
41 0.851063829787234 0 0
42 0.872340425531915 0 0
43 0.893617021276596 0 0
44 0.914893617021277 0 0
45 0.936170212765957 0 0
46 0.957446808510638 0 0
47 0.978723404255319 0 0
48 1 0 0
