1 0 0 0
2 0.000326157860404436 0 0
3 0.000652315720808871 0 0
4 0.000978473581213307 0 0
5 0.00130463144161774 0 0
6 0.00163078930202218 0 0
7 0.00195694716242661 0 0
8 0.00228310502283105 0 0
9 0.00260926288323549 0 0
10 0.00293542074363992 0 0
11 0.00326157860404436 0 0
12 0.00358773646444879 0 0
13 0.00391389432485323 0 0
14 0.00424005218525766 0 0
15 0.0045662100456621 0 0
16 0.00489236790606654 0 0
17 0.00521852576647097 0 0
18 0.00554468362687541 0 0
19 0.00587084148727984 0 0
20 0.00619699934768428 0 0
21 0.00652315720808871 0 0
22 0.00684931506849315 0 0
23 0.00717547292889759 0 0
24 0.00750163078930202 0 0
25 0.00782778864970646 0 0
26 0.00815394651011089 0 0
27 0.00848010437051533 0 0
28 0.00880626223091976 0 0
29 0.0091324200913242 0 0
30 0.00945857795172864 0 0
31 0.00978473581213307 0 0
32 0.0101108936725375 0 0
33 0.0104370515329419 0 0
34 0.0107632093933464 0 0
35 0.0110893672537508 0 0
36 0.0114155251141553 0 0
37 0.0117416829745597 0 0
38 0.0120678408349641 0 0
39 0.0123939986953686 0 0
40 0.012720156555773 0 0
41 0.0130463144161774 0 0
42 0.0133724722765819 0 0
43 0.0136986301369863 0 0
44 0.0140247879973907 0 0
45 0.0143509458577952 0 0
46 0.0146771037181996 0 0
47 0.015003261578604 0 0
48 0.0153294194390085 0 0
49 0.0156555772994129 0 0
50 0.0159817351598174 0 0
51 0.0163078930202218 0 0
52 0.0166340508806262 0 0
53 0.0169602087410307 0 0
54 0.0172863666014351 0 0
55 0.0176125244618395 0 0
56 0.017938682322244 0 0
57 0.0182648401826484 0 0
58 0.0185909980430528 0 0
59 0.0189171559034573 0 0
60 0.0192433137638617 0 0
61 0.0195694716242661 0 0
62 0.0198956294846706 0 0
63 0.020221787345075 0 0
64 0.0205479452054795 0 0
65 0.0208741030658839 0 0
66 0.0212002609262883 0 0
67 0.0215264187866928 0 0
68 0.0218525766470972 0 0
69 0.0221787345075016 0 0
70 0.0225048923679061 0 0
71 0.0228310502283105 0 0
72 0.0231572080887149 0 0
73 0.0234833659491194 0 0
74 0.0238095238095238 0 0
75 0.0241356816699282 0 0
76 0.0244618395303327 0 0
77 0.0247879973907371 0 0
78 0.0251141552511416 0 0
79 0.025440313111546 0 0
80 0.0257664709719504 0 0
81 0.0260926288323549 0 0
82 0.0264187866927593 0 0
83 0.0267449445531637 0 0
84 0.0270711024135682 0 0
85 0.0273972602739726 0 0
86 0.027723418134377 0 0
87 0.0280495759947815 0 0
88 0.0283757338551859 0 0
89 0.0287018917155903 0 0
90 0.0290280495759948 0 0
91 0.0293542074363992 0 0
92 0.0296803652968037 0 0
93 0.0300065231572081 0 0
94 0.0303326810176125 0 0
95 0.030658838878017 0 0
96 0.0309849967384214 0 0
97 0.0313111545988258 0 0
98 0.0316373124592303 0 0
99 0.0319634703196347 0 0
100 0.0322896281800391 0 0
101 0.0326157860404436 0 0
102 0.032941943900848 0 0
103 0.0332681017612524 0 0
104 0.0335942596216569 0 0
105 0.0339204174820613 0 0
106 0.0342465753424658 0 0
107 0.0345727332028702 0 0
108 0.0348988910632746 0 0
109 0.0352250489236791 0 0
110 0.0355512067840835 0 0
111 0.0358773646444879 0 0
112 0.0362035225048924 0 0
113 0.0365296803652968 0 0
114 0.0368558382257012 0 0
115 0.0371819960861057 0 0
116 0.0375081539465101 0 0
117 0.0378343118069145 0 0
118 0.038160469667319 0 0
119 0.0384866275277234 0 0
120 0.0388127853881279 0 0
121 0.0391389432485323 0 0
122 0.0394651011089367 0 0
123 0.0397912589693412 0 0
124 0.0401174168297456 0 0
125 0.04044357469015 0 0
126 0.0407697325505545 0 0
127 0.0410958904109589 0 0
128 0.0414220482713633 0 0
129 0.0417482061317678 0 0
130 0.0420743639921722 0 0
131 0.0424005218525766 0 0
132 0.0427266797129811 0 0
133 0.0430528375733855 0 0
134 0.04337899543379 0 0
135 0.0437051532941944 0 0
136 0.0440313111545988 0 0
137 0.0443574690150033 0 0
138 0.0446836268754077 0 0
139 0.0450097847358121 0 0
140 0.0453359425962166 0 0
141 0.045662100456621 0 0
142 0.0459882583170254 0 0
143 0.0463144161774299 0 0
144 0.0466405740378343 0 0
145 0.0469667318982387 0 0
146 0.0472928897586432 0 0
147 0.0476190476190476 0 0
148 0.0479452054794521 0 0
149 0.0482713633398565 0 0
150 0.0485975212002609 0 0
151 0.0489236790606654 0 0
152 0.0492498369210698 0 0
153 0.0495759947814742 0 0
154 0.0499021526418787 0 0
155 0.0502283105022831 0 0
156 0.0505544683626875 0 0
157 0.050880626223092 0 0
158 0.0512067840834964 0 0
159 0.0515329419439009 0 0
160 0.0518590998043053 0 0
161 0.0521852576647097 0 0
162 0.0525114155251142 0 0
163 0.0528375733855186 0 0
164 0.053163731245923 0 0
165 0.0534898891063275 0 0
166 0.0538160469667319 0 0
167 0.0541422048271363 0 0
168 0.0544683626875408 0 0
169 0.0547945205479452 0 0
170 0.0551206784083496 0 0
171 0.0554468362687541 0 0
172 0.0557729941291585 0 0
173 0.056099151989563 0 0
174 0.0564253098499674 0 0
175 0.0567514677103718 0 0
176 0.0570776255707763 0 0
177 0.0574037834311807 0 0
178 0.0577299412915851 0 0
179 0.0580560991519896 0 0
180 0.058382257012394 0 0
181 0.0587084148727984 0 0
182 0.0590345727332029 0 0
183 0.0593607305936073 0 0
184 0.0596868884540117 0 0
185 0.0600130463144162 0 0
186 0.0603392041748206 0 0
187 0.0606653620352251 0 0
188 0.0609915198956295 0 0
189 0.0613176777560339 0 0
190 0.0616438356164384 0 0
191 0.0619699934768428 0 0
192 0.0622961513372472 0 0
193 0.0626223091976517 0 0
194 0.0629484670580561 0 0
195 0.0632746249184605 0 0
196 0.063600782778865 0 0
197 0.0639269406392694 0 0
198 0.0642530984996738 0 0
199 0.0645792563600783 0 0
200 0.0649054142204827 0 0
201 0.0652315720808871 0 0
202 0.0655577299412916 0 0
203 0.065883887801696 0 0
204 0.0662100456621005 0 0
205 0.0665362035225049 0 0
206 0.0668623613829093 0 0
207 0.0671885192433138 0 0
208 0.0675146771037182 0 0
209 0.0678408349641226 0 0
210 0.0681669928245271 0 0
211 0.0684931506849315 0 0
212 0.0688193085453359 0 0
213 0.0691454664057404 0 0
214 0.0694716242661448 0 0
215 0.0697977821265492 0 0
216 0.0701239399869537 0 0
217 0.0704500978473581 0 0
218 0.0707762557077626 0 0
219 0.071102413568167 0 0
220 0.0714285714285714 0 0
221 0.0717547292889759 0 0
222 0.0720808871493803 0 0
223 0.0724070450097847 0 0
224 0.0727332028701892 0 0
225 0.0730593607305936 0 0
226 0.073385518590998 0 0
227 0.0737116764514025 0 0
228 0.0740378343118069 0 0
229 0.0743639921722113 0 0
230 0.0746901500326158 0 0
231 0.0750163078930202 0 0
232 0.0753424657534247 0 0
233 0.0756686236138291 0 0
234 0.0759947814742335 0 0
235 0.076320939334638 0 0
236 0.0766470971950424 0 0
237 0.0769732550554468 0 0
238 0.0772994129158513 0 0
239 0.0776255707762557 0 0
240 0.0779517286366601 0 0
241 0.0782778864970646 0 0
242 0.078604044357469 0 0
243 0.0789302022178734 0 0
244 0.0792563600782779 0 0
245 0.0795825179386823 0 0
246 0.0799086757990868 0 0
247 0.0802348336594912 0 0
248 0.0805609915198956 0 0
249 0.0808871493803001 0 0
250 0.0812133072407045 0 0
251 0.0815394651011089 0 0
252 0.0818656229615134 0 0
253 0.0821917808219178 0 0
254 0.0825179386823222 0 0
255 0.0828440965427267 0 0
256 0.0831702544031311 0 0
257 0.0834964122635355 0 0
258 0.08382257012394 0 0
259 0.0841487279843444 0 0
260 0.0844748858447489 0 0
261 0.0848010437051533 0 0
262 0.0851272015655577 0 0
263 0.0854533594259622 0 0
264 0.0857795172863666 0 0
265 0.086105675146771 0 0
266 0.0864318330071755 0 0
267 0.0867579908675799 0 0
268 0.0870841487279843 0 0
269 0.0874103065883888 0 0
270 0.0877364644487932 0 0
271 0.0880626223091976 0 0
272 0.0883887801696021 0 0
273 0.0887149380300065 0 0
274 0.089041095890411 0 0
275 0.0893672537508154 0 0
276 0.0896934116112198 0 0
277 0.0900195694716243 0 0
278 0.0903457273320287 0 0
279 0.0906718851924331 0 0
280 0.0909980430528376 0 0
281 0.091324200913242 0 0
282 0.0916503587736464 0 0
283 0.0919765166340509 0 0
284 0.0923026744944553 0 0
285 0.0926288323548597 0 0
286 0.0929549902152642 0 0
287 0.0932811480756686 0 0
288 0.0936073059360731 0 0
289 0.0939334637964775 0 0
290 0.0942596216568819 0 0
291 0.0945857795172864 0 0
292 0.0949119373776908 0 0
293 0.0952380952380952 0 0
294 0.0955642530984997 0 0
295 0.0958904109589041 0 0
296 0.0962165688193085 0 0
297 0.096542726679713 0 0
298 0.0968688845401174 0 0
299 0.0971950424005218 0 0
300 0.0975212002609263 0 0
301 0.0978473581213307 0 0
302 0.0981735159817352 0 0
303 0.0984996738421396 0 0
304 0.098825831702544 0 0
305 0.0991519895629485 0 0
306 0.0994781474233529 0 0
307 0.0998043052837573 0 0
308 0.100130463144162 0 0
309 0.100456621004566 0 0
310 0.100782778864971 0 0
311 0.101108936725375 0 0
312 0.101435094585779 0 0
313 0.101761252446184 0 0
314 0.102087410306588 0 0
315 0.102413568166993 0 0
316 0.102739726027397 0 0
317 0.103065883887802 0 0
318 0.103392041748206 0 0
319 0.103718199608611 0 0
320 0.104044357469015 0 0
321 0.104370515329419 0 0
322 0.104696673189824 0 0
323 0.105022831050228 0 0
324 0.105348988910633 0 0
325 0.105675146771037 0 0
326 0.106001304631442 0 0
327 0.106327462491846 0 0
328 0.10665362035225 0 0
329 0.106979778212655 0 0
330 0.107305936073059 0 0
331 0.107632093933464 0 0
332 0.107958251793868 0 0
333 0.108284409654273 0 0
334 0.108610567514677 0 0
335 0.108936725375082 0 0
336 0.109262883235486 0 0
337 0.10958904109589 0 0
338 0.109915198956295 0 0
339 0.110241356816699 0 0
340 0.110567514677104 0 0
341 0.110893672537508 0 0
342 0.111219830397913 0 0
343 0.111545988258317 0 0
344 0.111872146118721 0 0
345 0.112198303979126 0 0
346 0.11252446183953 0 0
347 0.112850619699935 0 0
348 0.113176777560339 0 0
349 0.113502935420744 0 0
350 0.113829093281148 0 0
351 0.114155251141553 0 0
352 0.114481409001957 0 0
353 0.114807566862361 0 0
354 0.115133724722766 0 0
355 0.11545988258317 0 0
356 0.115786040443575 0 0
357 0.116112198303979 0 0
358 0.116438356164384 0 0
359 0.116764514024788 0 0
360 0.117090671885192 0 0
361 0.117416829745597 0 0
362 0.117742987606001 0 0
363 0.118069145466406 0 0
364 0.11839530332681 0 0
365 0.118721461187215 0 0
366 0.119047619047619 0 0
367 0.119373776908024 0 0
368 0.119699934768428 0 0
369 0.120026092628832 0 0
370 0.120352250489237 0 0
371 0.120678408349641 0 0
372 0.121004566210046 0 0
373 0.12133072407045 0 0
374 0.121656881930854 0 0
375 0.121983039791259 0 0
376 0.122309197651663 0 0
377 0.122635355512068 0 0
378 0.122961513372472 0 0
379 0.123287671232877 0 0
380 0.123613829093281 0 0
381 0.123939986953686 0 0
382 0.12426614481409 0 0
383 0.124592302674494 0 0
384 0.124918460534899 0 0
385 0.125244618395303 0 0
386 0.125570776255708 0 0
387 0.125896934116112 0 0
388 0.126223091976517 0 0
389 0.126549249836921 0 0
390 0.126875407697325 0 0
391 0.12720156555773 0 0
392 0.127527723418134 0 0
393 0.127853881278539 0 0
394 0.128180039138943 0 0
395 0.128506196999348 0 0
396 0.128832354859752 0 0
397 0.129158512720156 0 0
398 0.129484670580561 0 0
399 0.129810828440965 0 0
400 0.13013698630137 0 0
401 0.130463144161774 0 0
402 0.130789302022179 0 0
403 0.131115459882583 0 0
404 0.131441617742988 0 0
405 0.131767775603392 0 0
406 0.132093933463796 0 0
407 0.132420091324201 0 0
408 0.132746249184605 0 0
409 0.13307240704501 0 0
410 0.133398564905414 0 0
411 0.133724722765819 0 0
412 0.134050880626223 0 0
413 0.134377038486627 0 0
414 0.134703196347032 0 0
415 0.135029354207436 0 0
416 0.135355512067841 0 0
417 0.135681669928245 0 0
418 0.13600782778865 0 0
419 0.136333985649054 0 0
420 0.136660143509459 0 0
421 0.136986301369863 0 0
422 0.137312459230267 0 0
423 0.137638617090672 0 0
424 0.137964774951076 0 0
425 0.138290932811481 0 0
426 0.138617090671885 0 0
427 0.13894324853229 0 0
428 0.139269406392694 0 0
429 0.139595564253098 0 0
430 0.139921722113503 0 0
431 0.140247879973907 0 0
432 0.140574037834312 0 0
433 0.140900195694716 0 0
434 0.141226353555121 0 0
435 0.141552511415525 0 0
436 0.141878669275929 0 0
437 0.142204827136334 0 0
438 0.142530984996738 0 0
439 0.142857142857143 0 0
440 0.143183300717547 0 0
441 0.143509458577952 0 0
442 0.143835616438356 0 0
443 0.144161774298761 0 0
444 0.144487932159165 0 0
445 0.144814090019569 0 0
446 0.145140247879974 0 0
447 0.145466405740378 0 0
448 0.145792563600783 0 0
449 0.146118721461187 0 0
450 0.146444879321592 0 0
451 0.146771037181996 0 0
452 0.147097195042401 0 0
453 0.147423352902805 0 0
454 0.147749510763209 0 0
455 0.148075668623614 0 0
456 0.148401826484018 0 0
457 0.148727984344423 0 0
458 0.149054142204827 0 0
459 0.149380300065232 0 0
460 0.149706457925636 0 0
461 0.15003261578604 0 0
462 0.150358773646445 0 0
463 0.150684931506849 0 0
464 0.151011089367254 0 0
465 0.151337247227658 0 0
466 0.151663405088063 0 0
467 0.151989562948467 0 0
468 0.152315720808872 0 0
469 0.152641878669276 0 0
470 0.15296803652968 0 0
471 0.153294194390085 0 0
472 0.153620352250489 0 0
473 0.153946510110894 0 0
474 0.154272667971298 0 0
475 0.154598825831703 0 0
476 0.154924983692107 0 0
477 0.155251141552511 0 0
478 0.155577299412916 0 0
479 0.15590345727332 0 0
480 0.156229615133725 0 0
481 0.156555772994129 0 0
482 0.156881930854534 0 0
483 0.157208088714938 0 0
484 0.157534246575343 0 0
485 0.157860404435747 0 0
486 0.158186562296151 0 0
487 0.158512720156556 0 0
488 0.15883887801696 0 0
489 0.159165035877365 0 0
490 0.159491193737769 0 0
491 0.159817351598174 0 0
492 0.160143509458578 0 0
493 0.160469667318982 0 0
494 0.160795825179387 0 0
495 0.161121983039791 0 0
496 0.161448140900196 0 0
497 0.1617742987606 0 0
498 0.162100456621005 0 0
499 0.162426614481409 0 0
500 0.162752772341813 0 0
501 0.163078930202218 0 0
502 0.163405088062622 0 0
503 0.163731245923027 0 0
504 0.164057403783431 0 0
505 0.164383561643836 0 0
506 0.16470971950424 0 0
507 0.165035877364645 0 0
508 0.165362035225049 0 0
509 0.165688193085453 0 0
510 0.166014350945858 0 0
511 0.166340508806262 0 0
512 0.166666666666667 0 0
513 0.166992824527071 0 0
514 0.167318982387476 0 0
515 0.16764514024788 0 0
516 0.167971298108284 0 0
517 0.168297455968689 0 0
518 0.168623613829093 0 0
519 0.168949771689498 0 0
520 0.169275929549902 0 0
521 0.169602087410307 0 0
522 0.169928245270711 0 0
523 0.170254403131116 0 0
524 0.17058056099152 0 0
525 0.170906718851924 0 0
526 0.171232876712329 0 0
527 0.171559034572733 0 0
528 0.171885192433138 0 0
529 0.172211350293542 0 0
530 0.172537508153947 0 0
531 0.172863666014351 0 0
532 0.173189823874755 0 0
533 0.17351598173516 0 0
534 0.173842139595564 0 0
535 0.174168297455969 0 0
536 0.174494455316373 0 0
537 0.174820613176778 0 0
538 0.175146771037182 0 0
539 0.175472928897586 0 0
540 0.175799086757991 0 0
541 0.176125244618395 0 0
542 0.1764514024788 0 0
543 0.176777560339204 0 0
544 0.177103718199609 0 0
545 0.177429876060013 0 0
546 0.177756033920417 0 0
547 0.178082191780822 0 0
548 0.178408349641226 0 0
549 0.178734507501631 0 0
550 0.179060665362035 0 0
551 0.17938682322244 0 0
552 0.179712981082844 0 0
553 0.180039138943248 0 0
554 0.180365296803653 0 0
555 0.180691454664057 0 0
556 0.181017612524462 0 0
557 0.181343770384866 0 0
558 0.181669928245271 0 0
559 0.181996086105675 0 0
560 0.18232224396608 0 0
561 0.182648401826484 0 0
562 0.182974559686888 0 0
563 0.183300717547293 0 0
564 0.183626875407697 0 0
565 0.183953033268102 0 0
566 0.184279191128506 0 0
567 0.184605348988911 0 0
568 0.184931506849315 0 0
569 0.185257664709719 0 0
570 0.185583822570124 0 0
571 0.185909980430528 0 0
572 0.186236138290933 0 0
573 0.186562296151337 0 0
574 0.186888454011742 0 0
575 0.187214611872146 0 0
576 0.18754076973255 0 0
577 0.187866927592955 0 0
578 0.188193085453359 0 0
579 0.188519243313764 0 0
580 0.188845401174168 0 0
581 0.189171559034573 0 0
582 0.189497716894977 0 0
583 0.189823874755382 0 0
584 0.190150032615786 0 0
585 0.19047619047619 0 0
586 0.190802348336595 0 0
587 0.191128506196999 0 0
588 0.191454664057404 0 0
589 0.191780821917808 0 0
590 0.192106979778213 0 0
591 0.192433137638617 0 0
592 0.192759295499021 0 0
593 0.193085453359426 0 0
594 0.19341161121983 0 0
595 0.193737769080235 0 0
596 0.194063926940639 0 0
597 0.194390084801044 0 0
598 0.194716242661448 0 0
599 0.195042400521853 0 0
600 0.195368558382257 0 0
601 0.195694716242661 0 0
602 0.196020874103066 0 0
603 0.19634703196347 0 0
604 0.196673189823875 0 0
605 0.196999347684279 0 0
606 0.197325505544684 0 0
607 0.197651663405088 0 0
608 0.197977821265492 0 0
609 0.198303979125897 0 0
610 0.198630136986301 0 0
611 0.198956294846706 0 0
612 0.19928245270711 0 0
613 0.199608610567515 0 0
614 0.199934768427919 0 0
615 0.200260926288324 0 0
616 0.200587084148728 0 0
617 0.200913242009132 0 0
618 0.201239399869537 0 0
619 0.201565557729941 0 0
620 0.201891715590346 0 0
621 0.20221787345075 0 0
622 0.202544031311155 0 0
623 0.202870189171559 0 0
624 0.203196347031963 0 0
625 0.203522504892368 0 0
626 0.203848662752772 0 0
627 0.204174820613177 0 0
628 0.204500978473581 0 0
629 0.204827136333986 0 0
630 0.20515329419439 0 0
631 0.205479452054795 0 0
632 0.205805609915199 0 0
633 0.206131767775603 0 0
634 0.206457925636008 0 0
635 0.206784083496412 0 0
636 0.207110241356817 0 0
637 0.207436399217221 0 0
638 0.207762557077626 0 0
639 0.20808871493803 0 0
640 0.208414872798434 0 0
641 0.208741030658839 0 0
642 0.209067188519243 0 0
643 0.209393346379648 0 0
644 0.209719504240052 0 0
645 0.210045662100457 0 0
646 0.210371819960861 0 0
647 0.210697977821266 0 0
648 0.21102413568167 0 0
649 0.211350293542074 0 0
650 0.211676451402479 0 0
651 0.212002609262883 0 0
652 0.212328767123288 0 0
653 0.212654924983692 0 0
654 0.212981082844097 0 0
655 0.213307240704501 0 0
656 0.213633398564905 0 0
657 0.21395955642531 0 0
658 0.214285714285714 0 0
659 0.214611872146119 0 0
660 0.214938030006523 0 0
661 0.215264187866928 0 0
662 0.215590345727332 0 0
663 0.215916503587737 0 0
664 0.216242661448141 0 0
665 0.216568819308545 0 0
666 0.21689497716895 0 0
667 0.217221135029354 0 0
668 0.217547292889759 0 0
669 0.217873450750163 0 0
670 0.218199608610568 0 0
671 0.218525766470972 0 0
672 0.218851924331376 0 0
673 0.219178082191781 0 0
674 0.219504240052185 0 0
675 0.21983039791259 0 0
676 0.220156555772994 0 0
677 0.220482713633399 0 0
678 0.220808871493803 0 0
679 0.221135029354207 0 0
680 0.221461187214612 0 0
681 0.221787345075016 0 0
682 0.222113502935421 0 0
683 0.222439660795825 0 0
684 0.22276581865623 0 0
685 0.223091976516634 0 0
686 0.223418134377039 0 0
687 0.223744292237443 0 0
688 0.224070450097847 0 0
689 0.224396607958252 0 0
690 0.224722765818656 0 0
691 0.225048923679061 0 0
692 0.225375081539465 0 0
693 0.225701239399869 0 0
694 0.226027397260274 0 0
695 0.226353555120678 0 0
696 0.226679712981083 0 0
697 0.227005870841487 0 0
698 0.227332028701892 0 0
699 0.227658186562296 0 0
700 0.227984344422701 0 0
701 0.228310502283105 0 0
702 0.228636660143509 0 0
703 0.228962818003914 0 0
704 0.229288975864318 0 0
705 0.229615133724723 0 0
706 0.229941291585127 0 0
707 0.230267449445532 0 0
708 0.230593607305936 0 0
709 0.23091976516634 0 0
710 0.231245923026745 0 0
711 0.231572080887149 0 0
712 0.231898238747554 0 0
713 0.232224396607958 0 0
714 0.232550554468363 0 0
715 0.232876712328767 0 0
716 0.233202870189171 0 0
717 0.233529028049576 0 0
718 0.23385518590998 0 0
719 0.234181343770385 0 0
720 0.234507501630789 0 0
721 0.234833659491194 0 0
722 0.235159817351598 0 0
723 0.235485975212003 0 0
724 0.235812133072407 0 0
725 0.236138290932811 0 0
726 0.236464448793216 0 0
727 0.23679060665362 0 0
728 0.237116764514025 0 0
729 0.237442922374429 0 0
730 0.237769080234834 0 0
731 0.238095238095238 0 0
732 0.238421395955642 0 0
733 0.238747553816047 0 0
734 0.239073711676451 0 0
735 0.239399869536856 0 0
736 0.23972602739726 0 0
737 0.240052185257665 0 0
738 0.240378343118069 0 0
739 0.240704500978474 0 0
740 0.241030658838878 0 0
741 0.241356816699282 0 0
742 0.241682974559687 0 0
743 0.242009132420091 0 0
744 0.242335290280496 0 0
745 0.2426614481409 0 0
746 0.242987606001305 0 0
747 0.243313763861709 0 0
748 0.243639921722113 0 0
749 0.243966079582518 0 0
750 0.244292237442922 0 0
751 0.244618395303327 0 0
752 0.244944553163731 0 0
753 0.245270711024136 0 0
754 0.24559686888454 0 0
755 0.245923026744945 0 0
756 0.246249184605349 0 0
757 0.246575342465753 0 0
758 0.246901500326158 0 0
759 0.247227658186562 0 0
760 0.247553816046967 0 0
761 0.247879973907371 0 0
762 0.248206131767776 0 0
763 0.24853228962818 0 0
764 0.248858447488584 0 0
765 0.249184605348989 0 0
766 0.249510763209393 0 0
767 0.249836921069798 0 0
768 0.250163078930202 0 0
769 0.250489236790607 0 0
770 0.250815394651011 0 0
771 0.251141552511416 0 0
772 0.25146771037182 0 0
773 0.251793868232224 0 0
774 0.252120026092629 0 0
775 0.252446183953033 0 0
776 0.252772341813438 0 0
777 0.253098499673842 0 0
778 0.253424657534247 0 0
779 0.253750815394651 0 0
780 0.254076973255056 0 0
781 0.25440313111546 0 0
782 0.254729288975864 0 0
783 0.255055446836269 0 0
784 0.255381604696673 0 0
785 0.255707762557078 0 0
786 0.256033920417482 0 0
787 0.256360078277886 0 0
788 0.256686236138291 0 0
789 0.257012393998695 0 0
790 0.2573385518591 0 0
791 0.257664709719504 0 0
792 0.257990867579909 0 0
793 0.258317025440313 0 0
794 0.258643183300718 0 0
795 0.258969341161122 0 0
796 0.259295499021526 0 0
797 0.259621656881931 0 0
798 0.259947814742335 0 0
799 0.26027397260274 0 0
800 0.260600130463144 0 0
801 0.260926288323549 0 0
802 0.261252446183953 0 0
803 0.261578604044358 0 0
804 0.261904761904762 0 0
805 0.262230919765166 0 0
806 0.262557077625571 0 0
807 0.262883235485975 0 0
808 0.26320939334638 0 0
809 0.263535551206784 0 0
810 0.263861709067188 0 0
811 0.264187866927593 0 0
812 0.264514024787997 0 0
813 0.264840182648402 0 0
814 0.265166340508806 0 0
815 0.265492498369211 0 0
816 0.265818656229615 0 0
817 0.26614481409002 0 0
818 0.266470971950424 0 0
819 0.266797129810828 0 0
820 0.267123287671233 0 0
821 0.267449445531637 0 0
822 0.267775603392042 0 0
823 0.268101761252446 0 0
824 0.268427919112851 0 0
825 0.268754076973255 0 0
826 0.26908023483366 0 0
827 0.269406392694064 0 0
828 0.269732550554468 0 0
829 0.270058708414873 0 0
830 0.270384866275277 0 0
831 0.270711024135682 0 0
832 0.271037181996086 0 0
833 0.271363339856491 0 0
834 0.271689497716895 0 0
835 0.272015655577299 0 0
836 0.272341813437704 0 0
837 0.272667971298108 0 0
838 0.272994129158513 0 0
839 0.273320287018917 0 0
840 0.273646444879322 0 0
841 0.273972602739726 0 0
842 0.27429876060013 0 0
843 0.274624918460535 0 0
844 0.274951076320939 0 0
845 0.275277234181344 0 0
846 0.275603392041748 0 0
847 0.275929549902153 0 0
848 0.276255707762557 0 0
849 0.276581865622961 0 0
850 0.276908023483366 0 0
851 0.27723418134377 0 0
852 0.277560339204175 0 0
853 0.277886497064579 0 0
854 0.278212654924984 0 0
855 0.278538812785388 0 0
856 0.278864970645793 0 0
857 0.279191128506197 0 0
858 0.279517286366601 0 0
859 0.279843444227006 0 0
860 0.28016960208741 0 0
861 0.280495759947815 0 0
862 0.280821917808219 0 0
863 0.281148075668624 0 0
864 0.281474233529028 0 0
865 0.281800391389433 0 0
866 0.282126549249837 0 0
867 0.282452707110241 0 0
868 0.282778864970646 0 0
869 0.28310502283105 0 0
870 0.283431180691455 0 0
871 0.283757338551859 0 0
872 0.284083496412263 0 0
873 0.284409654272668 0 0
874 0.284735812133072 0 0
875 0.285061969993477 0 0
876 0.285388127853881 0 0
877 0.285714285714286 0 0
878 0.28604044357469 0 0
879 0.286366601435095 0 0
880 0.286692759295499 0 0
881 0.287018917155903 0 0
882 0.287345075016308 0 0
883 0.287671232876712 0 0
884 0.287997390737117 0 0
885 0.288323548597521 0 0
886 0.288649706457926 0 0
887 0.28897586431833 0 0
888 0.289302022178735 0 0
889 0.289628180039139 0 0
890 0.289954337899543 0 0
891 0.290280495759948 0 0
892 0.290606653620352 0 0
893 0.290932811480757 0 0
894 0.291258969341161 0 0
895 0.291585127201565 0 0
896 0.29191128506197 0 0
897 0.292237442922374 0 0
898 0.292563600782779 0 0
899 0.292889758643183 0 0
900 0.293215916503588 0 0
901 0.293542074363992 0 0
902 0.293868232224397 0 0
903 0.294194390084801 0 0
904 0.294520547945205 0 0
905 0.29484670580561 0 0
906 0.295172863666014 0 0
907 0.295499021526419 0 0
908 0.295825179386823 0 0
909 0.296151337247228 0 0
910 0.296477495107632 0 0
911 0.296803652968037 0 0
912 0.297129810828441 0 0
913 0.297455968688845 0 0
914 0.29778212654925 0 0
915 0.298108284409654 0 0
916 0.298434442270059 0 0
917 0.298760600130463 0 0
918 0.299086757990868 0 0
919 0.299412915851272 0 0
920 0.299739073711677 0 0
921 0.300065231572081 0 0
922 0.300391389432485 0 0
923 0.30071754729289 0 0
924 0.301043705153294 0 0
925 0.301369863013699 0 0
926 0.301696020874103 0 0
927 0.302022178734507 0 0
928 0.302348336594912 0 0
929 0.302674494455316 0 0
930 0.303000652315721 0 0
931 0.303326810176125 0 0
932 0.30365296803653 0 0
933 0.303979125896934 0 0
934 0.304305283757339 0 0
935 0.304631441617743 0 0
936 0.304957599478147 0 0
937 0.305283757338552 0 0
938 0.305609915198956 0 0
939 0.305936073059361 0 0
940 0.306262230919765 0 0
941 0.30658838878017 0 0
942 0.306914546640574 0 0
943 0.307240704500979 0 0
944 0.307566862361383 0 0
945 0.307893020221787 0 0
946 0.308219178082192 0 0
947 0.308545335942596 0 0
948 0.308871493803001 0 0
949 0.309197651663405 0 0
950 0.309523809523809 0 0
951 0.309849967384214 0 0
952 0.310176125244618 0 0
953 0.310502283105023 0 0
954 0.310828440965427 0 0
955 0.311154598825832 0 0
956 0.311480756686236 0 0
957 0.311806914546641 0 0
958 0.312133072407045 0 0
959 0.312459230267449 0 0
960 0.312785388127854 0 0
961 0.313111545988258 0 0
962 0.313437703848663 0 0
963 0.313763861709067 0 0
964 0.314090019569472 0 0
965 0.314416177429876 0 0
966 0.314742335290281 0 0
967 0.315068493150685 0 0
968 0.315394651011089 0 0
969 0.315720808871494 0 0
970 0.316046966731898 0 0
971 0.316373124592303 0 0
972 0.316699282452707 0 0
973 0.317025440313111 0 0
974 0.317351598173516 0 0
975 0.31767775603392 0 0
976 0.318003913894325 0 0
977 0.318330071754729 0 0
978 0.318656229615134 0 0
979 0.318982387475538 0 0
980 0.319308545335943 0 0
981 0.319634703196347 0 0
982 0.319960861056751 0 0
983 0.320287018917156 0 0
984 0.32061317677756 0 0
985 0.320939334637965 0 0
986 0.321265492498369 0 0
987 0.321591650358774 0 0
988 0.321917808219178 0 0
989 0.322243966079583 0 0
990 0.322570123939987 0 0
991 0.322896281800391 0 0
992 0.323222439660796 0 0
993 0.3235485975212 0 0
994 0.323874755381605 0 0
995 0.324200913242009 0 0
996 0.324527071102414 0 0
997 0.324853228962818 0 0
998 0.325179386823222 0 0
999 0.325505544683627 0 0
1000 0.325831702544031 0 0
1001 0.326157860404436 0 0
1002 0.32648401826484 0 0
1003 0.326810176125245 0 0
1004 0.327136333985649 0 0
1005 0.327462491846054 0 0
1006 0.327788649706458 0 0
1007 0.328114807566862 0 0
1008 0.328440965427267 0 0
1009 0.328767123287671 0 0
1010 0.329093281148076 0 0
1011 0.32941943900848 0 0
1012 0.329745596868884 0 0
1013 0.330071754729289 0 0
1014 0.330397912589693 0 0
1015 0.330724070450098 0 0
1016 0.331050228310502 0 0
1017 0.331376386170907 0 0
1018 0.331702544031311 0 0
1019 0.332028701891716 0 0
1020 0.33235485975212 0 0
1021 0.332681017612524 0 0
1022 0.333007175472929 0 0
1023 0.333333333333333 0 0
1024 0.333659491193738 0 0
1025 0.333985649054142 0 0
1026 0.334311806914547 0 0
1027 0.334637964774951 0 0
1028 0.334964122635356 0 0
1029 0.33529028049576 0 0
1030 0.335616438356164 0 0
1031 0.335942596216569 0 0
1032 0.336268754076973 0 0
1033 0.336594911937378 0 0
1034 0.336921069797782 0 0
1035 0.337247227658186 0 0
1036 0.337573385518591 0 0
1037 0.337899543378995 0 0
1038 0.3382257012394 0 0
1039 0.338551859099804 0 0
1040 0.338878016960209 0 0
1041 0.339204174820613 0 0
1042 0.339530332681018 0 0
1043 0.339856490541422 0 0
1044 0.340182648401826 0 0
1045 0.340508806262231 0 0
1046 0.340834964122635 0 0
1047 0.34116112198304 0 0
1048 0.341487279843444 0 0
1049 0.341813437703849 0 0
1050 0.342139595564253 0 0
1051 0.342465753424658 0 0
1052 0.342791911285062 0 0
1053 0.343118069145466 0 0
1054 0.343444227005871 0 0
1055 0.343770384866275 0 0
1056 0.34409654272668 0 0
1057 0.344422700587084 0 0
1058 0.344748858447489 0 0
1059 0.345075016307893 0 0
1060 0.345401174168298 0 0
1061 0.345727332028702 0 0
1062 0.346053489889106 0 0
1063 0.346379647749511 0 0
1064 0.346705805609915 0 0
1065 0.34703196347032 0 0
1066 0.347358121330724 0 0
1067 0.347684279191128 0 0
1068 0.348010437051533 0 0
1069 0.348336594911937 0 0
1070 0.348662752772342 0 0
1071 0.348988910632746 0 0
1072 0.349315068493151 0 0
1073 0.349641226353555 0 0
1074 0.34996738421396 0 0
1075 0.350293542074364 0 0
1076 0.350619699934768 0 0
1077 0.350945857795173 0 0
1078 0.351272015655577 0 0
1079 0.351598173515982 0 0
1080 0.351924331376386 0 0
1081 0.352250489236791 0 0
1082 0.352576647097195 0 0
1083 0.3529028049576 0 0
1084 0.353228962818004 0 0
1085 0.353555120678408 0 0
1086 0.353881278538813 0 0
1087 0.354207436399217 0 0
1088 0.354533594259622 0 0
1089 0.354859752120026 0 0
1090 0.35518590998043 0 0
1091 0.355512067840835 0 0
1092 0.355838225701239 0 0
1093 0.356164383561644 0 0
1094 0.356490541422048 0 0
1095 0.356816699282453 0 0
1096 0.357142857142857 0 0
1097 0.357469015003262 0 0
1098 0.357795172863666 0 0
1099 0.35812133072407 0 0
1100 0.358447488584475 0 0
1101 0.358773646444879 0 0
1102 0.359099804305284 0 0
1103 0.359425962165688 0 0
1104 0.359752120026093 0 0
1105 0.360078277886497 0 0
1106 0.360404435746902 0 0
1107 0.360730593607306 0 0
1108 0.36105675146771 0 0
1109 0.361382909328115 0 0
1110 0.361709067188519 0 0
1111 0.362035225048924 0 0
1112 0.362361382909328 0 0
1113 0.362687540769732 0 0
1114 0.363013698630137 0 0
1115 0.363339856490541 0 0
1116 0.363666014350946 0 0
1117 0.36399217221135 0 0
1118 0.364318330071755 0 0
1119 0.364644487932159 0 0
1120 0.364970645792564 0 0
1121 0.365296803652968 0 0
1122 0.365622961513372 0 0
1123 0.365949119373777 0 0
1124 0.366275277234181 0 0
1125 0.366601435094586 0 0
1126 0.36692759295499 0 0
1127 0.367253750815395 0 0
1128 0.367579908675799 0 0
1129 0.367906066536204 0 0
1130 0.368232224396608 0 0
1131 0.368558382257012 0 0
1132 0.368884540117417 0 0
1133 0.369210697977821 0 0
1134 0.369536855838226 0 0
1135 0.36986301369863 0 0
1136 0.370189171559035 0 0
1137 0.370515329419439 0 0
1138 0.370841487279844 0 0
1139 0.371167645140248 0 0
1140 0.371493803000652 0 0
1141 0.371819960861057 0 0
1142 0.372146118721461 0 0
1143 0.372472276581866 0 0
1144 0.37279843444227 0 0
1145 0.373124592302674 0 0
1146 0.373450750163079 0 0
1147 0.373776908023483 0 0
1148 0.374103065883888 0 0
1149 0.374429223744292 0 0
1150 0.374755381604697 0 0
1151 0.375081539465101 0 0
1152 0.375407697325506 0 0
1153 0.37573385518591 0 0
1154 0.376060013046314 0 0
1155 0.376386170906719 0 0
1156 0.376712328767123 0 0
1157 0.377038486627528 0 0
1158 0.377364644487932 0 0
1159 0.377690802348337 0 0
1160 0.378016960208741 0 0
1161 0.378343118069145 0 0
1162 0.37866927592955 0 0
1163 0.378995433789954 0 0
1164 0.379321591650359 0 0
1165 0.379647749510763 0 0
1166 0.379973907371168 0 0
1167 0.380300065231572 0 0
1168 0.380626223091977 0 0
1169 0.380952380952381 0 0
1170 0.381278538812785 0 0
1171 0.38160469667319 0 0
1172 0.381930854533594 0 0
1173 0.382257012393999 0 0
1174 0.382583170254403 0 0
1175 0.382909328114807 0 0
1176 0.383235485975212 0 0
1177 0.383561643835616 0 0
1178 0.383887801696021 0 0
1179 0.384213959556425 0 0
1180 0.38454011741683 0 0
1181 0.384866275277234 0 0
1182 0.385192433137639 0 0
1183 0.385518590998043 0 0
1184 0.385844748858447 0 0
1185 0.386170906718852 0 0
1186 0.386497064579256 0 0
1187 0.386823222439661 0 0
1188 0.387149380300065 0 0
1189 0.38747553816047 0 0
1190 0.387801696020874 0 0
1191 0.388127853881279 0 0
1192 0.388454011741683 0 0
1193 0.388780169602087 0 0
1194 0.389106327462492 0 0
1195 0.389432485322896 0 0
1196 0.389758643183301 0 0
1197 0.390084801043705 0 0
1198 0.39041095890411 0 0
1199 0.390737116764514 0 0
1200 0.391063274624919 0 0
1201 0.391389432485323 0 0
1202 0.391715590345727 0 0
1203 0.392041748206132 0 0
1204 0.392367906066536 0 0
1205 0.392694063926941 0 0
1206 0.393020221787345 0 0
1207 0.393346379647749 0 0
1208 0.393672537508154 0 0
1209 0.393998695368558 0 0
1210 0.394324853228963 0 0
1211 0.394651011089367 0 0
1212 0.394977168949772 0 0
1213 0.395303326810176 0 0
1214 0.395629484670581 0 0
1215 0.395955642530985 0 0
1216 0.396281800391389 0 0
1217 0.396607958251794 0 0
1218 0.396934116112198 0 0
1219 0.397260273972603 0 0
1220 0.397586431833007 0 0
1221 0.397912589693412 0 0
1222 0.398238747553816 0 0
1223 0.398564905414221 0 0
1224 0.398891063274625 0 0
1225 0.399217221135029 0 0
1226 0.399543378995434 0 0
1227 0.399869536855838 0 0
1228 0.400195694716243 0 0
1229 0.400521852576647 0 0
1230 0.400848010437051 0 0
1231 0.401174168297456 0 0
1232 0.40150032615786 0 0
1233 0.401826484018265 0 0
1234 0.402152641878669 0 0
1235 0.402478799739074 0 0
1236 0.402804957599478 0 0
1237 0.403131115459883 0 0
1238 0.403457273320287 0 0
1239 0.403783431180691 0 0
1240 0.404109589041096 0 0
1241 0.4044357469015 0 0
1242 0.404761904761905 0 0
1243 0.405088062622309 0 0
1244 0.405414220482714 0 0
1245 0.405740378343118 0 0
1246 0.406066536203523 0 0
1247 0.406392694063927 0 0
1248 0.406718851924331 0 0
1249 0.407045009784736 0 0
1250 0.40737116764514 0 0
1251 0.407697325505545 0 0
1252 0.408023483365949 0 0
1253 0.408349641226353 0 0
1254 0.408675799086758 0 0
1255 0.409001956947162 0 0
1256 0.409328114807567 0 0
1257 0.409654272667971 0 0
1258 0.409980430528376 0 0
1259 0.41030658838878 0 0
1260 0.410632746249185 0 0
1261 0.410958904109589 0 0
1262 0.411285061969993 0 0
1263 0.411611219830398 0 0
1264 0.411937377690802 0 0
1265 0.412263535551207 0 0
1266 0.412589693411611 0 0
1267 0.412915851272016 0 0
1268 0.41324200913242 0 0
1269 0.413568166992825 0 0
1270 0.413894324853229 0 0
1271 0.414220482713633 0 0
1272 0.414546640574038 0 0
1273 0.414872798434442 0 0
1274 0.415198956294847 0 0
1275 0.415525114155251 0 0
1276 0.415851272015656 0 0
1277 0.41617742987606 0 0
1278 0.416503587736465 0 0
1279 0.416829745596869 0 0
1280 0.417155903457273 0 0
1281 0.417482061317678 0 0
1282 0.417808219178082 0 0
1283 0.418134377038487 0 0
1284 0.418460534898891 0 0
1285 0.418786692759295 0 0
1286 0.4191128506197 0 0
1287 0.419439008480104 0 0
1288 0.419765166340509 0 0
1289 0.420091324200913 0 0
1290 0.420417482061318 0 0
1291 0.420743639921722 0 0
1292 0.421069797782127 0 0
1293 0.421395955642531 0 0
1294 0.421722113502935 0 0
1295 0.42204827136334 0 0
1296 0.422374429223744 0 0
1297 0.422700587084149 0 0
1298 0.423026744944553 0 0
1299 0.423352902804958 0 0
1300 0.423679060665362 0 0
1301 0.424005218525766 0 0
1302 0.424331376386171 0 0
1303 0.424657534246575 0 0
1304 0.42498369210698 0 0
1305 0.425309849967384 0 0
1306 0.425636007827789 0 0
1307 0.425962165688193 0 0
1308 0.426288323548598 0 0
1309 0.426614481409002 0 0
1310 0.426940639269406 0 0
1311 0.427266797129811 0 0
1312 0.427592954990215 0 0
1313 0.42791911285062 0 0
1314 0.428245270711024 0 0
1315 0.428571428571428 0 0
1316 0.428897586431833 0 0
1317 0.429223744292237 0 0
1318 0.429549902152642 0 0
1319 0.429876060013046 0 0
1320 0.430202217873451 0 0
1321 0.430528375733855 0 0
1322 0.43085453359426 0 0
1323 0.431180691454664 0 0
1324 0.431506849315068 0 0
1325 0.431833007175473 0 0
1326 0.432159165035877 0 0
1327 0.432485322896282 0 0
1328 0.432811480756686 0 0
1329 0.433137638617091 0 0
1330 0.433463796477495 0 0
1331 0.4337899543379 0 0
1332 0.434116112198304 0 0
1333 0.434442270058708 0 0
1334 0.434768427919113 0 0
1335 0.435094585779517 0 0
1336 0.435420743639922 0 0
1337 0.435746901500326 0 0
1338 0.436073059360731 0 0
1339 0.436399217221135 0 0
1340 0.43672537508154 0 0
1341 0.437051532941944 0 0
1342 0.437377690802348 0 0
1343 0.437703848662753 0 0
1344 0.438030006523157 0 0
1345 0.438356164383562 0 0
1346 0.438682322243966 0 0
1347 0.43900848010437 0 0
1348 0.439334637964775 0 0
1349 0.439660795825179 0 0
1350 0.439986953685584 0 0
1351 0.440313111545988 0 0
1352 0.440639269406393 0 0
1353 0.440965427266797 0 0
1354 0.441291585127202 0 0
1355 0.441617742987606 0 0
1356 0.44194390084801 0 0
1357 0.442270058708415 0 0
1358 0.442596216568819 0 0
1359 0.442922374429224 0 0
1360 0.443248532289628 0 0
1361 0.443574690150033 0 0
1362 0.443900848010437 0 0
1363 0.444227005870842 0 0
1364 0.444553163731246 0 0
1365 0.44487932159165 0 0
1366 0.445205479452055 0 0
1367 0.445531637312459 0 0
1368 0.445857795172864 0 0
1369 0.446183953033268 0 0
1370 0.446510110893672 0 0
1371 0.446836268754077 0 0
1372 0.447162426614481 0 0
1373 0.447488584474886 0 0
1374 0.44781474233529 0 0
1375 0.448140900195695 0 0
1376 0.448467058056099 0 0
1377 0.448793215916504 0 0
1378 0.449119373776908 0 0
1379 0.449445531637312 0 0
1380 0.449771689497717 0 0
1381 0.450097847358121 0 0
1382 0.450424005218526 0 0
1383 0.45075016307893 0 0
1384 0.451076320939335 0 0
1385 0.451402478799739 0 0
1386 0.451728636660144 0 0
1387 0.452054794520548 0 0
1388 0.452380952380952 0 0
1389 0.452707110241357 0 0
1390 0.453033268101761 0 0
1391 0.453359425962166 0 0
1392 0.45368558382257 0 0
1393 0.454011741682974 0 0
1394 0.454337899543379 0 0
1395 0.454664057403783 0 0
1396 0.454990215264188 0 0
1397 0.455316373124592 0 0
1398 0.455642530984997 0 0
1399 0.455968688845401 0 0
1400 0.456294846705806 0 0
1401 0.45662100456621 0 0
1402 0.456947162426614 0 0
1403 0.457273320287019 0 0
1404 0.457599478147423 0 0
1405 0.457925636007828 0 0
1406 0.458251793868232 0 0
1407 0.458577951728637 0 0
1408 0.458904109589041 0 0
1409 0.459230267449446 0 0
1410 0.45955642530985 0 0
1411 0.459882583170254 0 0
1412 0.460208741030659 0 0
1413 0.460534898891063 0 0
1414 0.460861056751468 0 0
1415 0.461187214611872 0 0
1416 0.461513372472277 0 0
1417 0.461839530332681 0 0
1418 0.462165688193086 0 0
1419 0.46249184605349 0 0
1420 0.462818003913894 0 0
1421 0.463144161774299 0 0
1422 0.463470319634703 0 0
1423 0.463796477495108 0 0
1424 0.464122635355512 0 0
1425 0.464448793215916 0 0
1426 0.464774951076321 0 0
1427 0.465101108936725 0 0
1428 0.46542726679713 0 0
1429 0.465753424657534 0 0
1430 0.466079582517939 0 0
1431 0.466405740378343 0 0
1432 0.466731898238748 0 0
1433 0.467058056099152 0 0
1434 0.467384213959556 0 0
1435 0.467710371819961 0 0
1436 0.468036529680365 0 0
1437 0.46836268754077 0 0
1438 0.468688845401174 0 0
1439 0.469015003261579 0 0
1440 0.469341161121983 0 0
1441 0.469667318982387 0 0
1442 0.469993476842792 0 0
1443 0.470319634703196 0 0
1444 0.470645792563601 0 0
1445 0.470971950424005 0 0
1446 0.47129810828441 0 0
1447 0.471624266144814 0 0
1448 0.471950424005219 0 0
1449 0.472276581865623 0 0
1450 0.472602739726027 0 0
1451 0.472928897586432 0 0
1452 0.473255055446836 0 0
1453 0.473581213307241 0 0
1454 0.473907371167645 0 0
1455 0.474233529028049 0 0
1456 0.474559686888454 0 0
1457 0.474885844748858 0 0
1458 0.475212002609263 0 0
1459 0.475538160469667 0 0
1460 0.475864318330072 0 0
1461 0.476190476190476 0 0
1462 0.476516634050881 0 0
1463 0.476842791911285 0 0
1464 0.477168949771689 0 0
1465 0.477495107632094 0 0
1466 0.477821265492498 0 0
1467 0.478147423352903 0 0
1468 0.478473581213307 0 0
1469 0.478799739073712 0 0
1470 0.479125896934116 0 0
1471 0.479452054794521 0 0
1472 0.479778212654925 0 0
1473 0.480104370515329 0 0
1474 0.480430528375734 0 0
1475 0.480756686236138 0 0
1476 0.481082844096543 0 0
1477 0.481409001956947 0 0
1478 0.481735159817352 0 0
1479 0.482061317677756 0 0
1480 0.482387475538161 0 0
1481 0.482713633398565 0 0
1482 0.483039791258969 0 0
1483 0.483365949119374 0 0
1484 0.483692106979778 0 0
1485 0.484018264840183 0 0
1486 0.484344422700587 0 0
1487 0.484670580560991 0 0
1488 0.484996738421396 0 0
1489 0.4853228962818 0 0
1490 0.485649054142205 0 0
1491 0.485975212002609 0 0
1492 0.486301369863014 0 0
1493 0.486627527723418 0 0
1494 0.486953685583823 0 0
1495 0.487279843444227 0 0
1496 0.487606001304631 0 0
1497 0.487932159165036 0 0
1498 0.48825831702544 0 0
1499 0.488584474885845 0 0
1500 0.488910632746249 0 0
1501 0.489236790606654 0 0
1502 0.489562948467058 0 0
1503 0.489889106327463 0 0
1504 0.490215264187867 0 0
1505 0.490541422048271 0 0
1506 0.490867579908676 0 0
1507 0.49119373776908 0 0
1508 0.491519895629485 0 0
1509 0.491846053489889 0 0
1510 0.492172211350293 0 0
1511 0.492498369210698 0 0
1512 0.492824527071102 0 0
1513 0.493150684931507 0 0
1514 0.493476842791911 0 0
1515 0.493803000652316 0 0
1516 0.49412915851272 0 0
1517 0.494455316373125 0 0
1518 0.494781474233529 0 0
1519 0.495107632093933 0 0
1520 0.495433789954338 0 0
1521 0.495759947814742 0 0
1522 0.496086105675147 0 0
1523 0.496412263535551 0 0
1524 0.496738421395956 0 0
1525 0.49706457925636 0 0
1526 0.497390737116765 0 0
1527 0.497716894977169 0 0
1528 0.498043052837573 0 0
1529 0.498369210697978 0 0
1530 0.498695368558382 0 0
1531 0.499021526418787 0 0
1532 0.499347684279191 0 0
1533 0.499673842139595 0 0
1534 0.5 0 0
1535 0.500326157860404 0 0
1536 0.500652315720809 0 0
1537 0.500978473581213 0 0
1538 0.501304631441618 0 0
1539 0.501630789302022 0 0
1540 0.501956947162427 0 0
1541 0.502283105022831 0 0
1542 0.502609262883235 0 0
1543 0.50293542074364 0 0
1544 0.503261578604044 0 0
1545 0.503587736464449 0 0
1546 0.503913894324853 0 0
1547 0.504240052185258 0 0
1548 0.504566210045662 0 0
1549 0.504892367906067 0 0
1550 0.505218525766471 0 0
1551 0.505544683626875 0 0
1552 0.50587084148728 0 0
1553 0.506196999347684 0 0
1554 0.506523157208089 0 0
1555 0.506849315068493 0 0
1556 0.507175472928898 0 0
1557 0.507501630789302 0 0
1558 0.507827788649706 0 0
1559 0.508153946510111 0 0
1560 0.508480104370515 0 0
1561 0.50880626223092 0 0
1562 0.509132420091324 0 0
1563 0.509458577951729 0 0
1564 0.509784735812133 0 0
1565 0.510110893672537 0 0
1566 0.510437051532942 0 0
1567 0.510763209393346 0 0
1568 0.511089367253751 0 0
1569 0.511415525114155 0 0
1570 0.51174168297456 0 0
1571 0.512067840834964 0 0
1572 0.512393998695369 0 0
1573 0.512720156555773 0 0
1574 0.513046314416177 0 0
1575 0.513372472276582 0 0
1576 0.513698630136986 0 0
1577 0.514024787997391 0 0
1578 0.514350945857795 0 0
1579 0.5146771037182 0 0
1580 0.515003261578604 0 0
1581 0.515329419439008 0 0
1582 0.515655577299413 0 0
1583 0.515981735159817 0 0
1584 0.516307893020222 0 0
1585 0.516634050880626 0 0
1586 0.516960208741031 0 0
1587 0.517286366601435 0 0
1588 0.517612524461839 0 0
1589 0.517938682322244 0 0
1590 0.518264840182648 0 0
1591 0.518590998043053 0 0
1592 0.518917155903457 0 0
1593 0.519243313763862 0 0
1594 0.519569471624266 0 0
1595 0.519895629484671 0 0
1596 0.520221787345075 0 0
1597 0.520547945205479 0 0
1598 0.520874103065884 0 0
1599 0.521200260926288 0 0
1600 0.521526418786693 0 0
1601 0.521852576647097 0 0
1602 0.522178734507502 0 0
1603 0.522504892367906 0 0
1604 0.52283105022831 0 0
1605 0.523157208088715 0 0
1606 0.523483365949119 0 0
1607 0.523809523809524 0 0
1608 0.524135681669928 0 0
1609 0.524461839530333 0 0
1610 0.524787997390737 0 0
1611 0.525114155251142 0 0
1612 0.525440313111546 0 0
1613 0.52576647097195 0 0
1614 0.526092628832355 0 0
1615 0.526418786692759 0 0
1616 0.526744944553164 0 0
1617 0.527071102413568 0 0
1618 0.527397260273973 0 0
1619 0.527723418134377 0 0
1620 0.528049575994781 0 0
1621 0.528375733855186 0 0
1622 0.52870189171559 0 0
1623 0.529028049575995 0 0
1624 0.529354207436399 0 0
1625 0.529680365296804 0 0
1626 0.530006523157208 0 0
1627 0.530332681017613 0 0
1628 0.530658838878017 0 0
1629 0.530984996738421 0 0
1630 0.531311154598826 0 0
1631 0.53163731245923 0 0
1632 0.531963470319635 0 0
1633 0.532289628180039 0 0
1634 0.532615786040444 0 0
1635 0.532941943900848 0 0
1636 0.533268101761252 0 0
1637 0.533594259621657 0 0
1638 0.533920417482061 0 0
1639 0.534246575342466 0 0
1640 0.53457273320287 0 0
1641 0.534898891063275 0 0
1642 0.535225048923679 0 0
1643 0.535551206784084 0 0
1644 0.535877364644488 0 0
1645 0.536203522504892 0 0
1646 0.536529680365297 0 0
1647 0.536855838225701 0 0
1648 0.537181996086106 0 0
1649 0.53750815394651 0 0
1650 0.537834311806915 0 0
1651 0.538160469667319 0 0
1652 0.538486627527723 0 0
1653 0.538812785388128 0 0
1654 0.539138943248532 0 0
1655 0.539465101108937 0 0
1656 0.539791258969341 0 0
1657 0.540117416829746 0 0
1658 0.54044357469015 0 0
1659 0.540769732550554 0 0
1660 0.541095890410959 0 0
1661 0.541422048271363 0 0
1662 0.541748206131768 0 0
1663 0.542074363992172 0 0
1664 0.542400521852577 0 0
1665 0.542726679712981 0 0
1666 0.543052837573386 0 0
1667 0.54337899543379 0 0
1668 0.543705153294194 0 0
1669 0.544031311154599 0 0
1670 0.544357469015003 0 0
1671 0.544683626875408 0 0
1672 0.545009784735812 0 0
1673 0.545335942596217 0 0
1674 0.545662100456621 0 0
1675 0.545988258317025 0 0
1676 0.54631441617743 0 0
1677 0.546640574037834 0 0
1678 0.546966731898239 0 0
1679 0.547292889758643 0 0
1680 0.547619047619048 0 0
1681 0.547945205479452 0 0
1682 0.548271363339856 0 0
1683 0.548597521200261 0 0
1684 0.548923679060665 0 0
1685 0.54924983692107 0 0
1686 0.549575994781474 0 0
1687 0.549902152641879 0 0
1688 0.550228310502283 0 0
1689 0.550554468362688 0 0
1690 0.550880626223092 0 0
1691 0.551206784083496 0 0
1692 0.551532941943901 0 0
1693 0.551859099804305 0 0
1694 0.55218525766471 0 0
1695 0.552511415525114 0 0
1696 0.552837573385519 0 0
1697 0.553163731245923 0 0
1698 0.553489889106327 0 0
1699 0.553816046966732 0 0
1700 0.554142204827136 0 0
1701 0.554468362687541 0 0
1702 0.554794520547945 0 0
1703 0.55512067840835 0 0
1704 0.555446836268754 0 0
1705 0.555772994129158 0 0
1706 0.556099151989563 0 0
1707 0.556425309849967 0 0
1708 0.556751467710372 0 0
1709 0.557077625570776 0 0
1710 0.557403783431181 0 0
1711 0.557729941291585 0 0
1712 0.55805609915199 0 0
1713 0.558382257012394 0 0
1714 0.558708414872798 0 0
1715 0.559034572733203 0 0
1716 0.559360730593607 0 0
1717 0.559686888454012 0 0
1718 0.560013046314416 0 0
1719 0.560339204174821 0 0
1720 0.560665362035225 0 0
1721 0.560991519895629 0 0
1722 0.561317677756034 0 0
1723 0.561643835616438 0 0
1724 0.561969993476843 0 0
1725 0.562296151337247 0 0
1726 0.562622309197652 0 0
1727 0.562948467058056 0 0
1728 0.56327462491846 0 0
1729 0.563600782778865 0 0
1730 0.563926940639269 0 0
1731 0.564253098499674 0 0
1732 0.564579256360078 0 0
1733 0.564905414220483 0 0
1734 0.565231572080887 0 0
1735 0.565557729941291 0 0
1736 0.565883887801696 0 0
1737 0.5662100456621 0 0
1738 0.566536203522505 0 0
1739 0.566862361382909 0 0
1740 0.567188519243314 0 0
1741 0.567514677103718 0 0
1742 0.567840834964123 0 0
1743 0.568166992824527 0 0
1744 0.568493150684931 0 0
1745 0.568819308545336 0 0
1746 0.56914546640574 0 0
1747 0.569471624266145 0 0
1748 0.569797782126549 0 0
1749 0.570123939986954 0 0
1750 0.570450097847358 0 0
1751 0.570776255707762 0 0
1752 0.571102413568167 0 0
1753 0.571428571428571 0 0
1754 0.571754729288976 0 0
1755 0.57208088714938 0 0
1756 0.572407045009785 0 0
1757 0.572733202870189 0 0
1758 0.573059360730594 0 0
1759 0.573385518590998 0 0
1760 0.573711676451402 0 0
1761 0.574037834311807 0 0
1762 0.574363992172211 0 0
1763 0.574690150032616 0 0
1764 0.57501630789302 0 0
1765 0.575342465753425 0 0
1766 0.575668623613829 0 0
1767 0.575994781474233 0 0
1768 0.576320939334638 0 0
1769 0.576647097195042 0 0
1770 0.576973255055447 0 0
1771 0.577299412915851 0 0
1772 0.577625570776256 0 0
1773 0.57795172863666 0 0
1774 0.578277886497065 0 0
1775 0.578604044357469 0 0
1776 0.578930202217873 0 0
1777 0.579256360078278 0 0
1778 0.579582517938682 0 0
1779 0.579908675799087 0 0
1780 0.580234833659491 0 0
1781 0.580560991519896 0 0
1782 0.5808871493803 0 0
1783 0.581213307240704 0 0
1784 0.581539465101109 0 0
1785 0.581865622961513 0 0
1786 0.582191780821918 0 0
1787 0.582517938682322 0 0
1788 0.582844096542727 0 0
1789 0.583170254403131 0 0
1790 0.583496412263536 0 0
1791 0.58382257012394 0 0
1792 0.584148727984344 0 0
1793 0.584474885844749 0 0
1794 0.584801043705153 0 0
1795 0.585127201565558 0 0
1796 0.585453359425962 0 0
1797 0.585779517286367 0 0
1798 0.586105675146771 0 0
1799 0.586431833007175 0 0
1800 0.58675799086758 0 0
1801 0.587084148727984 0 0
1802 0.587410306588389 0 0
1803 0.587736464448793 0 0
1804 0.588062622309198 0 0
1805 0.588388780169602 0 0
1806 0.588714938030007 0 0
1807 0.589041095890411 0 0
1808 0.589367253750815 0 0
1809 0.58969341161122 0 0
1810 0.590019569471624 0 0
1811 0.590345727332029 0 0
1812 0.590671885192433 0 0
1813 0.590998043052838 0 0
1814 0.591324200913242 0 0
1815 0.591650358773646 0 0
1816 0.591976516634051 0 0
1817 0.592302674494455 0 0
1818 0.59262883235486 0 0
1819 0.592954990215264 0 0
1820 0.593281148075669 0 0
1821 0.593607305936073 0 0
1822 0.593933463796477 0 0
1823 0.594259621656882 0 0
1824 0.594585779517286 0 0
1825 0.594911937377691 0 0
1826 0.595238095238095 0 0
1827 0.5955642530985 0 0
1828 0.595890410958904 0 0
1829 0.596216568819309 0 0
1830 0.596542726679713 0 0
1831 0.596868884540117 0 0
1832 0.597195042400522 0 0
1833 0.597521200260926 0 0
1834 0.597847358121331 0 0
1835 0.598173515981735 0 0
1836 0.59849967384214 0 0
1837 0.598825831702544 0 0
1838 0.599151989562948 0 0
1839 0.599478147423353 0 0
1840 0.599804305283757 0 0
1841 0.600130463144162 0 0
1842 0.600456621004566 0 0
1843 0.600782778864971 0 0
1844 0.601108936725375 0 0
1845 0.601435094585779 0 0
1846 0.601761252446184 0 0
1847 0.602087410306588 0 0
1848 0.602413568166993 0 0
1849 0.602739726027397 0 0
1850 0.603065883887802 0 0
1851 0.603392041748206 0 0
1852 0.603718199608611 0 0
1853 0.604044357469015 0 0
1854 0.604370515329419 0 0
1855 0.604696673189824 0 0
1856 0.605022831050228 0 0
1857 0.605348988910633 0 0
1858 0.605675146771037 0 0
1859 0.606001304631442 0 0
1860 0.606327462491846 0 0
1861 0.60665362035225 0 0
1862 0.606979778212655 0 0
1863 0.607305936073059 0 0
1864 0.607632093933464 0 0
1865 0.607958251793868 0 0
1866 0.608284409654273 0 0
1867 0.608610567514677 0 0
1868 0.608936725375081 0 0
1869 0.609262883235486 0 0
1870 0.60958904109589 0 0
1871 0.609915198956295 0 0
1872 0.610241356816699 0 0
1873 0.610567514677104 0 0
1874 0.610893672537508 0 0
1875 0.611219830397913 0 0
1876 0.611545988258317 0 0
1877 0.611872146118721 0 0
1878 0.612198303979126 0 0
1879 0.61252446183953 0 0
1880 0.612850619699935 0 0
1881 0.613176777560339 0 0
1882 0.613502935420744 0 0
1883 0.613829093281148 0 0
1884 0.614155251141552 0 0
1885 0.614481409001957 0 0
1886 0.614807566862361 0 0
1887 0.615133724722766 0 0
1888 0.61545988258317 0 0
1889 0.615786040443575 0 0
1890 0.616112198303979 0 0
1891 0.616438356164384 0 0
1892 0.616764514024788 0 0
1893 0.617090671885192 0 0
1894 0.617416829745597 0 0
1895 0.617742987606001 0 0
1896 0.618069145466406 0 0
1897 0.61839530332681 0 0
1898 0.618721461187215 0 0
1899 0.619047619047619 0 0
1900 0.619373776908023 0 0
1901 0.619699934768428 0 0
1902 0.620026092628832 0 0
1903 0.620352250489237 0 0
1904 0.620678408349641 0 0
1905 0.621004566210046 0 0
1906 0.62133072407045 0 0
1907 0.621656881930855 0 0
1908 0.621983039791259 0 0
1909 0.622309197651663 0 0
1910 0.622635355512068 0 0
1911 0.622961513372472 0 0
1912 0.623287671232877 0 0
1913 0.623613829093281 0 0
1914 0.623939986953686 0 0
1915 0.62426614481409 0 0
1916 0.624592302674494 0 0
1917 0.624918460534899 0 0
1918 0.625244618395303 0 0
1919 0.625570776255708 0 0
1920 0.625896934116112 0 0
1921 0.626223091976517 0 0
1922 0.626549249836921 0 0
1923 0.626875407697326 0 0
1924 0.62720156555773 0 0
1925 0.627527723418134 0 0
1926 0.627853881278539 0 0
1927 0.628180039138943 0 0
1928 0.628506196999348 0 0
1929 0.628832354859752 0 0
1930 0.629158512720157 0 0
1931 0.629484670580561 0 0
1932 0.629810828440965 0 0
1933 0.63013698630137 0 0
1934 0.630463144161774 0 0
1935 0.630789302022179 0 0
1936 0.631115459882583 0 0
1937 0.631441617742988 0 0
1938 0.631767775603392 0 0
1939 0.632093933463796 0 0
1940 0.632420091324201 0 0
1941 0.632746249184605 0 0
1942 0.63307240704501 0 0
1943 0.633398564905414 0 0
1944 0.633724722765819 0 0
1945 0.634050880626223 0 0
1946 0.634377038486628 0 0
1947 0.634703196347032 0 0
1948 0.635029354207436 0 0
1949 0.635355512067841 0 0
1950 0.635681669928245 0 0
1951 0.63600782778865 0 0
1952 0.636333985649054 0 0
1953 0.636660143509459 0 0
1954 0.636986301369863 0 0
1955 0.637312459230267 0 0
1956 0.637638617090672 0 0
1957 0.637964774951076 0 0
1958 0.638290932811481 0 0
1959 0.638617090671885 0 0
1960 0.63894324853229 0 0
1961 0.639269406392694 0 0
1962 0.639595564253098 0 0
1963 0.639921722113503 0 0
1964 0.640247879973907 0 0
1965 0.640574037834312 0 0
1966 0.640900195694716 0 0
1967 0.641226353555121 0 0
1968 0.641552511415525 0 0
1969 0.64187866927593 0 0
1970 0.642204827136334 0 0
1971 0.642530984996738 0 0
1972 0.642857142857143 0 0
1973 0.643183300717547 0 0
1974 0.643509458577952 0 0
1975 0.643835616438356 0 0
1976 0.644161774298761 0 0
1977 0.644487932159165 0 0
1978 0.644814090019569 0 0
1979 0.645140247879974 0 0
1980 0.645466405740378 0 0
1981 0.645792563600783 0 0
1982 0.646118721461187 0 0
1983 0.646444879321592 0 0
1984 0.646771037181996 0 0
1985 0.6470971950424 0 0
1986 0.647423352902805 0 0
1987 0.647749510763209 0 0
1988 0.648075668623614 0 0
1989 0.648401826484018 0 0
1990 0.648727984344423 0 0
1991 0.649054142204827 0 0
1992 0.649380300065232 0 0
1993 0.649706457925636 0 0
1994 0.65003261578604 0 0
1995 0.650358773646445 0 0
1996 0.650684931506849 0 0
1997 0.651011089367254 0 0
1998 0.651337247227658 0 0
1999 0.651663405088063 0 0
2000 0.651989562948467 0 0
2001 0.652315720808871 0 0
2002 0.652641878669276 0 0
2003 0.65296803652968 0 0
2004 0.653294194390085 0 0
2005 0.653620352250489 0 0
2006 0.653946510110894 0 0
2007 0.654272667971298 0 0
2008 0.654598825831702 0 0
2009 0.654924983692107 0 0
2010 0.655251141552511 0 0
2011 0.655577299412916 0 0
2012 0.65590345727332 0 0
2013 0.656229615133725 0 0
2014 0.656555772994129 0 0
2015 0.656881930854534 0 0
2016 0.657208088714938 0 0
2017 0.657534246575342 0 0
2018 0.657860404435747 0 0
2019 0.658186562296151 0 0
2020 0.658512720156556 0 0
2021 0.65883887801696 0 0
2022 0.659165035877365 0 0
2023 0.659491193737769 0 0
2024 0.659817351598173 0 0
2025 0.660143509458578 0 0
2026 0.660469667318982 0 0
2027 0.660795825179387 0 0
2028 0.661121983039791 0 0
2029 0.661448140900196 0 0
2030 0.6617742987606 0 0
2031 0.662100456621004 0 0
2032 0.662426614481409 0 0
2033 0.662752772341813 0 0
2034 0.663078930202218 0 0
2035 0.663405088062622 0 0
2036 0.663731245923027 0 0
2037 0.664057403783431 0 0
2038 0.664383561643836 0 0
2039 0.66470971950424 0 0
2040 0.665035877364644 0 0
2041 0.665362035225049 0 0
2042 0.665688193085453 0 0
2043 0.666014350945858 0 0
2044 0.666340508806262 0 0
2045 0.666666666666667 0 0
2046 0.666992824527071 0 0
2047 0.667318982387475 0 0
2048 0.66764514024788 0 0
2049 0.667971298108284 0 0
2050 0.668297455968689 0 0
2051 0.668623613829093 0 0
2052 0.668949771689498 0 0
2053 0.669275929549902 0 0
2054 0.669602087410307 0 0
2055 0.669928245270711 0 0
2056 0.670254403131115 0 0
2057 0.67058056099152 0 0
2058 0.670906718851924 0 0
2059 0.671232876712329 0 0
2060 0.671559034572733 0 0
2061 0.671885192433138 0 0
2062 0.672211350293542 0 0
2063 0.672537508153946 0 0
2064 0.672863666014351 0 0
2065 0.673189823874755 0 0
2066 0.67351598173516 0 0
2067 0.673842139595564 0 0
2068 0.674168297455969 0 0
2069 0.674494455316373 0 0
2070 0.674820613176778 0 0
2071 0.675146771037182 0 0
2072 0.675472928897586 0 0
2073 0.675799086757991 0 0
2074 0.676125244618395 0 0
2075 0.6764514024788 0 0
2076 0.676777560339204 0 0
2077 0.677103718199609 0 0
2078 0.677429876060013 0 0
2079 0.677756033920417 0 0
2080 0.678082191780822 0 0
2081 0.678408349641226 0 0
2082 0.678734507501631 0 0
2083 0.679060665362035 0 0
2084 0.67938682322244 0 0
2085 0.679712981082844 0 0
2086 0.680039138943249 0 0
2087 0.680365296803653 0 0
2088 0.680691454664057 0 0
2089 0.681017612524462 0 0
2090 0.681343770384866 0 0
2091 0.681669928245271 0 0
2092 0.681996086105675 0 0
2093 0.68232224396608 0 0
2094 0.682648401826484 0 0
2095 0.682974559686888 0 0
2096 0.683300717547293 0 0
2097 0.683626875407697 0 0
2098 0.683953033268102 0 0
2099 0.684279191128506 0 0
2100 0.684605348988911 0 0
2101 0.684931506849315 0 0
2102 0.685257664709719 0 0
2103 0.685583822570124 0 0
2104 0.685909980430528 0 0
2105 0.686236138290933 0 0
2106 0.686562296151337 0 0
2107 0.686888454011742 0 0
2108 0.687214611872146 0 0
2109 0.687540769732551 0 0
2110 0.687866927592955 0 0
2111 0.688193085453359 0 0
2112 0.688519243313764 0 0
2113 0.688845401174168 0 0
2114 0.689171559034573 0 0
2115 0.689497716894977 0 0
2116 0.689823874755382 0 0
2117 0.690150032615786 0 0
2118 0.69047619047619 0 0
2119 0.690802348336595 0 0
2120 0.691128506196999 0 0
2121 0.691454664057404 0 0
2122 0.691780821917808 0 0
2123 0.692106979778213 0 0
2124 0.692433137638617 0 0
2125 0.692759295499021 0 0
2126 0.693085453359426 0 0
2127 0.69341161121983 0 0
2128 0.693737769080235 0 0
2129 0.694063926940639 0 0
2130 0.694390084801044 0 0
2131 0.694716242661448 0 0
2132 0.695042400521853 0 0
2133 0.695368558382257 0 0
2134 0.695694716242661 0 0
2135 0.696020874103066 0 0
2136 0.69634703196347 0 0
2137 0.696673189823875 0 0
2138 0.696999347684279 0 0
2139 0.697325505544684 0 0
2140 0.697651663405088 0 0
2141 0.697977821265492 0 0
2142 0.698303979125897 0 0
2143 0.698630136986301 0 0
2144 0.698956294846706 0 0
2145 0.69928245270711 0 0
2146 0.699608610567515 0 0
2147 0.699934768427919 0 0
2148 0.700260926288323 0 0
2149 0.700587084148728 0 0
2150 0.700913242009132 0 0
2151 0.701239399869537 0 0
2152 0.701565557729941 0 0
2153 0.701891715590346 0 0
2154 0.70221787345075 0 0
2155 0.702544031311155 0 0
2156 0.702870189171559 0 0
2157 0.703196347031963 0 0
2158 0.703522504892368 0 0
2159 0.703848662752772 0 0
2160 0.704174820613177 0 0
2161 0.704500978473581 0 0
2162 0.704827136333986 0 0
2163 0.70515329419439 0 0
2164 0.705479452054794 0 0
2165 0.705805609915199 0 0
2166 0.706131767775603 0 0
2167 0.706457925636008 0 0
2168 0.706784083496412 0 0
2169 0.707110241356817 0 0
2170 0.707436399217221 0 0
2171 0.707762557077626 0 0
2172 0.70808871493803 0 0
2173 0.708414872798434 0 0
2174 0.708741030658839 0 0
2175 0.709067188519243 0 0
2176 0.709393346379648 0 0
2177 0.709719504240052 0 0
2178 0.710045662100457 0 0
2179 0.710371819960861 0 0
2180 0.710697977821265 0 0
2181 0.71102413568167 0 0
2182 0.711350293542074 0 0
2183 0.711676451402479 0 0
2184 0.712002609262883 0 0
2185 0.712328767123288 0 0
2186 0.712654924983692 0 0
2187 0.712981082844097 0 0
2188 0.713307240704501 0 0
2189 0.713633398564905 0 0
2190 0.71395955642531 0 0
2191 0.714285714285714 0 0
2192 0.714611872146119 0 0
2193 0.714938030006523 0 0
2194 0.715264187866928 0 0
2195 0.715590345727332 0 0
2196 0.715916503587736 0 0
2197 0.716242661448141 0 0
2198 0.716568819308545 0 0
2199 0.71689497716895 0 0
2200 0.717221135029354 0 0
2201 0.717547292889759 0 0
2202 0.717873450750163 0 0
2203 0.718199608610568 0 0
2204 0.718525766470972 0 0
2205 0.718851924331376 0 0
2206 0.719178082191781 0 0
2207 0.719504240052185 0 0
2208 0.71983039791259 0 0
2209 0.720156555772994 0 0
2210 0.720482713633399 0 0
2211 0.720808871493803 0 0
2212 0.721135029354207 0 0
2213 0.721461187214612 0 0
2214 0.721787345075016 0 0
2215 0.722113502935421 0 0
2216 0.722439660795825 0 0
2217 0.72276581865623 0 0
2218 0.723091976516634 0 0
2219 0.723418134377039 0 0
2220 0.723744292237443 0 0
2221 0.724070450097847 0 0
2222 0.724396607958252 0 0
2223 0.724722765818656 0 0
2224 0.725048923679061 0 0
2225 0.725375081539465 0 0
2226 0.72570123939987 0 0
2227 0.726027397260274 0 0
2228 0.726353555120678 0 0
2229 0.726679712981083 0 0
2230 0.727005870841487 0 0
2231 0.727332028701892 0 0
2232 0.727658186562296 0 0
2233 0.727984344422701 0 0
2234 0.728310502283105 0 0
2235 0.728636660143509 0 0
2236 0.728962818003914 0 0
2237 0.729288975864318 0 0
2238 0.729615133724723 0 0
2239 0.729941291585127 0 0
2240 0.730267449445532 0 0
2241 0.730593607305936 0 0
2242 0.73091976516634 0 0
2243 0.731245923026745 0 0
2244 0.731572080887149 0 0
2245 0.731898238747554 0 0
2246 0.732224396607958 0 0
2247 0.732550554468363 0 0
2248 0.732876712328767 0 0
2249 0.733202870189172 0 0
2250 0.733529028049576 0 0
2251 0.73385518590998 0 0
2252 0.734181343770385 0 0
2253 0.734507501630789 0 0
2254 0.734833659491194 0 0
2255 0.735159817351598 0 0
2256 0.735485975212003 0 0
2257 0.735812133072407 0 0
2258 0.736138290932811 0 0
2259 0.736464448793216 0 0
2260 0.73679060665362 0 0
2261 0.737116764514025 0 0
2262 0.737442922374429 0 0
2263 0.737769080234834 0 0
2264 0.738095238095238 0 0
2265 0.738421395955642 0 0
2266 0.738747553816047 0 0
2267 0.739073711676451 0 0
2268 0.739399869536856 0 0
2269 0.73972602739726 0 0
2270 0.740052185257665 0 0
2271 0.740378343118069 0 0
2272 0.740704500978474 0 0
2273 0.741030658838878 0 0
2274 0.741356816699282 0 0
2275 0.741682974559687 0 0
2276 0.742009132420091 0 0
2277 0.742335290280496 0 0
2278 0.7426614481409 0 0
2279 0.742987606001305 0 0
2280 0.743313763861709 0 0
2281 0.743639921722113 0 0
2282 0.743966079582518 0 0
2283 0.744292237442922 0 0
2284 0.744618395303327 0 0
2285 0.744944553163731 0 0
2286 0.745270711024136 0 0
2287 0.74559686888454 0 0
2288 0.745923026744944 0 0
2289 0.746249184605349 0 0
2290 0.746575342465753 0 0
2291 0.746901500326158 0 0
2292 0.747227658186562 0 0
2293 0.747553816046967 0 0
2294 0.747879973907371 0 0
2295 0.748206131767776 0 0
2296 0.74853228962818 0 0
2297 0.748858447488584 0 0
2298 0.749184605348989 0 0
2299 0.749510763209393 0 0
2300 0.749836921069798 0 0
2301 0.750163078930202 0 0
2302 0.750489236790607 0 0
2303 0.750815394651011 0 0
2304 0.751141552511415 0 0
2305 0.75146771037182 0 0
2306 0.751793868232224 0 0
2307 0.752120026092629 0 0
2308 0.752446183953033 0 0
2309 0.752772341813438 0 0
2310 0.753098499673842 0 0
2311 0.753424657534246 0 0
2312 0.753750815394651 0 0
2313 0.754076973255055 0 0
2314 0.75440313111546 0 0
2315 0.754729288975864 0 0
2316 0.755055446836269 0 0
2317 0.755381604696673 0 0
2318 0.755707762557078 0 0
2319 0.756033920417482 0 0
2320 0.756360078277886 0 0
2321 0.756686236138291 0 0
2322 0.757012393998695 0 0
2323 0.7573385518591 0 0
2324 0.757664709719504 0 0
2325 0.757990867579909 0 0
2326 0.758317025440313 0 0
2327 0.758643183300717 0 0
2328 0.758969341161122 0 0
2329 0.759295499021526 0 0
2330 0.759621656881931 0 0
2331 0.759947814742335 0 0
2332 0.76027397260274 0 0
2333 0.760600130463144 0 0
2334 0.760926288323549 0 0
2335 0.761252446183953 0 0
2336 0.761578604044357 0 0
2337 0.761904761904762 0 0
2338 0.762230919765166 0 0
2339 0.762557077625571 0 0
2340 0.762883235485975 0 0
2341 0.76320939334638 0 0
2342 0.763535551206784 0 0
2343 0.763861709067188 0 0
2344 0.764187866927593 0 0
2345 0.764514024787997 0 0
2346 0.764840182648402 0 0
2347 0.765166340508806 0 0
2348 0.765492498369211 0 0
2349 0.765818656229615 0 0
2350 0.76614481409002 0 0
2351 0.766470971950424 0 0
2352 0.766797129810828 0 0
2353 0.767123287671233 0 0
2354 0.767449445531637 0 0
2355 0.767775603392042 0 0
2356 0.768101761252446 0 0
2357 0.768427919112851 0 0
2358 0.768754076973255 0 0
2359 0.769080234833659 0 0
2360 0.769406392694064 0 0
2361 0.769732550554468 0 0
2362 0.770058708414873 0 0
2363 0.770384866275277 0 0
2364 0.770711024135682 0 0
2365 0.771037181996086 0 0
2366 0.771363339856491 0 0
2367 0.771689497716895 0 0
2368 0.772015655577299 0 0
2369 0.772341813437704 0 0
2370 0.772667971298108 0 0
2371 0.772994129158513 0 0
2372 0.773320287018917 0 0
2373 0.773646444879322 0 0
2374 0.773972602739726 0 0
2375 0.77429876060013 0 0
2376 0.774624918460535 0 0
2377 0.774951076320939 0 0
2378 0.775277234181344 0 0
2379 0.775603392041748 0 0
2380 0.775929549902153 0 0
2381 0.776255707762557 0 0
2382 0.776581865622961 0 0
2383 0.776908023483366 0 0
2384 0.77723418134377 0 0
2385 0.777560339204175 0 0
2386 0.777886497064579 0 0
2387 0.778212654924984 0 0
2388 0.778538812785388 0 0
2389 0.778864970645793 0 0
2390 0.779191128506197 0 0
2391 0.779517286366601 0 0
2392 0.779843444227006 0 0
2393 0.78016960208741 0 0
2394 0.780495759947815 0 0
2395 0.780821917808219 0 0
2396 0.781148075668624 0 0
2397 0.781474233529028 0 0
2398 0.781800391389432 0 0
2399 0.782126549249837 0 0
2400 0.782452707110241 0 0
2401 0.782778864970646 0 0
2402 0.78310502283105 0 0
2403 0.783431180691455 0 0
2404 0.783757338551859 0 0
2405 0.784083496412263 0 0
2406 0.784409654272668 0 0
2407 0.784735812133072 0 0
2408 0.785061969993477 0 0
2409 0.785388127853881 0 0
2410 0.785714285714286 0 0
2411 0.78604044357469 0 0
2412 0.786366601435095 0 0
2413 0.786692759295499 0 0
2414 0.787018917155903 0 0
2415 0.787345075016308 0 0
2416 0.787671232876712 0 0
2417 0.787997390737117 0 0
2418 0.788323548597521 0 0
2419 0.788649706457926 0 0
2420 0.78897586431833 0 0
2421 0.789302022178734 0 0
2422 0.789628180039139 0 0
2423 0.789954337899543 0 0
2424 0.790280495759948 0 0
2425 0.790606653620352 0 0
2426 0.790932811480757 0 0
2427 0.791258969341161 0 0
2428 0.791585127201565 0 0
2429 0.79191128506197 0 0
2430 0.792237442922374 0 0
2431 0.792563600782779 0 0
2432 0.792889758643183 0 0
2433 0.793215916503588 0 0
2434 0.793542074363992 0 0
2435 0.793868232224397 0 0
2436 0.794194390084801 0 0
2437 0.794520547945205 0 0
2438 0.79484670580561 0 0
2439 0.795172863666014 0 0
2440 0.795499021526419 0 0
2441 0.795825179386823 0 0
2442 0.796151337247228 0 0
2443 0.796477495107632 0 0
2444 0.796803652968036 0 0
2445 0.797129810828441 0 0
2446 0.797455968688845 0 0
2447 0.79778212654925 0 0
2448 0.798108284409654 0 0
2449 0.798434442270059 0 0
2450 0.798760600130463 0 0
2451 0.799086757990868 0 0
2452 0.799412915851272 0 0
2453 0.799739073711676 0 0
2454 0.800065231572081 0 0
2455 0.800391389432485 0 0
2456 0.80071754729289 0 0
2457 0.801043705153294 0 0
2458 0.801369863013699 0 0
2459 0.801696020874103 0 0
2460 0.802022178734507 0 0
2461 0.802348336594912 0 0
2462 0.802674494455316 0 0
2463 0.803000652315721 0 0
2464 0.803326810176125 0 0
2465 0.80365296803653 0 0
2466 0.803979125896934 0 0
2467 0.804305283757339 0 0
2468 0.804631441617743 0 0
2469 0.804957599478147 0 0
2470 0.805283757338552 0 0
2471 0.805609915198956 0 0
2472 0.805936073059361 0 0
2473 0.806262230919765 0 0
2474 0.80658838878017 0 0
2475 0.806914546640574 0 0
2476 0.807240704500978 0 0
2477 0.807566862361383 0 0
2478 0.807893020221787 0 0
2479 0.808219178082192 0 0
2480 0.808545335942596 0 0
2481 0.808871493803001 0 0
2482 0.809197651663405 0 0
2483 0.80952380952381 0 0
2484 0.809849967384214 0 0
2485 0.810176125244618 0 0
2486 0.810502283105023 0 0
2487 0.810828440965427 0 0
2488 0.811154598825832 0 0
2489 0.811480756686236 0 0
2490 0.811806914546641 0 0
2491 0.812133072407045 0 0
2492 0.812459230267449 0 0
2493 0.812785388127854 0 0
2494 0.813111545988258 0 0
2495 0.813437703848663 0 0
2496 0.813763861709067 0 0
2497 0.814090019569472 0 0
2498 0.814416177429876 0 0
2499 0.814742335290281 0 0
2500 0.815068493150685 0 0
2501 0.815394651011089 0 0
2502 0.815720808871494 0 0
2503 0.816046966731898 0 0
2504 0.816373124592303 0 0
2505 0.816699282452707 0 0
2506 0.817025440313112 0 0
2507 0.817351598173516 0 0
2508 0.81767775603392 0 0
2509 0.818003913894325 0 0
2510 0.818330071754729 0 0
2511 0.818656229615134 0 0
2512 0.818982387475538 0 0
2513 0.819308545335943 0 0
2514 0.819634703196347 0 0
2515 0.819960861056751 0 0
2516 0.820287018917156 0 0
2517 0.82061317677756 0 0
2518 0.820939334637965 0 0
2519 0.821265492498369 0 0
2520 0.821591650358774 0 0
2521 0.821917808219178 0 0
2522 0.822243966079583 0 0
2523 0.822570123939987 0 0
2524 0.822896281800391 0 0
2525 0.823222439660796 0 0
2526 0.8235485975212 0 0
2527 0.823874755381605 0 0
2528 0.824200913242009 0 0
2529 0.824527071102414 0 0
2530 0.824853228962818 0 0
2531 0.825179386823222 0 0
2532 0.825505544683627 0 0
2533 0.825831702544031 0 0
2534 0.826157860404436 0 0
2535 0.82648401826484 0 0
2536 0.826810176125245 0 0
2537 0.827136333985649 0 0
2538 0.827462491846053 0 0
2539 0.827788649706458 0 0
2540 0.828114807566862 0 0
2541 0.828440965427267 0 0
2542 0.828767123287671 0 0
2543 0.829093281148076 0 0
2544 0.82941943900848 0 0
2545 0.829745596868884 0 0
2546 0.830071754729289 0 0
2547 0.830397912589693 0 0
2548 0.830724070450098 0 0
2549 0.831050228310502 0 0
2550 0.831376386170907 0 0
2551 0.831702544031311 0 0
2552 0.832028701891716 0 0
2553 0.83235485975212 0 0
2554 0.832681017612524 0 0
2555 0.833007175472929 0 0
2556 0.833333333333333 0 0
2557 0.833659491193738 0 0
2558 0.833985649054142 0 0
2559 0.834311806914547 0 0
2560 0.834637964774951 0 0
2561 0.834964122635355 0 0
2562 0.83529028049576 0 0
2563 0.835616438356164 0 0
2564 0.835942596216569 0 0
2565 0.836268754076973 0 0
2566 0.836594911937378 0 0
2567 0.836921069797782 0 0
2568 0.837247227658186 0 0
2569 0.837573385518591 0 0
2570 0.837899543378995 0 0
2571 0.8382257012394 0 0
2572 0.838551859099804 0 0
2573 0.838878016960209 0 0
2574 0.839204174820613 0 0
2575 0.839530332681018 0 0
2576 0.839856490541422 0 0
2577 0.840182648401826 0 0
2578 0.840508806262231 0 0
2579 0.840834964122635 0 0
2580 0.84116112198304 0 0
2581 0.841487279843444 0 0
2582 0.841813437703849 0 0
2583 0.842139595564253 0 0
2584 0.842465753424657 0 0
2585 0.842791911285062 0 0
2586 0.843118069145466 0 0
2587 0.843444227005871 0 0
2588 0.843770384866275 0 0
2589 0.84409654272668 0 0
2590 0.844422700587084 0 0
2591 0.844748858447488 0 0
2592 0.845075016307893 0 0
2593 0.845401174168297 0 0
2594 0.845727332028702 0 0
2595 0.846053489889106 0 0
2596 0.846379647749511 0 0
2597 0.846705805609915 0 0
2598 0.84703196347032 0 0
2599 0.847358121330724 0 0
2600 0.847684279191128 0 0
2601 0.848010437051533 0 0
2602 0.848336594911937 0 0
2603 0.848662752772342 0 0
2604 0.848988910632746 0 0
2605 0.849315068493151 0 0
2606 0.849641226353555 0 0
2607 0.849967384213959 0 0
2608 0.850293542074364 0 0
2609 0.850619699934768 0 0
2610 0.850945857795173 0 0
2611 0.851272015655577 0 0
2612 0.851598173515982 0 0
2613 0.851924331376386 0 0
2614 0.852250489236791 0 0
2615 0.852576647097195 0 0
2616 0.852902804957599 0 0
2617 0.853228962818004 0 0
2618 0.853555120678408 0 0
2619 0.853881278538813 0 0
2620 0.854207436399217 0 0
2621 0.854533594259622 0 0
2622 0.854859752120026 0 0
2623 0.85518590998043 0 0
2624 0.855512067840835 0 0
2625 0.855838225701239 0 0
2626 0.856164383561644 0 0
2627 0.856490541422048 0 0
2628 0.856816699282453 0 0
2629 0.857142857142857 0 0
2630 0.857469015003262 0 0
2631 0.857795172863666 0 0
2632 0.85812133072407 0 0
2633 0.858447488584475 0 0
2634 0.858773646444879 0 0
2635 0.859099804305284 0 0
2636 0.859425962165688 0 0
2637 0.859752120026093 0 0
2638 0.860078277886497 0 0
2639 0.860404435746901 0 0
2640 0.860730593607306 0 0
2641 0.86105675146771 0 0
2642 0.861382909328115 0 0
2643 0.861709067188519 0 0
2644 0.862035225048924 0 0
2645 0.862361382909328 0 0
2646 0.862687540769733 0 0
2647 0.863013698630137 0 0
2648 0.863339856490541 0 0
2649 0.863666014350946 0 0
2650 0.86399217221135 0 0
2651 0.864318330071755 0 0
2652 0.864644487932159 0 0
2653 0.864970645792564 0 0
2654 0.865296803652968 0 0
2655 0.865622961513372 0 0
2656 0.865949119373777 0 0
2657 0.866275277234181 0 0
2658 0.866601435094586 0 0
2659 0.86692759295499 0 0
2660 0.867253750815395 0 0
2661 0.867579908675799 0 0
2662 0.867906066536204 0 0
2663 0.868232224396608 0 0
2664 0.868558382257012 0 0
2665 0.868884540117417 0 0
2666 0.869210697977821 0 0
2667 0.869536855838226 0 0
2668 0.86986301369863 0 0
2669 0.870189171559035 0 0
2670 0.870515329419439 0 0
2671 0.870841487279843 0 0
2672 0.871167645140248 0 0
2673 0.871493803000652 0 0
2674 0.871819960861057 0 0
2675 0.872146118721461 0 0
2676 0.872472276581866 0 0
2677 0.87279843444227 0 0
2678 0.873124592302674 0 0
2679 0.873450750163079 0 0
2680 0.873776908023483 0 0
2681 0.874103065883888 0 0
2682 0.874429223744292 0 0
2683 0.874755381604697 0 0
2684 0.875081539465101 0 0
2685 0.875407697325505 0 0
2686 0.87573385518591 0 0
2687 0.876060013046314 0 0
2688 0.876386170906719 0 0
2689 0.876712328767123 0 0
2690 0.877038486627528 0 0
2691 0.877364644487932 0 0
2692 0.877690802348337 0 0
2693 0.878016960208741 0 0
2694 0.878343118069145 0 0
2695 0.87866927592955 0 0
2696 0.878995433789954 0 0
2697 0.879321591650359 0 0
2698 0.879647749510763 0 0
2699 0.879973907371168 0 0
2700 0.880300065231572 0 0
2701 0.880626223091976 0 0
2702 0.880952380952381 0 0
2703 0.881278538812785 0 0
2704 0.88160469667319 0 0
2705 0.881930854533594 0 0
2706 0.882257012393999 0 0
2707 0.882583170254403 0 0
2708 0.882909328114807 0 0
2709 0.883235485975212 0 0
2710 0.883561643835616 0 0
2711 0.883887801696021 0 0
2712 0.884213959556425 0 0
2713 0.88454011741683 0 0
2714 0.884866275277234 0 0
2715 0.885192433137639 0 0
2716 0.885518590998043 0 0
2717 0.885844748858447 0 0
2718 0.886170906718852 0 0
2719 0.886497064579256 0 0
2720 0.886823222439661 0 0
2721 0.887149380300065 0 0
2722 0.88747553816047 0 0
2723 0.887801696020874 0 0
2724 0.888127853881278 0 0
2725 0.888454011741683 0 0
2726 0.888780169602087 0 0
2727 0.889106327462492 0 0
2728 0.889432485322896 0 0
2729 0.889758643183301 0 0
2730 0.890084801043705 0 0
2731 0.89041095890411 0 0
2732 0.890737116764514 0 0
2733 0.891063274624918 0 0
2734 0.891389432485323 0 0
2735 0.891715590345727 0 0
2736 0.892041748206132 0 0
2737 0.892367906066536 0 0
2738 0.892694063926941 0 0
2739 0.893020221787345 0 0
2740 0.893346379647749 0 0
2741 0.893672537508154 0 0
2742 0.893998695368558 0 0
2743 0.894324853228963 0 0
2744 0.894651011089367 0 0
2745 0.894977168949772 0 0
2746 0.895303326810176 0 0
2747 0.895629484670581 0 0
2748 0.895955642530985 0 0
2749 0.896281800391389 0 0
2750 0.896607958251794 0 0
2751 0.896934116112198 0 0
2752 0.897260273972603 0 0
2753 0.897586431833007 0 0
2754 0.897912589693412 0 0
2755 0.898238747553816 0 0
2756 0.89856490541422 0 0
2757 0.898891063274625 0 0
2758 0.899217221135029 0 0
2759 0.899543378995434 0 0
2760 0.899869536855838 0 0
2761 0.900195694716243 0 0
2762 0.900521852576647 0 0
2763 0.900848010437052 0 0
2764 0.901174168297456 0 0
2765 0.90150032615786 0 0
2766 0.901826484018265 0 0
2767 0.902152641878669 0 0
2768 0.902478799739074 0 0
2769 0.902804957599478 0 0
2770 0.903131115459883 0 0
2771 0.903457273320287 0 0
2772 0.903783431180691 0 0
2773 0.904109589041096 0 0
2774 0.9044357469015 0 0
2775 0.904761904761905 0 0
2776 0.905088062622309 0 0
2777 0.905414220482714 0 0
2778 0.905740378343118 0 0
2779 0.906066536203523 0 0
2780 0.906392694063927 0 0
2781 0.906718851924331 0 0
2782 0.907045009784736 0 0
2783 0.90737116764514 0 0
2784 0.907697325505545 0 0
2785 0.908023483365949 0 0
2786 0.908349641226354 0 0
2787 0.908675799086758 0 0
2788 0.909001956947162 0 0
2789 0.909328114807567 0 0
2790 0.909654272667971 0 0
2791 0.909980430528376 0 0
2792 0.91030658838878 0 0
2793 0.910632746249185 0 0
2794 0.910958904109589 0 0
2795 0.911285061969993 0 0
2796 0.911611219830398 0 0
2797 0.911937377690802 0 0
2798 0.912263535551207 0 0
2799 0.912589693411611 0 0
2800 0.912915851272016 0 0
2801 0.91324200913242 0 0
2802 0.913568166992825 0 0
2803 0.913894324853229 0 0
2804 0.914220482713633 0 0
2805 0.914546640574038 0 0
2806 0.914872798434442 0 0
2807 0.915198956294847 0 0
2808 0.915525114155251 0 0
2809 0.915851272015656 0 0
2810 0.91617742987606 0 0
2811 0.916503587736464 0 0
2812 0.916829745596869 0 0
2813 0.917155903457273 0 0
2814 0.917482061317678 0 0
2815 0.917808219178082 0 0
2816 0.918134377038487 0 0
2817 0.918460534898891 0 0
2818 0.918786692759295 0 0
2819 0.9191128506197 0 0
2820 0.919439008480104 0 0
2821 0.919765166340509 0 0
2822 0.920091324200913 0 0
2823 0.920417482061318 0 0
2824 0.920743639921722 0 0
2825 0.921069797782126 0 0
2826 0.921395955642531 0 0
2827 0.921722113502935 0 0
2828 0.92204827136334 0 0
2829 0.922374429223744 0 0
2830 0.922700587084149 0 0
2831 0.923026744944553 0 0
2832 0.923352902804958 0 0
2833 0.923679060665362 0 0
2834 0.924005218525766 0 0
2835 0.924331376386171 0 0
2836 0.924657534246575 0 0
2837 0.92498369210698 0 0
2838 0.925309849967384 0 0
2839 0.925636007827789 0 0
2840 0.925962165688193 0 0
2841 0.926288323548597 0 0
2842 0.926614481409002 0 0
2843 0.926940639269406 0 0
2844 0.927266797129811 0 0
2845 0.927592954990215 0 0
2846 0.92791911285062 0 0
2847 0.928245270711024 0 0
2848 0.928571428571428 0 0
2849 0.928897586431833 0 0
2850 0.929223744292237 0 0
2851 0.929549902152642 0 0
2852 0.929876060013046 0 0
2853 0.930202217873451 0 0
2854 0.930528375733855 0 0
2855 0.93085453359426 0 0
2856 0.931180691454664 0 0
2857 0.931506849315068 0 0
2858 0.931833007175473 0 0
2859 0.932159165035877 0 0
2860 0.932485322896282 0 0
2861 0.932811480756686 0 0
2862 0.933137638617091 0 0
2863 0.933463796477495 0 0
2864 0.933789954337899 0 0
2865 0.934116112198304 0 0
2866 0.934442270058708 0 0
2867 0.934768427919113 0 0
2868 0.935094585779517 0 0
2869 0.935420743639922 0 0
2870 0.935746901500326 0 0
2871 0.93607305936073 0 0
2872 0.936399217221135 0 0
2873 0.936725375081539 0 0
2874 0.937051532941944 0 0
2875 0.937377690802348 0 0
2876 0.937703848662753 0 0
2877 0.938030006523157 0 0
2878 0.938356164383562 0 0
2879 0.938682322243966 0 0
2880 0.93900848010437 0 0
2881 0.939334637964775 0 0
2882 0.939660795825179 0 0
2883 0.939986953685584 0 0
2884 0.940313111545988 0 0
2885 0.940639269406393 0 0
2886 0.940965427266797 0 0
2887 0.941291585127201 0 0
2888 0.941617742987606 0 0
2889 0.94194390084801 0 0
2890 0.942270058708415 0 0
2891 0.942596216568819 0 0
2892 0.942922374429224 0 0
2893 0.943248532289628 0 0
2894 0.943574690150033 0 0
2895 0.943900848010437 0 0
2896 0.944227005870841 0 0
2897 0.944553163731246 0 0
2898 0.94487932159165 0 0
2899 0.945205479452055 0 0
2900 0.945531637312459 0 0
2901 0.945857795172864 0 0
2902 0.946183953033268 0 0
2903 0.946510110893672 0 0
2904 0.946836268754077 0 0
2905 0.947162426614481 0 0
2906 0.947488584474886 0 0
2907 0.94781474233529 0 0
2908 0.948140900195695 0 0
2909 0.948467058056099 0 0
2910 0.948793215916504 0 0
2911 0.949119373776908 0 0
2912 0.949445531637312 0 0
2913 0.949771689497717 0 0
2914 0.950097847358121 0 0
2915 0.950424005218526 0 0
2916 0.95075016307893 0 0
2917 0.951076320939335 0 0
2918 0.951402478799739 0 0
2919 0.951728636660143 0 0
2920 0.952054794520548 0 0
2921 0.952380952380952 0 0
2922 0.952707110241357 0 0
2923 0.953033268101761 0 0
2924 0.953359425962166 0 0
2925 0.95368558382257 0 0
2926 0.954011741682975 0 0
2927 0.954337899543379 0 0
2928 0.954664057403783 0 0
2929 0.954990215264188 0 0
2930 0.955316373124592 0 0
2931 0.955642530984997 0 0
2932 0.955968688845401 0 0
2933 0.956294846705806 0 0
2934 0.95662100456621 0 0
2935 0.956947162426614 0 0
2936 0.957273320287019 0 0
2937 0.957599478147423 0 0
2938 0.957925636007828 0 0
2939 0.958251793868232 0 0
2940 0.958577951728637 0 0
2941 0.958904109589041 0 0
2942 0.959230267449446 0 0
2943 0.95955642530985 0 0
2944 0.959882583170254 0 0
2945 0.960208741030659 0 0
2946 0.960534898891063 0 0
2947 0.960861056751468 0 0
2948 0.961187214611872 0 0
2949 0.961513372472277 0 0
2950 0.961839530332681 0 0
2951 0.962165688193085 0 0
2952 0.96249184605349 0 0
2953 0.962818003913894 0 0
2954 0.963144161774299 0 0
2955 0.963470319634703 0 0
2956 0.963796477495108 0 0
2957 0.964122635355512 0 0
2958 0.964448793215916 0 0
2959 0.964774951076321 0 0
2960 0.965101108936725 0 0
2961 0.96542726679713 0 0
2962 0.965753424657534 0 0
2963 0.966079582517939 0 0
2964 0.966405740378343 0 0
2965 0.966731898238748 0 0
2966 0.967058056099152 0 0
2967 0.967384213959556 0 0
2968 0.967710371819961 0 0
2969 0.968036529680365 0 0
2970 0.96836268754077 0 0
2971 0.968688845401174 0 0
2972 0.969015003261579 0 0
2973 0.969341161121983 0 0
2974 0.969667318982387 0 0
2975 0.969993476842792 0 0
2976 0.970319634703196 0 0
2977 0.970645792563601 0 0
2978 0.970971950424005 0 0
2979 0.97129810828441 0 0
2980 0.971624266144814 0 0
2981 0.971950424005218 0 0
2982 0.972276581865623 0 0
2983 0.972602739726027 0 0
2984 0.972928897586432 0 0
2985 0.973255055446836 0 0
2986 0.973581213307241 0 0
2987 0.973907371167645 0 0
2988 0.974233529028049 0 0
2989 0.974559686888454 0 0
2990 0.974885844748858 0 0
2991 0.975212002609263 0 0
2992 0.975538160469667 0 0
2993 0.975864318330072 0 0
2994 0.976190476190476 0 0
2995 0.976516634050881 0 0
2996 0.976842791911285 0 0
2997 0.977168949771689 0 0
2998 0.977495107632094 0 0
2999 0.977821265492498 0 0
3000 0.978147423352903 0 0
3001 0.978473581213307 0 0
3002 0.978799739073712 0 0
3003 0.979125896934116 0 0
3004 0.97945205479452 0 0
3005 0.979778212654925 0 0
3006 0.980104370515329 0 0
3007 0.980430528375734 0 0
3008 0.980756686236138 0 0
3009 0.981082844096543 0 0
3010 0.981409001956947 0 0
3011 0.981735159817352 0 0
3012 0.982061317677756 0 0
3013 0.98238747553816 0 0
3014 0.982713633398565 0 0
3015 0.983039791258969 0 0
3016 0.983365949119374 0 0
3017 0.983692106979778 0 0
3018 0.984018264840183 0 0
3019 0.984344422700587 0 0
3020 0.984670580560991 0 0
3021 0.984996738421396 0 0
3022 0.9853228962818 0 0
3023 0.985649054142205 0 0
3024 0.985975212002609 0 0
3025 0.986301369863014 0 0
3026 0.986627527723418 0 0
3027 0.986953685583823 0 0
3028 0.987279843444227 0 0
3029 0.987606001304631 0 0
3030 0.987932159165036 0 0
3031 0.98825831702544 0 0
3032 0.988584474885845 0 0
3033 0.988910632746249 0 0
3034 0.989236790606654 0 0
3035 0.989562948467058 0 0
3036 0.989889106327462 0 0
3037 0.990215264187867 0 0
3038 0.990541422048271 0 0
3039 0.990867579908676 0 0
3040 0.99119373776908 0 0
3041 0.991519895629485 0 0
3042 0.991846053489889 0 0
3043 0.992172211350294 0 0
3044 0.992498369210698 0 0
3045 0.992824527071102 0 0
3046 0.993150684931507 0 0
3047 0.993476842791911 0 0
3048 0.993803000652316 0 0
3049 0.99412915851272 0 0
3050 0.994455316373125 0 0
3051 0.994781474233529 0 0
3052 0.995107632093933 0 0
3053 0.995433789954338 0 0
3054 0.995759947814742 0 0
3055 0.996086105675147 0 0
3056 0.996412263535551 0 0
3057 0.996738421395956 0 0
3058 0.99706457925636 0 0
3059 0.997390737116765 0 0
3060 0.997716894977169 0 0
3061 0.998043052837573 0 0
3062 0.998369210697978 0 0
3063 0.998695368558382 0 0
3064 0.999021526418787 0 0
3065 0.999347684279191 0 0
3066 0.999673842139596 0 0
3067 1 0 0
