1 0 0 0
2 0.00709219858156028 0 0
3 0.0141843971631206 0 0
4 0.0212765957446809 0 0
5 0.0283687943262411 0 0
6 0.0354609929078014 0 0
7 0.0425531914893617 0 0
8 0.049645390070922 0 0
9 0.0567375886524823 0 0
10 0.0638297872340425 0 0
11 0.0709219858156028 0 0
12 0.0780141843971631 0 0
13 0.0851063829787234 0 0
14 0.0921985815602837 0 0
15 0.099290780141844 0 0
16 0.106382978723404 0 0
17 0.113475177304964 0 0
18 0.120567375886525 0 0
19 0.127659574468085 0 0
20 0.134751773049645 0 0
21 0.141843971631206 0 0
22 0.148936170212766 0 0
23 0.156028368794326 0 0
24 0.163120567375887 0 0
25 0.170212765957447 0 0
26 0.177304964539007 0 0
27 0.184397163120567 0 0
28 0.191489361702128 0 0
29 0.198581560283688 0 0
30 0.205673758865248 0 0
31 0.212765957446809 0 0
32 0.219858156028369 0 0
33 0.226950354609929 0 0
34 0.234042553191489 0 0
35 0.24113475177305 0 0
36 0.24822695035461 0 0
37 0.25531914893617 0 0
38 0.26241134751773 0 0
39 0.269503546099291 0 0
40 0.276595744680851 0 0
41 0.283687943262411 0 0
42 0.290780141843972 0 0
43 0.297872340425532 0 0
44 0.304964539007092 0 0
45 0.312056737588652 0 0
46 0.319148936170213 0 0
47 0.326241134751773 0 0
48 0.333333333333333 0 0
49 0.340425531914894 0 0
50 0.347517730496454 0 0
51 0.354609929078014 0 0
52 0.361702127659574 0 0
53 0.368794326241135 0 0
54 0.375886524822695 0 0
55 0.382978723404255 0 0
56 0.390070921985816 0 0
57 0.397163120567376 0 0
58 0.404255319148936 0 0
59 0.411347517730496 0 0
60 0.418439716312057 0 0
61 0.425531914893617 0 0
62 0.432624113475177 0 0
63 0.439716312056738 0 0
64 0.446808510638298 0 0
65 0.453900709219858 0 0
66 0.460992907801418 0 0
67 0.468085106382979 0 0
68 0.475177304964539 0 0
69 0.482269503546099 0 0
70 0.48936170212766 0 0
71 0.49645390070922 0 0
72 0.50354609929078 0 0
73 0.51063829787234 0 0
74 0.517730496453901 0 0
75 0.524822695035461 0 0
76 0.531914893617021 0 0
77 0.539007092198582 0 0
78 0.546099290780142 0 0
79 0.553191489361702 0 0
80 0.560283687943262 0 0
81 0.567375886524823 0 0
82 0.574468085106383 0 0
83 0.581560283687943 0 0
84 0.588652482269504 0 0
85 0.595744680851064 0 0
86 0.602836879432624 0 0
87 0.609929078014184 0 0
88 0.617021276595745 0 0
89 0.624113475177305 0 0
90 0.631205673758865 0 0
91 0.638297872340426 0 0
92 0.645390070921986 0 0
93 0.652482269503546 0 0
94 0.659574468085106 0 0
95 0.666666666666667 0 0
96 0.673758865248227 0 0
97 0.680851063829787 0 0
98 0.687943262411348 0 0
99 0.695035460992908 0 0
100 0.702127659574468 0 0
101 0.709219858156028 0 0
102 0.716312056737589 0 0
103 0.723404255319149 0 0
104 0.730496453900709 0 0
105 0.737588652482269 0 0
106 0.74468085106383 0 0
107 0.75177304964539 0 0
108 0.75886524822695 0 0
109 0.765957446808511 0 0
110 0.773049645390071 0 0
111 0.780141843971631 0 0
112 0.787234042553192 0 0
113 0.794326241134752 0 0
114 0.801418439716312 0 0
115 0.808510638297872 0 0
116 0.815602836879433 0 0
117 0.822695035460993 0 0
118 0.829787234042553 0 0
119 0.836879432624113 0 0
120 0.843971631205674 0 0
121 0.851063829787234 0 0
122 0.858156028368794 0 0
123 0.865248226950355 0 0
124 0.872340425531915 0 0
125 0.879432624113475 0 0
126 0.886524822695035 0 0
127 0.893617021276596 0 0
128 0.900709219858156 0 0
129 0.907801418439716 0 0
130 0.914893617021277 0 0
131 0.921985815602837 0 0
132 0.929078014184397 0 0
133 0.936170212765957 0 0
134 0.943262411347518 0 0
135 0.950354609929078 0 0
136 0.957446808510638 0 0
137 0.964539007092199 0 0
138 0.971631205673759 0 0
139 0.978723404255319 0 0
140 0.985815602836879 0 0
141 0.99290780141844 0 0
142 1 0 0
