1 0 0 0
2 0.0144927536231884 0 0
3 0.0289855072463768 0 0
4 0.0434782608695652 0 0
5 0.0579710144927536 0 0
6 0.072463768115942 0 0
7 0.0869565217391304 0 0
8 0.101449275362319 0 0
9 0.115942028985507 0 0
10 0.130434782608696 0 0
11 0.144927536231884 0 0
12 0.159420289855073 0 0
13 0.173913043478261 0 0
14 0.188405797101449 0 0
15 0.202898550724638 0 0
16 0.217391304347826 0 0
17 0.231884057971014 0 0
18 0.246376811594203 0 0
19 0.260869565217391 0 0
20 0.27536231884058 0 0
21 0.289855072463768 0 0
22 0.304347826086956 0 0
23 0.318840579710145 0 0
24 0.333333333333333 0 0
25 0.347826086956522 0 0
26 0.36231884057971 0 0
27 0.376811594202899 0 0
28 0.391304347826087 0 0
29 0.405797101449275 0 0
30 0.420289855072464 0 0
31 0.434782608695652 0 0
32 0.449275362318841 0 0
33 0.463768115942029 0 0
34 0.478260869565217 0 0
35 0.492753623188406 0 0
36 0.507246376811594 0 0
37 0.521739130434783 0 0
38 0.536231884057971 0 0
39 0.550724637681159 0 0
40 0.565217391304348 0 0
41 0.579710144927536 0 0
42 0.594202898550725 0 0
43 0.608695652173913 0 0
44 0.623188405797101 0 0
45 0.63768115942029 0 0
46 0.652173913043478 0 0
47 0.666666666666667 0 0
48 0.681159420289855 0 0
49 0.695652173913043 0 0
50 0.710144927536232 0 0
51 0.72463768115942 0 0
52 0.739130434782609 0 0
53 0.753623188405797 0 0
54 0.768115942028985 0 0
55 0.782608695652174 0 0
56 0.797101449275362 0 0
57 0.811594202898551 0 0
58 0.826086956521739 0 0
59 0.840579710144927 0 0
60 0.855072463768116 0 0
61 0.869565217391304 0 0
62 0.884057971014493 0 0
63 0.898550724637681 0 0
64 0.91304347826087 0 0
65 0.927536231884058 0 0
66 0.942028985507246 0 0
67 0.956521739130435 0 0
68 0.971014492753623 0 0
69 0.985507246376812 0 0
70 1 0 0
