1 0 0 0
2 0.0303030303030303 0 0
3 0.0606060606060606 0 0
4 0.0909090909090909 0 0
5 0.121212121212121 0 0
6 0.151515151515151 0 0
7 0.181818181818182 0 0
8 0.212121212121212 0 0
9 0.242424242424242 0 0
10 0.272727272727273 0 0
11 0.303030303030303 0 0
12 0.333333333333333 0 0
13 0.363636363636364 0 0
14 0.393939393939394 0 0
15 0.424242424242424 0 0
16 0.454545454545455 0 0
17 0.484848484848485 0 0
18 0.515151515151515 0 0
19 0.545454545454545 0 0
20 0.575757575757576 0 0
21 0.606060606060606 0 0
22 0.636363636363636 0 0
23 0.666666666666667 0 0
24 0.696969696969697 0 0
25 0.727272727272727 0 0
26 0.757575757575758 0 0
27 0.787878787878788 0 0
28 0.818181818181818 0 0
29 0.848484848484849 0 0
30 0.878787878787879 0 0
31 0.909090909090909 0 0
32 0.939393939393939 0 0
33 0.96969696969697 0 0
34 1 0 0
