1 0 0 0
2 0.00130548302872063 0 0
3 0.00261096605744125 0 0
4 0.00391644908616188 0 0
5 0.00522193211488251 0 0
6 0.00652741514360313 0 0
7 0.00783289817232376 0 0
8 0.00913838120104439 0 0
9 0.010443864229765 0 0
10 0.0117493472584856 0 0
11 0.0130548302872063 0 0
12 0.0143603133159269 0 0
13 0.0156657963446475 0 0
14 0.0169712793733682 0 0
15 0.0182767624020888 0 0
16 0.0195822454308094 0 0
17 0.02088772845953 0 0
18 0.0221932114882506 0 0
19 0.0234986945169713 0 0
20 0.0248041775456919 0 0
21 0.0261096605744125 0 0
22 0.0274151436031332 0 0
23 0.0287206266318538 0 0
24 0.0300261096605744 0 0
25 0.031331592689295 0 0
26 0.0326370757180157 0 0
27 0.0339425587467363 0 0
28 0.0352480417754569 0 0
29 0.0365535248041775 0 0
30 0.0378590078328982 0 0
31 0.0391644908616188 0 0
32 0.0404699738903394 0 0
33 0.0417754569190601 0 0
34 0.0430809399477807 0 0
35 0.0443864229765013 0 0
36 0.0456919060052219 0 0
37 0.0469973890339426 0 0
38 0.0483028720626632 0 0
39 0.0496083550913838 0 0
40 0.0509138381201044 0 0
41 0.0522193211488251 0 0
42 0.0535248041775457 0 0
43 0.0548302872062663 0 0
44 0.0561357702349869 0 0
45 0.0574412532637076 0 0
46 0.0587467362924282 0 0
47 0.0600522193211488 0 0
48 0.0613577023498695 0 0
49 0.0626631853785901 0 0
50 0.0639686684073107 0 0
51 0.0652741514360313 0 0
52 0.066579634464752 0 0
53 0.0678851174934726 0 0
54 0.0691906005221932 0 0
55 0.0704960835509138 0 0
56 0.0718015665796345 0 0
57 0.0731070496083551 0 0
58 0.0744125326370757 0 0
59 0.0757180156657963 0 0
60 0.077023498694517 0 0
61 0.0783289817232376 0 0
62 0.0796344647519582 0 0
63 0.0809399477806789 0 0
64 0.0822454308093995 0 0
65 0.0835509138381201 0 0
66 0.0848563968668407 0 0
67 0.0861618798955614 0 0
68 0.087467362924282 0 0
69 0.0887728459530026 0 0
70 0.0900783289817232 0 0
71 0.0913838120104439 0 0
72 0.0926892950391645 0 0
73 0.0939947780678851 0 0
74 0.0953002610966057 0 0
75 0.0966057441253264 0 0
76 0.097911227154047 0 0
77 0.0992167101827676 0 0
78 0.100522193211488 0 0
79 0.101827676240209 0 0
80 0.10313315926893 0 0
81 0.10443864229765 0 0
82 0.105744125326371 0 0
83 0.107049608355091 0 0
84 0.108355091383812 0 0
85 0.109660574412533 0 0
86 0.110966057441253 0 0
87 0.112271540469974 0 0
88 0.113577023498695 0 0
89 0.114882506527415 0 0
90 0.116187989556136 0 0
91 0.117493472584856 0 0
92 0.118798955613577 0 0
93 0.120104438642298 0 0
94 0.121409921671018 0 0
95 0.122715404699739 0 0
96 0.124020887728459 0 0
97 0.12532637075718 0 0
98 0.126631853785901 0 0
99 0.127937336814621 0 0
100 0.129242819843342 0 0
101 0.130548302872063 0 0
102 0.131853785900783 0 0
103 0.133159268929504 0 0
104 0.134464751958224 0 0
105 0.135770234986945 0 0
106 0.137075718015666 0 0
107 0.138381201044386 0 0
108 0.139686684073107 0 0
109 0.140992167101828 0 0
110 0.142297650130548 0 0
111 0.143603133159269 0 0
112 0.14490861618799 0 0
113 0.14621409921671 0 0
114 0.147519582245431 0 0
115 0.148825065274151 0 0
116 0.150130548302872 0 0
117 0.151436031331593 0 0
118 0.152741514360313 0 0
119 0.154046997389034 0 0
120 0.155352480417755 0 0
121 0.156657963446475 0 0
122 0.157963446475196 0 0
123 0.159268929503916 0 0
124 0.160574412532637 0 0
125 0.161879895561358 0 0
126 0.163185378590078 0 0
127 0.164490861618799 0 0
128 0.16579634464752 0 0
129 0.16710182767624 0 0
130 0.168407310704961 0 0
131 0.169712793733682 0 0
132 0.171018276762402 0 0
133 0.172323759791123 0 0
134 0.173629242819843 0 0
135 0.174934725848564 0 0
136 0.176240208877285 0 0
137 0.177545691906005 0 0
138 0.178851174934726 0 0
139 0.180156657963446 0 0
140 0.181462140992167 0 0
141 0.182767624020888 0 0
142 0.184073107049608 0 0
143 0.185378590078329 0 0
144 0.18668407310705 0 0
145 0.18798955613577 0 0
146 0.189295039164491 0 0
147 0.190600522193211 0 0
148 0.191906005221932 0 0
149 0.193211488250653 0 0
150 0.194516971279373 0 0
151 0.195822454308094 0 0
152 0.197127937336815 0 0
153 0.198433420365535 0 0
154 0.199738903394256 0 0
155 0.201044386422977 0 0
156 0.202349869451697 0 0
157 0.203655352480418 0 0
158 0.204960835509138 0 0
159 0.206266318537859 0 0
160 0.20757180156658 0 0
161 0.2088772845953 0 0
162 0.210182767624021 0 0
163 0.211488250652741 0 0
164 0.212793733681462 0 0
165 0.214099216710183 0 0
166 0.215404699738903 0 0
167 0.216710182767624 0 0
168 0.218015665796345 0 0
169 0.219321148825065 0 0
170 0.220626631853786 0 0
171 0.221932114882506 0 0
172 0.223237597911227 0 0
173 0.224543080939948 0 0
174 0.225848563968668 0 0
175 0.227154046997389 0 0
176 0.22845953002611 0 0
177 0.22976501305483 0 0
178 0.231070496083551 0 0
179 0.232375979112272 0 0
180 0.233681462140992 0 0
181 0.234986945169713 0 0
182 0.236292428198433 0 0
183 0.237597911227154 0 0
184 0.238903394255875 0 0
185 0.240208877284595 0 0
186 0.241514360313316 0 0
187 0.242819843342036 0 0
188 0.244125326370757 0 0
189 0.245430809399478 0 0
190 0.246736292428198 0 0
191 0.248041775456919 0 0
192 0.24934725848564 0 0
193 0.25065274151436 0 0
194 0.251958224543081 0 0
195 0.253263707571802 0 0
196 0.254569190600522 0 0
197 0.255874673629243 0 0
198 0.257180156657964 0 0
199 0.258485639686684 0 0
200 0.259791122715405 0 0
201 0.261096605744125 0 0
202 0.262402088772846 0 0
203 0.263707571801567 0 0
204 0.265013054830287 0 0
205 0.266318537859008 0 0
206 0.267624020887729 0 0
207 0.268929503916449 0 0
208 0.27023498694517 0 0
209 0.27154046997389 0 0
210 0.272845953002611 0 0
211 0.274151436031332 0 0
212 0.275456919060052 0 0
213 0.276762402088773 0 0
214 0.278067885117493 0 0
215 0.279373368146214 0 0
216 0.280678851174935 0 0
217 0.281984334203655 0 0
218 0.283289817232376 0 0
219 0.284595300261097 0 0
220 0.285900783289817 0 0
221 0.287206266318538 0 0
222 0.288511749347258 0 0
223 0.289817232375979 0 0
224 0.2911227154047 0 0
225 0.29242819843342 0 0
226 0.293733681462141 0 0
227 0.295039164490862 0 0
228 0.296344647519582 0 0
229 0.297650130548303 0 0
230 0.298955613577023 0 0
231 0.300261096605744 0 0
232 0.301566579634465 0 0
233 0.302872062663185 0 0
234 0.304177545691906 0 0
235 0.305483028720627 0 0
236 0.306788511749347 0 0
237 0.308093994778068 0 0
238 0.309399477806789 0 0
239 0.310704960835509 0 0
240 0.31201044386423 0 0
241 0.31331592689295 0 0
242 0.314621409921671 0 0
243 0.315926892950392 0 0
244 0.317232375979112 0 0
245 0.318537859007833 0 0
246 0.319843342036554 0 0
247 0.321148825065274 0 0
248 0.322454308093995 0 0
249 0.323759791122715 0 0
250 0.325065274151436 0 0
251 0.326370757180157 0 0
252 0.327676240208877 0 0
253 0.328981723237598 0 0
254 0.330287206266319 0 0
255 0.331592689295039 0 0
256 0.33289817232376 0 0
257 0.33420365535248 0 0
258 0.335509138381201 0 0
259 0.336814621409922 0 0
260 0.338120104438642 0 0
261 0.339425587467363 0 0
262 0.340731070496083 0 0
263 0.342036553524804 0 0
264 0.343342036553525 0 0
265 0.344647519582245 0 0
266 0.345953002610966 0 0
267 0.347258485639687 0 0
268 0.348563968668407 0 0
269 0.349869451697128 0 0
270 0.351174934725849 0 0
271 0.352480417754569 0 0
272 0.35378590078329 0 0
273 0.35509138381201 0 0
274 0.356396866840731 0 0
275 0.357702349869452 0 0
276 0.359007832898172 0 0
277 0.360313315926893 0 0
278 0.361618798955614 0 0
279 0.362924281984334 0 0
280 0.364229765013055 0 0
281 0.365535248041776 0 0
282 0.366840731070496 0 0
283 0.368146214099217 0 0
284 0.369451697127937 0 0
285 0.370757180156658 0 0
286 0.372062663185379 0 0
287 0.373368146214099 0 0
288 0.37467362924282 0 0
289 0.375979112271541 0 0
290 0.377284595300261 0 0
291 0.378590078328982 0 0
292 0.379895561357702 0 0
293 0.381201044386423 0 0
294 0.382506527415144 0 0
295 0.383812010443864 0 0
296 0.385117493472585 0 0
297 0.386422976501306 0 0
298 0.387728459530026 0 0
299 0.389033942558747 0 0
300 0.390339425587467 0 0
301 0.391644908616188 0 0
302 0.392950391644909 0 0
303 0.394255874673629 0 0
304 0.39556135770235 0 0
305 0.39686684073107 0 0
306 0.398172323759791 0 0
307 0.399477806788512 0 0
308 0.400783289817232 0 0
309 0.402088772845953 0 0
310 0.403394255874674 0 0
311 0.404699738903394 0 0
312 0.406005221932115 0 0
313 0.407310704960835 0 0
314 0.408616187989556 0 0
315 0.409921671018277 0 0
316 0.411227154046997 0 0
317 0.412532637075718 0 0
318 0.413838120104439 0 0
319 0.415143603133159 0 0
320 0.41644908616188 0 0
321 0.4177545691906 0 0
322 0.419060052219321 0 0
323 0.420365535248042 0 0
324 0.421671018276762 0 0
325 0.422976501305483 0 0
326 0.424281984334204 0 0
327 0.425587467362924 0 0
328 0.426892950391645 0 0
329 0.428198433420366 0 0
330 0.429503916449086 0 0
331 0.430809399477807 0 0
332 0.432114882506527 0 0
333 0.433420365535248 0 0
334 0.434725848563969 0 0
335 0.436031331592689 0 0
336 0.43733681462141 0 0
337 0.438642297650131 0 0
338 0.439947780678851 0 0
339 0.441253263707572 0 0
340 0.442558746736292 0 0
341 0.443864229765013 0 0
342 0.445169712793734 0 0
343 0.446475195822454 0 0
344 0.447780678851175 0 0
345 0.449086161879896 0 0
346 0.450391644908616 0 0
347 0.451697127937337 0 0
348 0.453002610966057 0 0
349 0.454308093994778 0 0
350 0.455613577023499 0 0
351 0.456919060052219 0 0
352 0.45822454308094 0 0
353 0.459530026109661 0 0
354 0.460835509138381 0 0
355 0.462140992167102 0 0
356 0.463446475195822 0 0
357 0.464751958224543 0 0
358 0.466057441253264 0 0
359 0.467362924281984 0 0
360 0.468668407310705 0 0
361 0.469973890339426 0 0
362 0.471279373368146 0 0
363 0.472584856396867 0 0
364 0.473890339425587 0 0
365 0.475195822454308 0 0
366 0.476501305483029 0 0
367 0.477806788511749 0 0
368 0.47911227154047 0 0
369 0.480417754569191 0 0
370 0.481723237597911 0 0
371 0.483028720626632 0 0
372 0.484334203655353 0 0
373 0.485639686684073 0 0
374 0.486945169712794 0 0
375 0.488250652741514 0 0
376 0.489556135770235 0 0
377 0.490861618798956 0 0
378 0.492167101827676 0 0
379 0.493472584856397 0 0
380 0.494778067885118 0 0
381 0.496083550913838 0 0
382 0.497389033942559 0 0
383 0.498694516971279 0 0
384 0.5 0 0
385 0.501305483028721 0 0
386 0.502610966057441 0 0
387 0.503916449086162 0 0
388 0.505221932114883 0 0
389 0.506527415143603 0 0
390 0.507832898172324 0 0
391 0.509138381201044 0 0
392 0.510443864229765 0 0
393 0.511749347258486 0 0
394 0.513054830287206 0 0
395 0.514360313315927 0 0
396 0.515665796344648 0 0
397 0.516971279373368 0 0
398 0.518276762402089 0 0
399 0.519582245430809 0 0
400 0.52088772845953 0 0
401 0.522193211488251 0 0
402 0.523498694516971 0 0
403 0.524804177545692 0 0
404 0.526109660574413 0 0
405 0.527415143603133 0 0
406 0.528720626631854 0 0
407 0.530026109660574 0 0
408 0.531331592689295 0 0
409 0.532637075718016 0 0
410 0.533942558746736 0 0
411 0.535248041775457 0 0
412 0.536553524804178 0 0
413 0.537859007832898 0 0
414 0.539164490861619 0 0
415 0.540469973890339 0 0
416 0.54177545691906 0 0
417 0.543080939947781 0 0
418 0.544386422976501 0 0
419 0.545691906005222 0 0
420 0.546997389033943 0 0
421 0.548302872062663 0 0
422 0.549608355091384 0 0
423 0.550913838120104 0 0
424 0.552219321148825 0 0
425 0.553524804177546 0 0
426 0.554830287206266 0 0
427 0.556135770234987 0 0
428 0.557441253263708 0 0
429 0.558746736292428 0 0
430 0.560052219321149 0 0
431 0.561357702349869 0 0
432 0.56266318537859 0 0
433 0.563968668407311 0 0
434 0.565274151436031 0 0
435 0.566579634464752 0 0
436 0.567885117493473 0 0
437 0.569190600522193 0 0
438 0.570496083550914 0 0
439 0.571801566579634 0 0
440 0.573107049608355 0 0
441 0.574412532637076 0 0
442 0.575718015665796 0 0
443 0.577023498694517 0 0
444 0.578328981723238 0 0
445 0.579634464751958 0 0
446 0.580939947780679 0 0
447 0.5822454308094 0 0
448 0.58355091383812 0 0
449 0.584856396866841 0 0
450 0.586161879895561 0 0
451 0.587467362924282 0 0
452 0.588772845953003 0 0
453 0.590078328981723 0 0
454 0.591383812010444 0 0
455 0.592689295039164 0 0
456 0.593994778067885 0 0
457 0.595300261096606 0 0
458 0.596605744125326 0 0
459 0.597911227154047 0 0
460 0.599216710182768 0 0
461 0.600522193211488 0 0
462 0.601827676240209 0 0
463 0.60313315926893 0 0
464 0.60443864229765 0 0
465 0.605744125326371 0 0
466 0.607049608355091 0 0
467 0.608355091383812 0 0
468 0.609660574412533 0 0
469 0.610966057441253 0 0
470 0.612271540469974 0 0
471 0.613577023498694 0 0
472 0.614882506527415 0 0
473 0.616187989556136 0 0
474 0.617493472584856 0 0
475 0.618798955613577 0 0
476 0.620104438642298 0 0
477 0.621409921671018 0 0
478 0.622715404699739 0 0
479 0.62402088772846 0 0
480 0.62532637075718 0 0
481 0.626631853785901 0 0
482 0.627937336814621 0 0
483 0.629242819843342 0 0
484 0.630548302872063 0 0
485 0.631853785900783 0 0
486 0.633159268929504 0 0
487 0.634464751958225 0 0
488 0.635770234986945 0 0
489 0.637075718015666 0 0
490 0.638381201044386 0 0
491 0.639686684073107 0 0
492 0.640992167101828 0 0
493 0.642297650130548 0 0
494 0.643603133159269 0 0
495 0.64490861618799 0 0
496 0.64621409921671 0 0
497 0.647519582245431 0 0
498 0.648825065274152 0 0
499 0.650130548302872 0 0
500 0.651436031331593 0 0
501 0.652741514360313 0 0
502 0.654046997389034 0 0
503 0.655352480417755 0 0
504 0.656657963446475 0 0
505 0.657963446475196 0 0
506 0.659268929503916 0 0
507 0.660574412532637 0 0
508 0.661879895561358 0 0
509 0.663185378590078 0 0
510 0.664490861618799 0 0
511 0.66579634464752 0 0
512 0.66710182767624 0 0
513 0.668407310704961 0 0
514 0.669712793733682 0 0
515 0.671018276762402 0 0
516 0.672323759791123 0 0
517 0.673629242819843 0 0
518 0.674934725848564 0 0
519 0.676240208877285 0 0
520 0.677545691906005 0 0
521 0.678851174934726 0 0
522 0.680156657963446 0 0
523 0.681462140992167 0 0
524 0.682767624020888 0 0
525 0.684073107049608 0 0
526 0.685378590078329 0 0
527 0.68668407310705 0 0
528 0.68798955613577 0 0
529 0.689295039164491 0 0
530 0.690600522193212 0 0
531 0.691906005221932 0 0
532 0.693211488250653 0 0
533 0.694516971279373 0 0
534 0.695822454308094 0 0
535 0.697127937336815 0 0
536 0.698433420365535 0 0
537 0.699738903394256 0 0
538 0.701044386422977 0 0
539 0.702349869451697 0 0
540 0.703655352480418 0 0
541 0.704960835509138 0 0
542 0.706266318537859 0 0
543 0.70757180156658 0 0
544 0.7088772845953 0 0
545 0.710182767624021 0 0
546 0.711488250652742 0 0
547 0.712793733681462 0 0
548 0.714099216710183 0 0
549 0.715404699738903 0 0
550 0.716710182767624 0 0
551 0.718015665796345 0 0
552 0.719321148825065 0 0
553 0.720626631853786 0 0
554 0.721932114882507 0 0
555 0.723237597911227 0 0
556 0.724543080939948 0 0
557 0.725848563968668 0 0
558 0.727154046997389 0 0
559 0.72845953002611 0 0
560 0.72976501305483 0 0
561 0.731070496083551 0 0
562 0.732375979112272 0 0
563 0.733681462140992 0 0
564 0.734986945169713 0 0
565 0.736292428198433 0 0
566 0.737597911227154 0 0
567 0.738903394255875 0 0
568 0.740208877284595 0 0
569 0.741514360313316 0 0
570 0.742819843342037 0 0
571 0.744125326370757 0 0
572 0.745430809399478 0 0
573 0.746736292428198 0 0
574 0.748041775456919 0 0
575 0.74934725848564 0 0
576 0.75065274151436 0 0
577 0.751958224543081 0 0
578 0.753263707571802 0 0
579 0.754569190600522 0 0
580 0.755874673629243 0 0
581 0.757180156657963 0 0
582 0.758485639686684 0 0
583 0.759791122715405 0 0
584 0.761096605744125 0 0
585 0.762402088772846 0 0
586 0.763707571801567 0 0
587 0.765013054830287 0 0
588 0.766318537859008 0 0
589 0.767624020887729 0 0
590 0.768929503916449 0 0
591 0.77023498694517 0 0
592 0.77154046997389 0 0
593 0.772845953002611 0 0
594 0.774151436031332 0 0
595 0.775456919060052 0 0
596 0.776762402088773 0 0
597 0.778067885117493 0 0
598 0.779373368146214 0 0
599 0.780678851174935 0 0
600 0.781984334203655 0 0
601 0.783289817232376 0 0
602 0.784595300261097 0 0
603 0.785900783289817 0 0
604 0.787206266318538 0 0
605 0.788511749347259 0 0
606 0.789817232375979 0 0
607 0.7911227154047 0 0
608 0.79242819843342 0 0
609 0.793733681462141 0 0
610 0.795039164490862 0 0
611 0.796344647519582 0 0
612 0.797650130548303 0 0
613 0.798955613577023 0 0
614 0.800261096605744 0 0
615 0.801566579634465 0 0
616 0.802872062663185 0 0
617 0.804177545691906 0 0
618 0.805483028720627 0 0
619 0.806788511749347 0 0
620 0.808093994778068 0 0
621 0.809399477806789 0 0
622 0.810704960835509 0 0
623 0.81201044386423 0 0
624 0.81331592689295 0 0
625 0.814621409921671 0 0
626 0.815926892950392 0 0
627 0.817232375979112 0 0
628 0.818537859007833 0 0
629 0.819843342036554 0 0
630 0.821148825065274 0 0
631 0.822454308093995 0 0
632 0.823759791122715 0 0
633 0.825065274151436 0 0
634 0.826370757180157 0 0
635 0.827676240208877 0 0
636 0.828981723237598 0 0
637 0.830287206266319 0 0
638 0.831592689295039 0 0
639 0.83289817232376 0 0
640 0.83420365535248 0 0
641 0.835509138381201 0 0
642 0.836814621409922 0 0
643 0.838120104438642 0 0
644 0.839425587467363 0 0
645 0.840731070496084 0 0
646 0.842036553524804 0 0
647 0.843342036553525 0 0
648 0.844647519582245 0 0
649 0.845953002610966 0 0
650 0.847258485639687 0 0
651 0.848563968668407 0 0
652 0.849869451697128 0 0
653 0.851174934725849 0 0
654 0.852480417754569 0 0
655 0.85378590078329 0 0
656 0.855091383812011 0 0
657 0.856396866840731 0 0
658 0.857702349869452 0 0
659 0.859007832898172 0 0
660 0.860313315926893 0 0
661 0.861618798955614 0 0
662 0.862924281984334 0 0
663 0.864229765013055 0 0
664 0.865535248041776 0 0
665 0.866840731070496 0 0
666 0.868146214099217 0 0
667 0.869451697127937 0 0
668 0.870757180156658 0 0
669 0.872062663185379 0 0
670 0.873368146214099 0 0
671 0.87467362924282 0 0
672 0.875979112271541 0 0
673 0.877284595300261 0 0
674 0.878590078328982 0 0
675 0.879895561357702 0 0
676 0.881201044386423 0 0
677 0.882506527415144 0 0
678 0.883812010443864 0 0
679 0.885117493472585 0 0
680 0.886422976501306 0 0
681 0.887728459530026 0 0
682 0.889033942558747 0 0
683 0.890339425587467 0 0
684 0.891644908616188 0 0
685 0.892950391644909 0 0
686 0.894255874673629 0 0
687 0.89556135770235 0 0
688 0.896866840731071 0 0
689 0.898172323759791 0 0
690 0.899477806788512 0 0
691 0.900783289817232 0 0
692 0.902088772845953 0 0
693 0.903394255874674 0 0
694 0.904699738903394 0 0
695 0.906005221932115 0 0
696 0.907310704960836 0 0
697 0.908616187989556 0 0
698 0.909921671018277 0 0
699 0.911227154046997 0 0
700 0.912532637075718 0 0
701 0.913838120104439 0 0
702 0.915143603133159 0 0
703 0.91644908616188 0 0
704 0.917754569190601 0 0
705 0.919060052219321 0 0
706 0.920365535248042 0 0
707 0.921671018276762 0 0
708 0.922976501305483 0 0
709 0.924281984334204 0 0
710 0.925587467362924 0 0
711 0.926892950391645 0 0
712 0.928198433420366 0 0
713 0.929503916449086 0 0
714 0.930809399477807 0 0
715 0.932114882506527 0 0
716 0.933420365535248 0 0
717 0.934725848563969 0 0
718 0.936031331592689 0 0
719 0.93733681462141 0 0
720 0.938642297650131 0 0
721 0.939947780678851 0 0
722 0.941253263707572 0 0
723 0.942558746736292 0 0
724 0.943864229765013 0 0
725 0.945169712793734 0 0
726 0.946475195822454 0 0
727 0.947780678851175 0 0
728 0.949086161879896 0 0
729 0.950391644908616 0 0
730 0.951697127937337 0 0
731 0.953002610966057 0 0
732 0.954308093994778 0 0
733 0.955613577023499 0 0
734 0.956919060052219 0 0
735 0.95822454308094 0 0
736 0.959530026109661 0 0
737 0.960835509138381 0 0
738 0.962140992167102 0 0
739 0.963446475195822 0 0
740 0.964751958224543 0 0
741 0.966057441253264 0 0
742 0.967362924281984 0 0
743 0.968668407310705 0 0
744 0.969973890339426 0 0
745 0.971279373368146 0 0
746 0.972584856396867 0 0
747 0.973890339425587 0 0
748 0.975195822454308 0 0
749 0.976501305483029 0 0
750 0.977806788511749 0 0
751 0.97911227154047 0 0
752 0.980417754569191 0 0
753 0.981723237597911 0 0
754 0.983028720626632 0 0
755 0.984334203655353 0 0
756 0.985639686684073 0 0
757 0.986945169712794 0 0
758 0.988250652741514 0 0
759 0.989556135770235 0 0
760 0.990861618798956 0 0
761 0.992167101827676 0 0
762 0.993472584856397 0 0
763 0.994778067885117 0 0
764 0.996083550913838 0 0
765 0.997389033942559 0 0
766 0.998694516971279 0 0
767 1 0 0
