1 0 0 0
2 0.00048828125 0 0
3 0.0009765625 0 0
4 0.00146484375 0 0
5 0.001953125 0 0
6 0.00244140625 0 0
7 0.0029296875 0 0
8 0.00341796875 0 0
9 0.00390625 0 0
10 0.00439453125 0 0
11 0.0048828125 0 0
12 0.00537109375 0 0
13 0.005859375 0 0
14 0.00634765625 0 0
15 0.0068359375 0 0
16 0.00732421875 0 0
17 0.0078125 0 0
18 0.00830078125 0 0
19 0.0087890625 0 0
20 0.00927734375 0 0
21 0.009765625 0 0
22 0.01025390625 0 0
23 0.0107421875 0 0
24 0.01123046875 0 0
25 0.01171875 0 0
26 0.01220703125 0 0
27 0.0126953125 0 0
28 0.01318359375 0 0
29 0.013671875 0 0
30 0.01416015625 0 0
31 0.0146484375 0 0
32 0.01513671875 0 0
33 0.015625 0 0
34 0.01611328125 0 0
35 0.0166015625 0 0
36 0.01708984375 0 0
37 0.017578125 0 0
38 0.01806640625 0 0
39 0.0185546875 0 0
40 0.01904296875 0 0
41 0.01953125 0 0
42 0.02001953125 0 0
43 0.0205078125 0 0
44 0.02099609375 0 0
45 0.021484375 0 0
46 0.02197265625 0 0
47 0.0224609375 0 0
48 0.02294921875 0 0
49 0.0234375 0 0
50 0.02392578125 0 0
51 0.0244140625 0 0
52 0.02490234375 0 0
53 0.025390625 0 0
54 0.02587890625 0 0
55 0.0263671875 0 0
56 0.02685546875 0 0
57 0.02734375 0 0
58 0.02783203125 0 0
59 0.0283203125 0 0
60 0.02880859375 0 0
61 0.029296875 0 0
62 0.02978515625 0 0
63 0.0302734375 0 0
64 0.03076171875 0 0
65 0.03125 0 0
66 0.03173828125 0 0
67 0.0322265625 0 0
68 0.03271484375 0 0
69 0.033203125 0 0
70 0.03369140625 0 0
71 0.0341796875 0 0
72 0.03466796875 0 0
73 0.03515625 0 0
74 0.03564453125 0 0
75 0.0361328125 0 0
76 0.03662109375 0 0
77 0.037109375 0 0
78 0.03759765625 0 0
79 0.0380859375 0 0
80 0.03857421875 0 0
81 0.0390625 0 0
82 0.03955078125 0 0
83 0.0400390625 0 0
84 0.04052734375 0 0
85 0.041015625 0 0
86 0.04150390625 0 0
87 0.0419921875 0 0
88 0.04248046875 0 0
89 0.04296875 0 0
90 0.04345703125 0 0
91 0.0439453125 0 0
92 0.04443359375 0 0
93 0.044921875 0 0
94 0.04541015625 0 0
95 0.0458984375 0 0
96 0.04638671875 0 0
97 0.046875 0 0
98 0.04736328125 0 0
99 0.0478515625 0 0
100 0.04833984375 0 0
101 0.048828125 0 0
102 0.04931640625 0 0
103 0.0498046875 0 0
104 0.05029296875 0 0
105 0.05078125 0 0
106 0.05126953125 0 0
107 0.0517578125 0 0
108 0.05224609375 0 0
109 0.052734375 0 0
110 0.05322265625 0 0
111 0.0537109375 0 0
112 0.05419921875 0 0
113 0.0546875 0 0
114 0.05517578125 0 0
115 0.0556640625 0 0
116 0.05615234375 0 0
117 0.056640625 0 0
118 0.05712890625 0 0
119 0.0576171875 0 0
120 0.05810546875 0 0
121 0.05859375 0 0
122 0.05908203125 0 0
123 0.0595703125 0 0
124 0.06005859375 0 0
125 0.060546875 0 0
126 0.06103515625 0 0
127 0.0615234375 0 0
128 0.06201171875 0 0
129 0.0625 0 0
130 0.06298828125 0 0
131 0.0634765625 0 0
132 0.06396484375 0 0
133 0.064453125 0 0
134 0.06494140625 0 0
135 0.0654296875 0 0
136 0.06591796875 0 0
137 0.06640625 0 0
138 0.06689453125 0 0
139 0.0673828125 0 0
140 0.06787109375 0 0
141 0.068359375 0 0
142 0.06884765625 0 0
143 0.0693359375 0 0
144 0.06982421875 0 0
145 0.0703125 0 0
146 0.07080078125 0 0
147 0.0712890625 0 0
148 0.07177734375 0 0
149 0.072265625 0 0
150 0.07275390625 0 0
151 0.0732421875 0 0
152 0.07373046875 0 0
153 0.07421875 0 0
154 0.07470703125 0 0
155 0.0751953125 0 0
156 0.07568359375 0 0
157 0.076171875 0 0
158 0.07666015625 0 0
159 0.0771484375 0 0
160 0.07763671875 0 0
161 0.078125 0 0
162 0.07861328125 0 0
163 0.0791015625 0 0
164 0.07958984375 0 0
165 0.080078125 0 0
166 0.08056640625 0 0
167 0.0810546875 0 0
168 0.08154296875 0 0
169 0.08203125 0 0
170 0.08251953125 0 0
171 0.0830078125 0 0
172 0.08349609375 0 0
173 0.083984375 0 0
174 0.08447265625 0 0
175 0.0849609375 0 0
176 0.08544921875 0 0
177 0.0859375 0 0
178 0.08642578125 0 0
179 0.0869140625 0 0
180 0.08740234375 0 0
181 0.087890625 0 0
182 0.08837890625 0 0
183 0.0888671875 0 0
184 0.08935546875 0 0
185 0.08984375 0 0
186 0.09033203125 0 0
187 0.0908203125 0 0
188 0.09130859375 0 0
189 0.091796875 0 0
190 0.09228515625 0 0
191 0.0927734375 0 0
192 0.09326171875 0 0
193 0.09375 0 0
194 0.09423828125 0 0
195 0.0947265625 0 0
196 0.09521484375 0 0
197 0.095703125 0 0
198 0.09619140625 0 0
199 0.0966796875 0 0
200 0.09716796875 0 0
201 0.09765625 0 0
202 0.09814453125 0 0
203 0.0986328125 0 0
204 0.09912109375 0 0
205 0.099609375 0 0
206 0.10009765625 0 0
207 0.1005859375 0 0
208 0.10107421875 0 0
209 0.1015625 0 0
210 0.10205078125 0 0
211 0.1025390625 0 0
212 0.10302734375 0 0
213 0.103515625 0 0
214 0.10400390625 0 0
215 0.1044921875 0 0
216 0.10498046875 0 0
217 0.10546875 0 0
218 0.10595703125 0 0
219 0.1064453125 0 0
220 0.10693359375 0 0
221 0.107421875 0 0
222 0.10791015625 0 0
223 0.1083984375 0 0
224 0.10888671875 0 0
225 0.109375 0 0
226 0.10986328125 0 0
227 0.1103515625 0 0
228 0.11083984375 0 0
229 0.111328125 0 0
230 0.11181640625 0 0
231 0.1123046875 0 0
232 0.11279296875 0 0
233 0.11328125 0 0
234 0.11376953125 0 0
235 0.1142578125 0 0
236 0.11474609375 0 0
237 0.115234375 0 0
238 0.11572265625 0 0
239 0.1162109375 0 0
240 0.11669921875 0 0
241 0.1171875 0 0
242 0.11767578125 0 0
243 0.1181640625 0 0
244 0.11865234375 0 0
245 0.119140625 0 0
246 0.11962890625 0 0
247 0.1201171875 0 0
248 0.12060546875 0 0
249 0.12109375 0 0
250 0.12158203125 0 0
251 0.1220703125 0 0
252 0.12255859375 0 0
253 0.123046875 0 0
254 0.12353515625 0 0
255 0.1240234375 0 0
256 0.12451171875 0 0
257 0.125 0 0
258 0.12548828125 0 0
259 0.1259765625 0 0
260 0.12646484375 0 0
261 0.126953125 0 0
262 0.12744140625 0 0
263 0.1279296875 0 0
264 0.12841796875 0 0
265 0.12890625 0 0
266 0.12939453125 0 0
267 0.1298828125 0 0
268 0.13037109375 0 0
269 0.130859375 0 0
270 0.13134765625 0 0
271 0.1318359375 0 0
272 0.13232421875 0 0
273 0.1328125 0 0
274 0.13330078125 0 0
275 0.1337890625 0 0
276 0.13427734375 0 0
277 0.134765625 0 0
278 0.13525390625 0 0
279 0.1357421875 0 0
280 0.13623046875 0 0
281 0.13671875 0 0
282 0.13720703125 0 0
283 0.1376953125 0 0
284 0.13818359375 0 0
285 0.138671875 0 0
286 0.13916015625 0 0
287 0.1396484375 0 0
288 0.14013671875 0 0
289 0.140625 0 0
290 0.14111328125 0 0
291 0.1416015625 0 0
292 0.14208984375 0 0
293 0.142578125 0 0
294 0.14306640625 0 0
295 0.1435546875 0 0
296 0.14404296875 0 0
297 0.14453125 0 0
298 0.14501953125 0 0
299 0.1455078125 0 0
300 0.14599609375 0 0
301 0.146484375 0 0
302 0.14697265625 0 0
303 0.1474609375 0 0
304 0.14794921875 0 0
305 0.1484375 0 0
306 0.14892578125 0 0
307 0.1494140625 0 0
308 0.14990234375 0 0
309 0.150390625 0 0
310 0.15087890625 0 0
311 0.1513671875 0 0
312 0.15185546875 0 0
313 0.15234375 0 0
314 0.15283203125 0 0
315 0.1533203125 0 0
316 0.15380859375 0 0
317 0.154296875 0 0
318 0.15478515625 0 0
319 0.1552734375 0 0
320 0.15576171875 0 0
321 0.15625 0 0
322 0.15673828125 0 0
323 0.1572265625 0 0
324 0.15771484375 0 0
325 0.158203125 0 0
326 0.15869140625 0 0
327 0.1591796875 0 0
328 0.15966796875 0 0
329 0.16015625 0 0
330 0.16064453125 0 0
331 0.1611328125 0 0
332 0.16162109375 0 0
333 0.162109375 0 0
334 0.16259765625 0 0
335 0.1630859375 0 0
336 0.16357421875 0 0
337 0.1640625 0 0
338 0.16455078125 0 0
339 0.1650390625 0 0
340 0.16552734375 0 0
341 0.166015625 0 0
342 0.16650390625 0 0
343 0.1669921875 0 0
344 0.16748046875 0 0
345 0.16796875 0 0
346 0.16845703125 0 0
347 0.1689453125 0 0
348 0.16943359375 0 0
349 0.169921875 0 0
350 0.17041015625 0 0
351 0.1708984375 0 0
352 0.17138671875 0 0
353 0.171875 0 0
354 0.17236328125 0 0
355 0.1728515625 0 0
356 0.17333984375 0 0
357 0.173828125 0 0
358 0.17431640625 0 0
359 0.1748046875 0 0
360 0.17529296875 0 0
361 0.17578125 0 0
362 0.17626953125 0 0
363 0.1767578125 0 0
364 0.17724609375 0 0
365 0.177734375 0 0
366 0.17822265625 0 0
367 0.1787109375 0 0
368 0.17919921875 0 0
369 0.1796875 0 0
370 0.18017578125 0 0
371 0.1806640625 0 0
372 0.18115234375 0 0
373 0.181640625 0 0
374 0.18212890625 0 0
375 0.1826171875 0 0
376 0.18310546875 0 0
377 0.18359375 0 0
378 0.18408203125 0 0
379 0.1845703125 0 0
380 0.18505859375 0 0
381 0.185546875 0 0
382 0.18603515625 0 0
383 0.1865234375 0 0
384 0.18701171875 0 0
385 0.1875 0 0
386 0.18798828125 0 0
387 0.1884765625 0 0
388 0.18896484375 0 0
389 0.189453125 0 0
390 0.18994140625 0 0
391 0.1904296875 0 0
392 0.19091796875 0 0
393 0.19140625 0 0
394 0.19189453125 0 0
395 0.1923828125 0 0
396 0.19287109375 0 0
397 0.193359375 0 0
398 0.19384765625 0 0
399 0.1943359375 0 0
400 0.19482421875 0 0
401 0.1953125 0 0
402 0.19580078125 0 0
403 0.1962890625 0 0
404 0.19677734375 0 0
405 0.197265625 0 0
406 0.19775390625 0 0
407 0.1982421875 0 0
408 0.19873046875 0 0
409 0.19921875 0 0
410 0.19970703125 0 0
411 0.2001953125 0 0
412 0.20068359375 0 0
413 0.201171875 0 0
414 0.20166015625 0 0
415 0.2021484375 0 0
416 0.20263671875 0 0
417 0.203125 0 0
418 0.20361328125 0 0
419 0.2041015625 0 0
420 0.20458984375 0 0
421 0.205078125 0 0
422 0.20556640625 0 0
423 0.2060546875 0 0
424 0.20654296875 0 0
425 0.20703125 0 0
426 0.20751953125 0 0
427 0.2080078125 0 0
428 0.20849609375 0 0
429 0.208984375 0 0
430 0.20947265625 0 0
431 0.2099609375 0 0
432 0.21044921875 0 0
433 0.2109375 0 0
434 0.21142578125 0 0
435 0.2119140625 0 0
436 0.21240234375 0 0
437 0.212890625 0 0
438 0.21337890625 0 0
439 0.2138671875 0 0
440 0.21435546875 0 0
441 0.21484375 0 0
442 0.21533203125 0 0
443 0.2158203125 0 0
444 0.21630859375 0 0
445 0.216796875 0 0
446 0.21728515625 0 0
447 0.2177734375 0 0
448 0.21826171875 0 0
449 0.21875 0 0
450 0.21923828125 0 0
451 0.2197265625 0 0
452 0.22021484375 0 0
453 0.220703125 0 0
454 0.22119140625 0 0
455 0.2216796875 0 0
456 0.22216796875 0 0
457 0.22265625 0 0
458 0.22314453125 0 0
459 0.2236328125 0 0
460 0.22412109375 0 0
461 0.224609375 0 0
462 0.22509765625 0 0
463 0.2255859375 0 0
464 0.22607421875 0 0
465 0.2265625 0 0
466 0.22705078125 0 0
467 0.2275390625 0 0
468 0.22802734375 0 0
469 0.228515625 0 0
470 0.22900390625 0 0
471 0.2294921875 0 0
472 0.22998046875 0 0
473 0.23046875 0 0
474 0.23095703125 0 0
475 0.2314453125 0 0
476 0.23193359375 0 0
477 0.232421875 0 0
478 0.23291015625 0 0
479 0.2333984375 0 0
480 0.23388671875 0 0
481 0.234375 0 0
482 0.23486328125 0 0
483 0.2353515625 0 0
484 0.23583984375 0 0
485 0.236328125 0 0
486 0.23681640625 0 0
487 0.2373046875 0 0
488 0.23779296875 0 0
489 0.23828125 0 0
490 0.23876953125 0 0
491 0.2392578125 0 0
492 0.23974609375 0 0
493 0.240234375 0 0
494 0.24072265625 0 0
495 0.2412109375 0 0
496 0.24169921875 0 0
497 0.2421875 0 0
498 0.24267578125 0 0
499 0.2431640625 0 0
500 0.24365234375 0 0
501 0.244140625 0 0
502 0.24462890625 0 0
503 0.2451171875 0 0
504 0.24560546875 0 0
505 0.24609375 0 0
506 0.24658203125 0 0
507 0.2470703125 0 0
508 0.24755859375 0 0
509 0.248046875 0 0
510 0.24853515625 0 0
511 0.2490234375 0 0
512 0.24951171875 0 0
513 0.25 0 0
514 0.25048828125 0 0
515 0.2509765625 0 0
516 0.25146484375 0 0
517 0.251953125 0 0
518 0.25244140625 0 0
519 0.2529296875 0 0
520 0.25341796875 0 0
521 0.25390625 0 0
522 0.25439453125 0 0
523 0.2548828125 0 0
524 0.25537109375 0 0
525 0.255859375 0 0
526 0.25634765625 0 0
527 0.2568359375 0 0
528 0.25732421875 0 0
529 0.2578125 0 0
530 0.25830078125 0 0
531 0.2587890625 0 0
532 0.25927734375 0 0
533 0.259765625 0 0
534 0.26025390625 0 0
535 0.2607421875 0 0
536 0.26123046875 0 0
537 0.26171875 0 0
538 0.26220703125 0 0
539 0.2626953125 0 0
540 0.26318359375 0 0
541 0.263671875 0 0
542 0.26416015625 0 0
543 0.2646484375 0 0
544 0.26513671875 0 0
545 0.265625 0 0
546 0.26611328125 0 0
547 0.2666015625 0 0
548 0.26708984375 0 0
549 0.267578125 0 0
550 0.26806640625 0 0
551 0.2685546875 0 0
552 0.26904296875 0 0
553 0.26953125 0 0
554 0.27001953125 0 0
555 0.2705078125 0 0
556 0.27099609375 0 0
557 0.271484375 0 0
558 0.27197265625 0 0
559 0.2724609375 0 0
560 0.27294921875 0 0
561 0.2734375 0 0
562 0.27392578125 0 0
563 0.2744140625 0 0
564 0.27490234375 0 0
565 0.275390625 0 0
566 0.27587890625 0 0
567 0.2763671875 0 0
568 0.27685546875 0 0
569 0.27734375 0 0
570 0.27783203125 0 0
571 0.2783203125 0 0
572 0.27880859375 0 0
573 0.279296875 0 0
574 0.27978515625 0 0
575 0.2802734375 0 0
576 0.28076171875 0 0
577 0.28125 0 0
578 0.28173828125 0 0
579 0.2822265625 0 0
580 0.28271484375 0 0
581 0.283203125 0 0
582 0.28369140625 0 0
583 0.2841796875 0 0
584 0.28466796875 0 0
585 0.28515625 0 0
586 0.28564453125 0 0
587 0.2861328125 0 0
588 0.28662109375 0 0
589 0.287109375 0 0
590 0.28759765625 0 0
591 0.2880859375 0 0
592 0.28857421875 0 0
593 0.2890625 0 0
594 0.28955078125 0 0
595 0.2900390625 0 0
596 0.29052734375 0 0
597 0.291015625 0 0
598 0.29150390625 0 0
599 0.2919921875 0 0
600 0.29248046875 0 0
601 0.29296875 0 0
602 0.29345703125 0 0
603 0.2939453125 0 0
604 0.29443359375 0 0
605 0.294921875 0 0
606 0.29541015625 0 0
607 0.2958984375 0 0
608 0.29638671875 0 0
609 0.296875 0 0
610 0.29736328125 0 0
611 0.2978515625 0 0
612 0.29833984375 0 0
613 0.298828125 0 0
614 0.29931640625 0 0
615 0.2998046875 0 0
616 0.30029296875 0 0
617 0.30078125 0 0
618 0.30126953125 0 0
619 0.3017578125 0 0
620 0.30224609375 0 0
621 0.302734375 0 0
622 0.30322265625 0 0
623 0.3037109375 0 0
624 0.30419921875 0 0
625 0.3046875 0 0
626 0.30517578125 0 0
627 0.3056640625 0 0
628 0.30615234375 0 0
629 0.306640625 0 0
630 0.30712890625 0 0
631 0.3076171875 0 0
632 0.30810546875 0 0
633 0.30859375 0 0
634 0.30908203125 0 0
635 0.3095703125 0 0
636 0.31005859375 0 0
637 0.310546875 0 0
638 0.31103515625 0 0
639 0.3115234375 0 0
640 0.31201171875 0 0
641 0.3125 0 0
642 0.31298828125 0 0
643 0.3134765625 0 0
644 0.31396484375 0 0
645 0.314453125 0 0
646 0.31494140625 0 0
647 0.3154296875 0 0
648 0.31591796875 0 0
649 0.31640625 0 0
650 0.31689453125 0 0
651 0.3173828125 0 0
652 0.31787109375 0 0
653 0.318359375 0 0
654 0.31884765625 0 0
655 0.3193359375 0 0
656 0.31982421875 0 0
657 0.3203125 0 0
658 0.32080078125 0 0
659 0.3212890625 0 0
660 0.32177734375 0 0
661 0.322265625 0 0
662 0.32275390625 0 0
663 0.3232421875 0 0
664 0.32373046875 0 0
665 0.32421875 0 0
666 0.32470703125 0 0
667 0.3251953125 0 0
668 0.32568359375 0 0
669 0.326171875 0 0
670 0.32666015625 0 0
671 0.3271484375 0 0
672 0.32763671875 0 0
673 0.328125 0 0
674 0.32861328125 0 0
675 0.3291015625 0 0
676 0.32958984375 0 0
677 0.330078125 0 0
678 0.33056640625 0 0
679 0.3310546875 0 0
680 0.33154296875 0 0
681 0.33203125 0 0
682 0.33251953125 0 0
683 0.3330078125 0 0
684 0.33349609375 0 0
685 0.333984375 0 0
686 0.33447265625 0 0
687 0.3349609375 0 0
688 0.33544921875 0 0
689 0.3359375 0 0
690 0.33642578125 0 0
691 0.3369140625 0 0
692 0.33740234375 0 0
693 0.337890625 0 0
694 0.33837890625 0 0
695 0.3388671875 0 0
696 0.33935546875 0 0
697 0.33984375 0 0
698 0.34033203125 0 0
699 0.3408203125 0 0
700 0.34130859375 0 0
701 0.341796875 0 0
702 0.34228515625 0 0
703 0.3427734375 0 0
704 0.34326171875 0 0
705 0.34375 0 0
706 0.34423828125 0 0
707 0.3447265625 0 0
708 0.34521484375 0 0
709 0.345703125 0 0
710 0.34619140625 0 0
711 0.3466796875 0 0
712 0.34716796875 0 0
713 0.34765625 0 0
714 0.34814453125 0 0
715 0.3486328125 0 0
716 0.34912109375 0 0
717 0.349609375 0 0
718 0.35009765625 0 0
719 0.3505859375 0 0
720 0.35107421875 0 0
721 0.3515625 0 0
722 0.35205078125 0 0
723 0.3525390625 0 0
724 0.35302734375 0 0
725 0.353515625 0 0
726 0.35400390625 0 0
727 0.3544921875 0 0
728 0.35498046875 0 0
729 0.35546875 0 0
730 0.35595703125 0 0
731 0.3564453125 0 0
732 0.35693359375 0 0
733 0.357421875 0 0
734 0.35791015625 0 0
735 0.3583984375 0 0
736 0.35888671875 0 0
737 0.359375 0 0
738 0.35986328125 0 0
739 0.3603515625 0 0
740 0.36083984375 0 0
741 0.361328125 0 0
742 0.36181640625 0 0
743 0.3623046875 0 0
744 0.36279296875 0 0
745 0.36328125 0 0
746 0.36376953125 0 0
747 0.3642578125 0 0
748 0.36474609375 0 0
749 0.365234375 0 0
750 0.36572265625 0 0
751 0.3662109375 0 0
752 0.36669921875 0 0
753 0.3671875 0 0
754 0.36767578125 0 0
755 0.3681640625 0 0
756 0.36865234375 0 0
757 0.369140625 0 0
758 0.36962890625 0 0
759 0.3701171875 0 0
760 0.37060546875 0 0
761 0.37109375 0 0
762 0.37158203125 0 0
763 0.3720703125 0 0
764 0.37255859375 0 0
765 0.373046875 0 0
766 0.37353515625 0 0
767 0.3740234375 0 0
768 0.37451171875 0 0
769 0.375 0 0
770 0.37548828125 0 0
771 0.3759765625 0 0
772 0.37646484375 0 0
773 0.376953125 0 0
774 0.37744140625 0 0
775 0.3779296875 0 0
776 0.37841796875 0 0
777 0.37890625 0 0
778 0.37939453125 0 0
779 0.3798828125 0 0
780 0.38037109375 0 0
781 0.380859375 0 0
782 0.38134765625 0 0
783 0.3818359375 0 0
784 0.38232421875 0 0
785 0.3828125 0 0
786 0.38330078125 0 0
787 0.3837890625 0 0
788 0.38427734375 0 0
789 0.384765625 0 0
790 0.38525390625 0 0
791 0.3857421875 0 0
792 0.38623046875 0 0
793 0.38671875 0 0
794 0.38720703125 0 0
795 0.3876953125 0 0
796 0.38818359375 0 0
797 0.388671875 0 0
798 0.38916015625 0 0
799 0.3896484375 0 0
800 0.39013671875 0 0
801 0.390625 0 0
802 0.39111328125 0 0
803 0.3916015625 0 0
804 0.39208984375 0 0
805 0.392578125 0 0
806 0.39306640625 0 0
807 0.3935546875 0 0
808 0.39404296875 0 0
809 0.39453125 0 0
810 0.39501953125 0 0
811 0.3955078125 0 0
812 0.39599609375 0 0
813 0.396484375 0 0
814 0.39697265625 0 0
815 0.3974609375 0 0
816 0.39794921875 0 0
817 0.3984375 0 0
818 0.39892578125 0 0
819 0.3994140625 0 0
820 0.39990234375 0 0
821 0.400390625 0 0
822 0.40087890625 0 0
823 0.4013671875 0 0
824 0.40185546875 0 0
825 0.40234375 0 0
826 0.40283203125 0 0
827 0.4033203125 0 0
828 0.40380859375 0 0
829 0.404296875 0 0
830 0.40478515625 0 0
831 0.4052734375 0 0
832 0.40576171875 0 0
833 0.40625 0 0
834 0.40673828125 0 0
835 0.4072265625 0 0
836 0.40771484375 0 0
837 0.408203125 0 0
838 0.40869140625 0 0
839 0.4091796875 0 0
840 0.40966796875 0 0
841 0.41015625 0 0
842 0.41064453125 0 0
843 0.4111328125 0 0
844 0.41162109375 0 0
845 0.412109375 0 0
846 0.41259765625 0 0
847 0.4130859375 0 0
848 0.41357421875 0 0
849 0.4140625 0 0
850 0.41455078125 0 0
851 0.4150390625 0 0
852 0.41552734375 0 0
853 0.416015625 0 0
854 0.41650390625 0 0
855 0.4169921875 0 0
856 0.41748046875 0 0
857 0.41796875 0 0
858 0.41845703125 0 0
859 0.4189453125 0 0
860 0.41943359375 0 0
861 0.419921875 0 0
862 0.42041015625 0 0
863 0.4208984375 0 0
864 0.42138671875 0 0
865 0.421875 0 0
866 0.42236328125 0 0
867 0.4228515625 0 0
868 0.42333984375 0 0
869 0.423828125 0 0
870 0.42431640625 0 0
871 0.4248046875 0 0
872 0.42529296875 0 0
873 0.42578125 0 0
874 0.42626953125 0 0
875 0.4267578125 0 0
876 0.42724609375 0 0
877 0.427734375 0 0
878 0.42822265625 0 0
879 0.4287109375 0 0
880 0.42919921875 0 0
881 0.4296875 0 0
882 0.43017578125 0 0
883 0.4306640625 0 0
884 0.43115234375 0 0
885 0.431640625 0 0
886 0.43212890625 0 0
887 0.4326171875 0 0
888 0.43310546875 0 0
889 0.43359375 0 0
890 0.43408203125 0 0
891 0.4345703125 0 0
892 0.43505859375 0 0
893 0.435546875 0 0
894 0.43603515625 0 0
895 0.4365234375 0 0
896 0.43701171875 0 0
897 0.4375 0 0
898 0.43798828125 0 0
899 0.4384765625 0 0
900 0.43896484375 0 0
901 0.439453125 0 0
902 0.43994140625 0 0
903 0.4404296875 0 0
904 0.44091796875 0 0
905 0.44140625 0 0
906 0.44189453125 0 0
907 0.4423828125 0 0
908 0.44287109375 0 0
909 0.443359375 0 0
910 0.44384765625 0 0
911 0.4443359375 0 0
912 0.44482421875 0 0
913 0.4453125 0 0
914 0.44580078125 0 0
915 0.4462890625 0 0
916 0.44677734375 0 0
917 0.447265625 0 0
918 0.44775390625 0 0
919 0.4482421875 0 0
920 0.44873046875 0 0
921 0.44921875 0 0
922 0.44970703125 0 0
923 0.4501953125 0 0
924 0.45068359375 0 0
925 0.451171875 0 0
926 0.45166015625 0 0
927 0.4521484375 0 0
928 0.45263671875 0 0
929 0.453125 0 0
930 0.45361328125 0 0
931 0.4541015625 0 0
932 0.45458984375 0 0
933 0.455078125 0 0
934 0.45556640625 0 0
935 0.4560546875 0 0
936 0.45654296875 0 0
937 0.45703125 0 0
938 0.45751953125 0 0
939 0.4580078125 0 0
940 0.45849609375 0 0
941 0.458984375 0 0
942 0.45947265625 0 0
943 0.4599609375 0 0
944 0.46044921875 0 0
945 0.4609375 0 0
946 0.46142578125 0 0
947 0.4619140625 0 0
948 0.46240234375 0 0
949 0.462890625 0 0
950 0.46337890625 0 0
951 0.4638671875 0 0
952 0.46435546875 0 0
953 0.46484375 0 0
954 0.46533203125 0 0
955 0.4658203125 0 0
956 0.46630859375 0 0
957 0.466796875 0 0
958 0.46728515625 0 0
959 0.4677734375 0 0
960 0.46826171875 0 0
961 0.46875 0 0
962 0.46923828125 0 0
963 0.4697265625 0 0
964 0.47021484375 0 0
965 0.470703125 0 0
966 0.47119140625 0 0
967 0.4716796875 0 0
968 0.47216796875 0 0
969 0.47265625 0 0
970 0.47314453125 0 0
971 0.4736328125 0 0
972 0.47412109375 0 0
973 0.474609375 0 0
974 0.47509765625 0 0
975 0.4755859375 0 0
976 0.47607421875 0 0
977 0.4765625 0 0
978 0.47705078125 0 0
979 0.4775390625 0 0
980 0.47802734375 0 0
981 0.478515625 0 0
982 0.47900390625 0 0
983 0.4794921875 0 0
984 0.47998046875 0 0
985 0.48046875 0 0
986 0.48095703125 0 0
987 0.4814453125 0 0
988 0.48193359375 0 0
989 0.482421875 0 0
990 0.48291015625 0 0
991 0.4833984375 0 0
992 0.48388671875 0 0
993 0.484375 0 0
994 0.48486328125 0 0
995 0.4853515625 0 0
996 0.48583984375 0 0
997 0.486328125 0 0
998 0.48681640625 0 0
999 0.4873046875 0 0
1000 0.48779296875 0 0
1001 0.48828125 0 0
1002 0.48876953125 0 0
1003 0.4892578125 0 0
1004 0.48974609375 0 0
1005 0.490234375 0 0
1006 0.49072265625 0 0
1007 0.4912109375 0 0
1008 0.49169921875 0 0
1009 0.4921875 0 0
1010 0.49267578125 0 0
1011 0.4931640625 0 0
1012 0.49365234375 0 0
1013 0.494140625 0 0
1014 0.49462890625 0 0
1015 0.4951171875 0 0
1016 0.49560546875 0 0
1017 0.49609375 0 0
1018 0.49658203125 0 0
1019 0.4970703125 0 0
1020 0.49755859375 0 0
1021 0.498046875 0 0
1022 0.49853515625 0 0
1023 0.4990234375 0 0
1024 0.49951171875 0 0
1025 0.5 0 0
1026 0.50048828125 0 0
1027 0.5009765625 0 0
1028 0.50146484375 0 0
1029 0.501953125 0 0
1030 0.50244140625 0 0
1031 0.5029296875 0 0
1032 0.50341796875 0 0
1033 0.50390625 0 0
1034 0.50439453125 0 0
1035 0.5048828125 0 0
1036 0.50537109375 0 0
1037 0.505859375 0 0
1038 0.50634765625 0 0
1039 0.5068359375 0 0
1040 0.50732421875 0 0
1041 0.5078125 0 0
1042 0.50830078125 0 0
1043 0.5087890625 0 0
1044 0.50927734375 0 0
1045 0.509765625 0 0
1046 0.51025390625 0 0
1047 0.5107421875 0 0
1048 0.51123046875 0 0
1049 0.51171875 0 0
1050 0.51220703125 0 0
1051 0.5126953125 0 0
1052 0.51318359375 0 0
1053 0.513671875 0 0
1054 0.51416015625 0 0
1055 0.5146484375 0 0
1056 0.51513671875 0 0
1057 0.515625 0 0
1058 0.51611328125 0 0
1059 0.5166015625 0 0
1060 0.51708984375 0 0
1061 0.517578125 0 0
1062 0.51806640625 0 0
1063 0.5185546875 0 0
1064 0.51904296875 0 0
1065 0.51953125 0 0
1066 0.52001953125 0 0
1067 0.5205078125 0 0
1068 0.52099609375 0 0
1069 0.521484375 0 0
1070 0.52197265625 0 0
1071 0.5224609375 0 0
1072 0.52294921875 0 0
1073 0.5234375 0 0
1074 0.52392578125 0 0
1075 0.5244140625 0 0
1076 0.52490234375 0 0
1077 0.525390625 0 0
1078 0.52587890625 0 0
1079 0.5263671875 0 0
1080 0.52685546875 0 0
1081 0.52734375 0 0
1082 0.52783203125 0 0
1083 0.5283203125 0 0
1084 0.52880859375 0 0
1085 0.529296875 0 0
1086 0.52978515625 0 0
1087 0.5302734375 0 0
1088 0.53076171875 0 0
1089 0.53125 0 0
1090 0.53173828125 0 0
1091 0.5322265625 0 0
1092 0.53271484375 0 0
1093 0.533203125 0 0
1094 0.53369140625 0 0
1095 0.5341796875 0 0
1096 0.53466796875 0 0
1097 0.53515625 0 0
1098 0.53564453125 0 0
1099 0.5361328125 0 0
1100 0.53662109375 0 0
1101 0.537109375 0 0
1102 0.53759765625 0 0
1103 0.5380859375 0 0
1104 0.53857421875 0 0
1105 0.5390625 0 0
1106 0.53955078125 0 0
1107 0.5400390625 0 0
1108 0.54052734375 0 0
1109 0.541015625 0 0
1110 0.54150390625 0 0
1111 0.5419921875 0 0
1112 0.54248046875 0 0
1113 0.54296875 0 0
1114 0.54345703125 0 0
1115 0.5439453125 0 0
1116 0.54443359375 0 0
1117 0.544921875 0 0
1118 0.54541015625 0 0
1119 0.5458984375 0 0
1120 0.54638671875 0 0
1121 0.546875 0 0
1122 0.54736328125 0 0
1123 0.5478515625 0 0
1124 0.54833984375 0 0
1125 0.548828125 0 0
1126 0.54931640625 0 0
1127 0.5498046875 0 0
1128 0.55029296875 0 0
1129 0.55078125 0 0
1130 0.55126953125 0 0
1131 0.5517578125 0 0
1132 0.55224609375 0 0
1133 0.552734375 0 0
1134 0.55322265625 0 0
1135 0.5537109375 0 0
1136 0.55419921875 0 0
1137 0.5546875 0 0
1138 0.55517578125 0 0
1139 0.5556640625 0 0
1140 0.55615234375 0 0
1141 0.556640625 0 0
1142 0.55712890625 0 0
1143 0.5576171875 0 0
1144 0.55810546875 0 0
1145 0.55859375 0 0
1146 0.55908203125 0 0
1147 0.5595703125 0 0
1148 0.56005859375 0 0
1149 0.560546875 0 0
1150 0.56103515625 0 0
1151 0.5615234375 0 0
1152 0.56201171875 0 0
1153 0.5625 0 0
1154 0.56298828125 0 0
1155 0.5634765625 0 0
1156 0.56396484375 0 0
1157 0.564453125 0 0
1158 0.56494140625 0 0
1159 0.5654296875 0 0
1160 0.56591796875 0 0
1161 0.56640625 0 0
1162 0.56689453125 0 0
1163 0.5673828125 0 0
1164 0.56787109375 0 0
1165 0.568359375 0 0
1166 0.56884765625 0 0
1167 0.5693359375 0 0
1168 0.56982421875 0 0
1169 0.5703125 0 0
1170 0.57080078125 0 0
1171 0.5712890625 0 0
1172 0.57177734375 0 0
1173 0.572265625 0 0
1174 0.57275390625 0 0
1175 0.5732421875 0 0
1176 0.57373046875 0 0
1177 0.57421875 0 0
1178 0.57470703125 0 0
1179 0.5751953125 0 0
1180 0.57568359375 0 0
1181 0.576171875 0 0
1182 0.57666015625 0 0
1183 0.5771484375 0 0
1184 0.57763671875 0 0
1185 0.578125 0 0
1186 0.57861328125 0 0
1187 0.5791015625 0 0
1188 0.57958984375 0 0
1189 0.580078125 0 0
1190 0.58056640625 0 0
1191 0.5810546875 0 0
1192 0.58154296875 0 0
1193 0.58203125 0 0
1194 0.58251953125 0 0
1195 0.5830078125 0 0
1196 0.58349609375 0 0
1197 0.583984375 0 0
1198 0.58447265625 0 0
1199 0.5849609375 0 0
1200 0.58544921875 0 0
1201 0.5859375 0 0
1202 0.58642578125 0 0
1203 0.5869140625 0 0
1204 0.58740234375 0 0
1205 0.587890625 0 0
1206 0.58837890625 0 0
1207 0.5888671875 0 0
1208 0.58935546875 0 0
1209 0.58984375 0 0
1210 0.59033203125 0 0
1211 0.5908203125 0 0
1212 0.59130859375 0 0
1213 0.591796875 0 0
1214 0.59228515625 0 0
1215 0.5927734375 0 0
1216 0.59326171875 0 0
1217 0.59375 0 0
1218 0.59423828125 0 0
1219 0.5947265625 0 0
1220 0.59521484375 0 0
1221 0.595703125 0 0
1222 0.59619140625 0 0
1223 0.5966796875 0 0
1224 0.59716796875 0 0
1225 0.59765625 0 0
1226 0.59814453125 0 0
1227 0.5986328125 0 0
1228 0.59912109375 0 0
1229 0.599609375 0 0
1230 0.60009765625 0 0
1231 0.6005859375 0 0
1232 0.60107421875 0 0
1233 0.6015625 0 0
1234 0.60205078125 0 0
1235 0.6025390625 0 0
1236 0.60302734375 0 0
1237 0.603515625 0 0
1238 0.60400390625 0 0
1239 0.6044921875 0 0
1240 0.60498046875 0 0
1241 0.60546875 0 0
1242 0.60595703125 0 0
1243 0.6064453125 0 0
1244 0.60693359375 0 0
1245 0.607421875 0 0
1246 0.60791015625 0 0
1247 0.6083984375 0 0
1248 0.60888671875 0 0
1249 0.609375 0 0
1250 0.60986328125 0 0
1251 0.6103515625 0 0
1252 0.61083984375 0 0
1253 0.611328125 0 0
1254 0.61181640625 0 0
1255 0.6123046875 0 0
1256 0.61279296875 0 0
1257 0.61328125 0 0
1258 0.61376953125 0 0
1259 0.6142578125 0 0
1260 0.61474609375 0 0
1261 0.615234375 0 0
1262 0.61572265625 0 0
1263 0.6162109375 0 0
1264 0.61669921875 0 0
1265 0.6171875 0 0
1266 0.61767578125 0 0
1267 0.6181640625 0 0
1268 0.61865234375 0 0
1269 0.619140625 0 0
1270 0.61962890625 0 0
1271 0.6201171875 0 0
1272 0.62060546875 0 0
1273 0.62109375 0 0
1274 0.62158203125 0 0
1275 0.6220703125 0 0
1276 0.62255859375 0 0
1277 0.623046875 0 0
1278 0.62353515625 0 0
1279 0.6240234375 0 0
1280 0.62451171875 0 0
1281 0.625 0 0
1282 0.62548828125 0 0
1283 0.6259765625 0 0
1284 0.62646484375 0 0
1285 0.626953125 0 0
1286 0.62744140625 0 0
1287 0.6279296875 0 0
1288 0.62841796875 0 0
1289 0.62890625 0 0
1290 0.62939453125 0 0
1291 0.6298828125 0 0
1292 0.63037109375 0 0
1293 0.630859375 0 0
1294 0.63134765625 0 0
1295 0.6318359375 0 0
1296 0.63232421875 0 0
1297 0.6328125 0 0
1298 0.63330078125 0 0
1299 0.6337890625 0 0
1300 0.63427734375 0 0
1301 0.634765625 0 0
1302 0.63525390625 0 0
1303 0.6357421875 0 0
1304 0.63623046875 0 0
1305 0.63671875 0 0
1306 0.63720703125 0 0
1307 0.6376953125 0 0
1308 0.63818359375 0 0
1309 0.638671875 0 0
1310 0.63916015625 0 0
1311 0.6396484375 0 0
1312 0.64013671875 0 0
1313 0.640625 0 0
1314 0.64111328125 0 0
1315 0.6416015625 0 0
1316 0.64208984375 0 0
1317 0.642578125 0 0
1318 0.64306640625 0 0
1319 0.6435546875 0 0
1320 0.64404296875 0 0
1321 0.64453125 0 0
1322 0.64501953125 0 0
1323 0.6455078125 0 0
1324 0.64599609375 0 0
1325 0.646484375 0 0
1326 0.64697265625 0 0
1327 0.6474609375 0 0
1328 0.64794921875 0 0
1329 0.6484375 0 0
1330 0.64892578125 0 0
1331 0.6494140625 0 0
1332 0.64990234375 0 0
1333 0.650390625 0 0
1334 0.65087890625 0 0
1335 0.6513671875 0 0
1336 0.65185546875 0 0
1337 0.65234375 0 0
1338 0.65283203125 0 0
1339 0.6533203125 0 0
1340 0.65380859375 0 0
1341 0.654296875 0 0
1342 0.65478515625 0 0
1343 0.6552734375 0 0
1344 0.65576171875 0 0
1345 0.65625 0 0
1346 0.65673828125 0 0
1347 0.6572265625 0 0
1348 0.65771484375 0 0
1349 0.658203125 0 0
1350 0.65869140625 0 0
1351 0.6591796875 0 0
1352 0.65966796875 0 0
1353 0.66015625 0 0
1354 0.66064453125 0 0
1355 0.6611328125 0 0
1356 0.66162109375 0 0
1357 0.662109375 0 0
1358 0.66259765625 0 0
1359 0.6630859375 0 0
1360 0.66357421875 0 0
1361 0.6640625 0 0
1362 0.66455078125 0 0
1363 0.6650390625 0 0
1364 0.66552734375 0 0
1365 0.666015625 0 0
1366 0.66650390625 0 0
1367 0.6669921875 0 0
1368 0.66748046875 0 0
1369 0.66796875 0 0
1370 0.66845703125 0 0
1371 0.6689453125 0 0
1372 0.66943359375 0 0
1373 0.669921875 0 0
1374 0.67041015625 0 0
1375 0.6708984375 0 0
1376 0.67138671875 0 0
1377 0.671875 0 0
1378 0.67236328125 0 0
1379 0.6728515625 0 0
1380 0.67333984375 0 0
1381 0.673828125 0 0
1382 0.67431640625 0 0
1383 0.6748046875 0 0
1384 0.67529296875 0 0
1385 0.67578125 0 0
1386 0.67626953125 0 0
1387 0.6767578125 0 0
1388 0.67724609375 0 0
1389 0.677734375 0 0
1390 0.67822265625 0 0
1391 0.6787109375 0 0
1392 0.67919921875 0 0
1393 0.6796875 0 0
1394 0.68017578125 0 0
1395 0.6806640625 0 0
1396 0.68115234375 0 0
1397 0.681640625 0 0
1398 0.68212890625 0 0
1399 0.6826171875 0 0
1400 0.68310546875 0 0
1401 0.68359375 0 0
1402 0.68408203125 0 0
1403 0.6845703125 0 0
1404 0.68505859375 0 0
1405 0.685546875 0 0
1406 0.68603515625 0 0
1407 0.6865234375 0 0
1408 0.68701171875 0 0
1409 0.6875 0 0
1410 0.68798828125 0 0
1411 0.6884765625 0 0
1412 0.68896484375 0 0
1413 0.689453125 0 0
1414 0.68994140625 0 0
1415 0.6904296875 0 0
1416 0.69091796875 0 0
1417 0.69140625 0 0
1418 0.69189453125 0 0
1419 0.6923828125 0 0
1420 0.69287109375 0 0
1421 0.693359375 0 0
1422 0.69384765625 0 0
1423 0.6943359375 0 0
1424 0.69482421875 0 0
1425 0.6953125 0 0
1426 0.69580078125 0 0
1427 0.6962890625 0 0
1428 0.69677734375 0 0
1429 0.697265625 0 0
1430 0.69775390625 0 0
1431 0.6982421875 0 0
1432 0.69873046875 0 0
1433 0.69921875 0 0
1434 0.69970703125 0 0
1435 0.7001953125 0 0
1436 0.70068359375 0 0
1437 0.701171875 0 0
1438 0.70166015625 0 0
1439 0.7021484375 0 0
1440 0.70263671875 0 0
1441 0.703125 0 0
1442 0.70361328125 0 0
1443 0.7041015625 0 0
1444 0.70458984375 0 0
1445 0.705078125 0 0
1446 0.70556640625 0 0
1447 0.7060546875 0 0
1448 0.70654296875 0 0
1449 0.70703125 0 0
1450 0.70751953125 0 0
1451 0.7080078125 0 0
1452 0.70849609375 0 0
1453 0.708984375 0 0
1454 0.70947265625 0 0
1455 0.7099609375 0 0
1456 0.71044921875 0 0
1457 0.7109375 0 0
1458 0.71142578125 0 0
1459 0.7119140625 0 0
1460 0.71240234375 0 0
1461 0.712890625 0 0
1462 0.71337890625 0 0
1463 0.7138671875 0 0
1464 0.71435546875 0 0
1465 0.71484375 0 0
1466 0.71533203125 0 0
1467 0.7158203125 0 0
1468 0.71630859375 0 0
1469 0.716796875 0 0
1470 0.71728515625 0 0
1471 0.7177734375 0 0
1472 0.71826171875 0 0
1473 0.71875 0 0
1474 0.71923828125 0 0
1475 0.7197265625 0 0
1476 0.72021484375 0 0
1477 0.720703125 0 0
1478 0.72119140625 0 0
1479 0.7216796875 0 0
1480 0.72216796875 0 0
1481 0.72265625 0 0
1482 0.72314453125 0 0
1483 0.7236328125 0 0
1484 0.72412109375 0 0
1485 0.724609375 0 0
1486 0.72509765625 0 0
1487 0.7255859375 0 0
1488 0.72607421875 0 0
1489 0.7265625 0 0
1490 0.72705078125 0 0
1491 0.7275390625 0 0
1492 0.72802734375 0 0
1493 0.728515625 0 0
1494 0.72900390625 0 0
1495 0.7294921875 0 0
1496 0.72998046875 0 0
1497 0.73046875 0 0
1498 0.73095703125 0 0
1499 0.7314453125 0 0
1500 0.73193359375 0 0
1501 0.732421875 0 0
1502 0.73291015625 0 0
1503 0.7333984375 0 0
1504 0.73388671875 0 0
1505 0.734375 0 0
1506 0.73486328125 0 0
1507 0.7353515625 0 0
1508 0.73583984375 0 0
1509 0.736328125 0 0
1510 0.73681640625 0 0
1511 0.7373046875 0 0
1512 0.73779296875 0 0
1513 0.73828125 0 0
1514 0.73876953125 0 0
1515 0.7392578125 0 0
1516 0.73974609375 0 0
1517 0.740234375 0 0
1518 0.74072265625 0 0
1519 0.7412109375 0 0
1520 0.74169921875 0 0
1521 0.7421875 0 0
1522 0.74267578125 0 0
1523 0.7431640625 0 0
1524 0.74365234375 0 0
1525 0.744140625 0 0
1526 0.74462890625 0 0
1527 0.7451171875 0 0
1528 0.74560546875 0 0
1529 0.74609375 0 0
1530 0.74658203125 0 0
1531 0.7470703125 0 0
1532 0.74755859375 0 0
1533 0.748046875 0 0
1534 0.74853515625 0 0
1535 0.7490234375 0 0
1536 0.74951171875 0 0
1537 0.75 0 0
1538 0.75048828125 0 0
1539 0.7509765625 0 0
1540 0.75146484375 0 0
1541 0.751953125 0 0
1542 0.75244140625 0 0
1543 0.7529296875 0 0
1544 0.75341796875 0 0
1545 0.75390625 0 0
1546 0.75439453125 0 0
1547 0.7548828125 0 0
1548 0.75537109375 0 0
1549 0.755859375 0 0
1550 0.75634765625 0 0
1551 0.7568359375 0 0
1552 0.75732421875 0 0
1553 0.7578125 0 0
1554 0.75830078125 0 0
1555 0.7587890625 0 0
1556 0.75927734375 0 0
1557 0.759765625 0 0
1558 0.76025390625 0 0
1559 0.7607421875 0 0
1560 0.76123046875 0 0
1561 0.76171875 0 0
1562 0.76220703125 0 0
1563 0.7626953125 0 0
1564 0.76318359375 0 0
1565 0.763671875 0 0
1566 0.76416015625 0 0
1567 0.7646484375 0 0
1568 0.76513671875 0 0
1569 0.765625 0 0
1570 0.76611328125 0 0
1571 0.7666015625 0 0
1572 0.76708984375 0 0
1573 0.767578125 0 0
1574 0.76806640625 0 0
1575 0.7685546875 0 0
1576 0.76904296875 0 0
1577 0.76953125 0 0
1578 0.77001953125 0 0
1579 0.7705078125 0 0
1580 0.77099609375 0 0
1581 0.771484375 0 0
1582 0.77197265625 0 0
1583 0.7724609375 0 0
1584 0.77294921875 0 0
1585 0.7734375 0 0
1586 0.77392578125 0 0
1587 0.7744140625 0 0
1588 0.77490234375 0 0
1589 0.775390625 0 0
1590 0.77587890625 0 0
1591 0.7763671875 0 0
1592 0.77685546875 0 0
1593 0.77734375 0 0
1594 0.77783203125 0 0
1595 0.7783203125 0 0
1596 0.77880859375 0 0
1597 0.779296875 0 0
1598 0.77978515625 0 0
1599 0.7802734375 0 0
1600 0.78076171875 0 0
1601 0.78125 0 0
1602 0.78173828125 0 0
1603 0.7822265625 0 0
1604 0.78271484375 0 0
1605 0.783203125 0 0
1606 0.78369140625 0 0
1607 0.7841796875 0 0
1608 0.78466796875 0 0
1609 0.78515625 0 0
1610 0.78564453125 0 0
1611 0.7861328125 0 0
1612 0.78662109375 0 0
1613 0.787109375 0 0
1614 0.78759765625 0 0
1615 0.7880859375 0 0
1616 0.78857421875 0 0
1617 0.7890625 0 0
1618 0.78955078125 0 0
1619 0.7900390625 0 0
1620 0.79052734375 0 0
1621 0.791015625 0 0
1622 0.79150390625 0 0
1623 0.7919921875 0 0
1624 0.79248046875 0 0
1625 0.79296875 0 0
1626 0.79345703125 0 0
1627 0.7939453125 0 0
1628 0.79443359375 0 0
1629 0.794921875 0 0
1630 0.79541015625 0 0
1631 0.7958984375 0 0
1632 0.79638671875 0 0
1633 0.796875 0 0
1634 0.79736328125 0 0
1635 0.7978515625 0 0
1636 0.79833984375 0 0
1637 0.798828125 0 0
1638 0.79931640625 0 0
1639 0.7998046875 0 0
1640 0.80029296875 0 0
1641 0.80078125 0 0
1642 0.80126953125 0 0
1643 0.8017578125 0 0
1644 0.80224609375 0 0
1645 0.802734375 0 0
1646 0.80322265625 0 0
1647 0.8037109375 0 0
1648 0.80419921875 0 0
1649 0.8046875 0 0
1650 0.80517578125 0 0
1651 0.8056640625 0 0
1652 0.80615234375 0 0
1653 0.806640625 0 0
1654 0.80712890625 0 0
1655 0.8076171875 0 0
1656 0.80810546875 0 0
1657 0.80859375 0 0
1658 0.80908203125 0 0
1659 0.8095703125 0 0
1660 0.81005859375 0 0
1661 0.810546875 0 0
1662 0.81103515625 0 0
1663 0.8115234375 0 0
1664 0.81201171875 0 0
1665 0.8125 0 0
1666 0.81298828125 0 0
1667 0.8134765625 0 0
1668 0.81396484375 0 0
1669 0.814453125 0 0
1670 0.81494140625 0 0
1671 0.8154296875 0 0
1672 0.81591796875 0 0
1673 0.81640625 0 0
1674 0.81689453125 0 0
1675 0.8173828125 0 0
1676 0.81787109375 0 0
1677 0.818359375 0 0
1678 0.81884765625 0 0
1679 0.8193359375 0 0
1680 0.81982421875 0 0
1681 0.8203125 0 0
1682 0.82080078125 0 0
1683 0.8212890625 0 0
1684 0.82177734375 0 0
1685 0.822265625 0 0
1686 0.82275390625 0 0
1687 0.8232421875 0 0
1688 0.82373046875 0 0
1689 0.82421875 0 0
1690 0.82470703125 0 0
1691 0.8251953125 0 0
1692 0.82568359375 0 0
1693 0.826171875 0 0
1694 0.82666015625 0 0
1695 0.8271484375 0 0
1696 0.82763671875 0 0
1697 0.828125 0 0
1698 0.82861328125 0 0
1699 0.8291015625 0 0
1700 0.82958984375 0 0
1701 0.830078125 0 0
1702 0.83056640625 0 0
1703 0.8310546875 0 0
1704 0.83154296875 0 0
1705 0.83203125 0 0
1706 0.83251953125 0 0
1707 0.8330078125 0 0
1708 0.83349609375 0 0
1709 0.833984375 0 0
1710 0.83447265625 0 0
1711 0.8349609375 0 0
1712 0.83544921875 0 0
1713 0.8359375 0 0
1714 0.83642578125 0 0
1715 0.8369140625 0 0
1716 0.83740234375 0 0
1717 0.837890625 0 0
1718 0.83837890625 0 0
1719 0.8388671875 0 0
1720 0.83935546875 0 0
1721 0.83984375 0 0
1722 0.84033203125 0 0
1723 0.8408203125 0 0
1724 0.84130859375 0 0
1725 0.841796875 0 0
1726 0.84228515625 0 0
1727 0.8427734375 0 0
1728 0.84326171875 0 0
1729 0.84375 0 0
1730 0.84423828125 0 0
1731 0.8447265625 0 0
1732 0.84521484375 0 0
1733 0.845703125 0 0
1734 0.84619140625 0 0
1735 0.8466796875 0 0
1736 0.84716796875 0 0
1737 0.84765625 0 0
1738 0.84814453125 0 0
1739 0.8486328125 0 0
1740 0.84912109375 0 0
1741 0.849609375 0 0
1742 0.85009765625 0 0
1743 0.8505859375 0 0
1744 0.85107421875 0 0
1745 0.8515625 0 0
1746 0.85205078125 0 0
1747 0.8525390625 0 0
1748 0.85302734375 0 0
1749 0.853515625 0 0
1750 0.85400390625 0 0
1751 0.8544921875 0 0
1752 0.85498046875 0 0
1753 0.85546875 0 0
1754 0.85595703125 0 0
1755 0.8564453125 0 0
1756 0.85693359375 0 0
1757 0.857421875 0 0
1758 0.85791015625 0 0
1759 0.8583984375 0 0
1760 0.85888671875 0 0
1761 0.859375 0 0
1762 0.85986328125 0 0
1763 0.8603515625 0 0
1764 0.86083984375 0 0
1765 0.861328125 0 0
1766 0.86181640625 0 0
1767 0.8623046875 0 0
1768 0.86279296875 0 0
1769 0.86328125 0 0
1770 0.86376953125 0 0
1771 0.8642578125 0 0
1772 0.86474609375 0 0
1773 0.865234375 0 0
1774 0.86572265625 0 0
1775 0.8662109375 0 0
1776 0.86669921875 0 0
1777 0.8671875 0 0
1778 0.86767578125 0 0
1779 0.8681640625 0 0
1780 0.86865234375 0 0
1781 0.869140625 0 0
1782 0.86962890625 0 0
1783 0.8701171875 0 0
1784 0.87060546875 0 0
1785 0.87109375 0 0
1786 0.87158203125 0 0
1787 0.8720703125 0 0
1788 0.87255859375 0 0
1789 0.873046875 0 0
1790 0.87353515625 0 0
1791 0.8740234375 0 0
1792 0.87451171875 0 0
1793 0.875 0 0
1794 0.87548828125 0 0
1795 0.8759765625 0 0
1796 0.87646484375 0 0
1797 0.876953125 0 0
1798 0.87744140625 0 0
1799 0.8779296875 0 0
1800 0.87841796875 0 0
1801 0.87890625 0 0
1802 0.87939453125 0 0
1803 0.8798828125 0 0
1804 0.88037109375 0 0
1805 0.880859375 0 0
1806 0.88134765625 0 0
1807 0.8818359375 0 0
1808 0.88232421875 0 0
1809 0.8828125 0 0
1810 0.88330078125 0 0
1811 0.8837890625 0 0
1812 0.88427734375 0 0
1813 0.884765625 0 0
1814 0.88525390625 0 0
1815 0.8857421875 0 0
1816 0.88623046875 0 0
1817 0.88671875 0 0
1818 0.88720703125 0 0
1819 0.8876953125 0 0
1820 0.88818359375 0 0
1821 0.888671875 0 0
1822 0.88916015625 0 0
1823 0.8896484375 0 0
1824 0.89013671875 0 0
1825 0.890625 0 0
1826 0.89111328125 0 0
1827 0.8916015625 0 0
1828 0.89208984375 0 0
1829 0.892578125 0 0
1830 0.89306640625 0 0
1831 0.8935546875 0 0
1832 0.89404296875 0 0
1833 0.89453125 0 0
1834 0.89501953125 0 0
1835 0.8955078125 0 0
1836 0.89599609375 0 0
1837 0.896484375 0 0
1838 0.89697265625 0 0
1839 0.8974609375 0 0
1840 0.89794921875 0 0
1841 0.8984375 0 0
1842 0.89892578125 0 0
1843 0.8994140625 0 0
1844 0.89990234375 0 0
1845 0.900390625 0 0
1846 0.90087890625 0 0
1847 0.9013671875 0 0
1848 0.90185546875 0 0
1849 0.90234375 0 0
1850 0.90283203125 0 0
1851 0.9033203125 0 0
1852 0.90380859375 0 0
1853 0.904296875 0 0
1854 0.90478515625 0 0
1855 0.9052734375 0 0
1856 0.90576171875 0 0
1857 0.90625 0 0
1858 0.90673828125 0 0
1859 0.9072265625 0 0
1860 0.90771484375 0 0
1861 0.908203125 0 0
1862 0.90869140625 0 0
1863 0.9091796875 0 0
1864 0.90966796875 0 0
1865 0.91015625 0 0
1866 0.91064453125 0 0
1867 0.9111328125 0 0
1868 0.91162109375 0 0
1869 0.912109375 0 0
1870 0.91259765625 0 0
1871 0.9130859375 0 0
1872 0.91357421875 0 0
1873 0.9140625 0 0
1874 0.91455078125 0 0
1875 0.9150390625 0 0
1876 0.91552734375 0 0
1877 0.916015625 0 0
1878 0.91650390625 0 0
1879 0.9169921875 0 0
1880 0.91748046875 0 0
1881 0.91796875 0 0
1882 0.91845703125 0 0
1883 0.9189453125 0 0
1884 0.91943359375 0 0
1885 0.919921875 0 0
1886 0.92041015625 0 0
1887 0.9208984375 0 0
1888 0.92138671875 0 0
1889 0.921875 0 0
1890 0.92236328125 0 0
1891 0.9228515625 0 0
1892 0.92333984375 0 0
1893 0.923828125 0 0
1894 0.92431640625 0 0
1895 0.9248046875 0 0
1896 0.92529296875 0 0
1897 0.92578125 0 0
1898 0.92626953125 0 0
1899 0.9267578125 0 0
1900 0.92724609375 0 0
1901 0.927734375 0 0
1902 0.92822265625 0 0
1903 0.9287109375 0 0
1904 0.92919921875 0 0
1905 0.9296875 0 0
1906 0.93017578125 0 0
1907 0.9306640625 0 0
1908 0.93115234375 0 0
1909 0.931640625 0 0
1910 0.93212890625 0 0
1911 0.9326171875 0 0
1912 0.93310546875 0 0
1913 0.93359375 0 0
1914 0.93408203125 0 0
1915 0.9345703125 0 0
1916 0.93505859375 0 0
1917 0.935546875 0 0
1918 0.93603515625 0 0
1919 0.9365234375 0 0
1920 0.93701171875 0 0
1921 0.9375 0 0
1922 0.93798828125 0 0
1923 0.9384765625 0 0
1924 0.93896484375 0 0
1925 0.939453125 0 0
1926 0.93994140625 0 0
1927 0.9404296875 0 0
1928 0.94091796875 0 0
1929 0.94140625 0 0
1930 0.94189453125 0 0
1931 0.9423828125 0 0
1932 0.94287109375 0 0
1933 0.943359375 0 0
1934 0.94384765625 0 0
1935 0.9443359375 0 0
1936 0.94482421875 0 0
1937 0.9453125 0 0
1938 0.94580078125 0 0
1939 0.9462890625 0 0
1940 0.94677734375 0 0
1941 0.947265625 0 0
1942 0.94775390625 0 0
1943 0.9482421875 0 0
1944 0.94873046875 0 0
1945 0.94921875 0 0
1946 0.94970703125 0 0
1947 0.9501953125 0 0
1948 0.95068359375 0 0
1949 0.951171875 0 0
1950 0.95166015625 0 0
1951 0.9521484375 0 0
1952 0.95263671875 0 0
1953 0.953125 0 0
1954 0.95361328125 0 0
1955 0.9541015625 0 0
1956 0.95458984375 0 0
1957 0.955078125 0 0
1958 0.95556640625 0 0
1959 0.9560546875 0 0
1960 0.95654296875 0 0
1961 0.95703125 0 0
1962 0.95751953125 0 0
1963 0.9580078125 0 0
1964 0.95849609375 0 0
1965 0.958984375 0 0
1966 0.95947265625 0 0
1967 0.9599609375 0 0
1968 0.96044921875 0 0
1969 0.9609375 0 0
1970 0.96142578125 0 0
1971 0.9619140625 0 0
1972 0.96240234375 0 0
1973 0.962890625 0 0
1974 0.96337890625 0 0
1975 0.9638671875 0 0
1976 0.96435546875 0 0
1977 0.96484375 0 0
1978 0.96533203125 0 0
1979 0.9658203125 0 0
1980 0.96630859375 0 0
1981 0.966796875 0 0
1982 0.96728515625 0 0
1983 0.9677734375 0 0
1984 0.96826171875 0 0
1985 0.96875 0 0
1986 0.96923828125 0 0
1987 0.9697265625 0 0
1988 0.97021484375 0 0
1989 0.970703125 0 0
1990 0.97119140625 0 0
1991 0.9716796875 0 0
1992 0.97216796875 0 0
1993 0.97265625 0 0
1994 0.97314453125 0 0
1995 0.9736328125 0 0
1996 0.97412109375 0 0
1997 0.974609375 0 0
1998 0.97509765625 0 0
1999 0.9755859375 0 0
2000 0.97607421875 0 0
2001 0.9765625 0 0
2002 0.97705078125 0 0
2003 0.9775390625 0 0
2004 0.97802734375 0 0
2005 0.978515625 0 0
2006 0.97900390625 0 0
2007 0.9794921875 0 0
2008 0.97998046875 0 0
2009 0.98046875 0 0
2010 0.98095703125 0 0
2011 0.9814453125 0 0
2012 0.98193359375 0 0
2013 0.982421875 0 0
2014 0.98291015625 0 0
2015 0.9833984375 0 0
2016 0.98388671875 0 0
2017 0.984375 0 0
2018 0.98486328125 0 0
2019 0.9853515625 0 0
2020 0.98583984375 0 0
2021 0.986328125 0 0
2022 0.98681640625 0 0
2023 0.9873046875 0 0
2024 0.98779296875 0 0
2025 0.98828125 0 0
2026 0.98876953125 0 0
2027 0.9892578125 0 0
2028 0.98974609375 0 0
2029 0.990234375 0 0
2030 0.99072265625 0 0
2031 0.9912109375 0 0
2032 0.99169921875 0 0
2033 0.9921875 0 0
2034 0.99267578125 0 0
2035 0.9931640625 0 0
2036 0.99365234375 0 0
2037 0.994140625 0 0
2038 0.99462890625 0 0
2039 0.9951171875 0 0
2040 0.99560546875 0 0
2041 0.99609375 0 0
2042 0.99658203125 0 0
2043 0.9970703125 0 0
2044 0.99755859375 0 0
2045 0.998046875 0 0
2046 0.99853515625 0 0
2047 0.9990234375 0 0
2048 0.99951171875 0 0
2049 1 0 0
