1 0 0 0
2 0.000870322019147085 0 0
3 0.00174064403829417 0 0
4 0.00261096605744125 0 0
5 0.00348128807658834 0 0
6 0.00435161009573542 0 0
7 0.00522193211488251 0 0
8 0.00609225413402959 0 0
9 0.00696257615317668 0 0
10 0.00783289817232376 0 0
11 0.00870322019147085 0 0
12 0.00957354221061793 0 0
13 0.010443864229765 0 0
14 0.0113141862489121 0 0
15 0.0121845082680592 0 0
16 0.0130548302872063 0 0
17 0.0139251523063534 0 0
18 0.0147954743255004 0 0
19 0.0156657963446475 0 0
20 0.0165361183637946 0 0
21 0.0174064403829417 0 0
22 0.0182767624020888 0 0
23 0.0191470844212359 0 0
24 0.0200174064403829 0 0
25 0.02088772845953 0 0
26 0.0217580504786771 0 0
27 0.0226283724978242 0 0
28 0.0234986945169713 0 0
29 0.0243690165361184 0 0
30 0.0252393385552654 0 0
31 0.0261096605744125 0 0
32 0.0269799825935596 0 0
33 0.0278503046127067 0 0
34 0.0287206266318538 0 0
35 0.0295909486510009 0 0
36 0.030461270670148 0 0
37 0.031331592689295 0 0
38 0.0322019147084421 0 0
39 0.0330722367275892 0 0
40 0.0339425587467363 0 0
41 0.0348128807658834 0 0
42 0.0356832027850305 0 0
43 0.0365535248041775 0 0
44 0.0374238468233246 0 0
45 0.0382941688424717 0 0
46 0.0391644908616188 0 0
47 0.0400348128807659 0 0
48 0.040905134899913 0 0
49 0.0417754569190601 0 0
50 0.0426457789382071 0 0
51 0.0435161009573542 0 0
52 0.0443864229765013 0 0
53 0.0452567449956484 0 0
54 0.0461270670147955 0 0
55 0.0469973890339426 0 0
56 0.0478677110530896 0 0
57 0.0487380330722367 0 0
58 0.0496083550913838 0 0
59 0.0504786771105309 0 0
60 0.051348999129678 0 0
61 0.0522193211488251 0 0
62 0.0530896431679721 0 0
63 0.0539599651871192 0 0
64 0.0548302872062663 0 0
65 0.0557006092254134 0 0
66 0.0565709312445605 0 0
67 0.0574412532637076 0 0
68 0.0583115752828547 0 0
69 0.0591818973020017 0 0
70 0.0600522193211488 0 0
71 0.0609225413402959 0 0
72 0.061792863359443 0 0
73 0.0626631853785901 0 0
74 0.0635335073977372 0 0
75 0.0644038294168842 0 0
76 0.0652741514360313 0 0
77 0.0661444734551784 0 0
78 0.0670147954743255 0 0
79 0.0678851174934726 0 0
80 0.0687554395126197 0 0
81 0.0696257615317667 0 0
82 0.0704960835509138 0 0
83 0.0713664055700609 0 0
84 0.072236727589208 0 0
85 0.0731070496083551 0 0
86 0.0739773716275022 0 0
87 0.0748476936466493 0 0
88 0.0757180156657963 0 0
89 0.0765883376849434 0 0
90 0.0774586597040905 0 0
91 0.0783289817232376 0 0
92 0.0791993037423847 0 0
93 0.0800696257615318 0 0
94 0.0809399477806789 0 0
95 0.0818102697998259 0 0
96 0.082680591818973 0 0
97 0.0835509138381201 0 0
98 0.0844212358572672 0 0
99 0.0852915578764143 0 0
100 0.0861618798955614 0 0
101 0.0870322019147084 0 0
102 0.0879025239338555 0 0
103 0.0887728459530026 0 0
104 0.0896431679721497 0 0
105 0.0905134899912968 0 0
106 0.0913838120104439 0 0
107 0.0922541340295909 0 0
108 0.093124456048738 0 0
109 0.0939947780678851 0 0
110 0.0948651000870322 0 0
111 0.0957354221061793 0 0
112 0.0966057441253264 0 0
113 0.0974760661444734 0 0
114 0.0983463881636205 0 0
115 0.0992167101827676 0 0
116 0.100087032201915 0 0
117 0.100957354221062 0 0
118 0.101827676240209 0 0
119 0.102697998259356 0 0
120 0.103568320278503 0 0
121 0.10443864229765 0 0
122 0.105308964316797 0 0
123 0.106179286335944 0 0
124 0.107049608355091 0 0
125 0.107919930374238 0 0
126 0.108790252393386 0 0
127 0.109660574412533 0 0
128 0.11053089643168 0 0
129 0.111401218450827 0 0
130 0.112271540469974 0 0
131 0.113141862489121 0 0
132 0.114012184508268 0 0
133 0.114882506527415 0 0
134 0.115752828546562 0 0
135 0.116623150565709 0 0
136 0.117493472584856 0 0
137 0.118363794604003 0 0
138 0.119234116623151 0 0
139 0.120104438642298 0 0
140 0.120974760661445 0 0
141 0.121845082680592 0 0
142 0.122715404699739 0 0
143 0.123585726718886 0 0
144 0.124456048738033 0 0
145 0.12532637075718 0 0
146 0.126196692776327 0 0
147 0.127067014795474 0 0
148 0.127937336814621 0 0
149 0.128807658833768 0 0
150 0.129677980852916 0 0
151 0.130548302872063 0 0
152 0.13141862489121 0 0
153 0.132288946910357 0 0
154 0.133159268929504 0 0
155 0.134029590948651 0 0
156 0.134899912967798 0 0
157 0.135770234986945 0 0
158 0.136640557006092 0 0
159 0.137510879025239 0 0
160 0.138381201044386 0 0
161 0.139251523063533 0 0
162 0.140121845082681 0 0
163 0.140992167101828 0 0
164 0.141862489120975 0 0
165 0.142732811140122 0 0
166 0.143603133159269 0 0
167 0.144473455178416 0 0
168 0.145343777197563 0 0
169 0.14621409921671 0 0
170 0.147084421235857 0 0
171 0.147954743255004 0 0
172 0.148825065274151 0 0
173 0.149695387293299 0 0
174 0.150565709312446 0 0
175 0.151436031331593 0 0
176 0.15230635335074 0 0
177 0.153176675369887 0 0
178 0.154046997389034 0 0
179 0.154917319408181 0 0
180 0.155787641427328 0 0
181 0.156657963446475 0 0
182 0.157528285465622 0 0
183 0.158398607484769 0 0
184 0.159268929503916 0 0
185 0.160139251523063 0 0
186 0.161009573542211 0 0
187 0.161879895561358 0 0
188 0.162750217580505 0 0
189 0.163620539599652 0 0
190 0.164490861618799 0 0
191 0.165361183637946 0 0
192 0.166231505657093 0 0
193 0.16710182767624 0 0
194 0.167972149695387 0 0
195 0.168842471714534 0 0
196 0.169712793733682 0 0
197 0.170583115752829 0 0
198 0.171453437771976 0 0
199 0.172323759791123 0 0
200 0.17319408181027 0 0
201 0.174064403829417 0 0
202 0.174934725848564 0 0
203 0.175805047867711 0 0
204 0.176675369886858 0 0
205 0.177545691906005 0 0
206 0.178416013925152 0 0
207 0.179286335944299 0 0
208 0.180156657963446 0 0
209 0.181026979982594 0 0
210 0.181897302001741 0 0
211 0.182767624020888 0 0
212 0.183637946040035 0 0
213 0.184508268059182 0 0
214 0.185378590078329 0 0
215 0.186248912097476 0 0
216 0.187119234116623 0 0
217 0.18798955613577 0 0
218 0.188859878154917 0 0
219 0.189730200174064 0 0
220 0.190600522193211 0 0
221 0.191470844212359 0 0
222 0.192341166231506 0 0
223 0.193211488250653 0 0
224 0.1940818102698 0 0
225 0.194952132288947 0 0
226 0.195822454308094 0 0
227 0.196692776327241 0 0
228 0.197563098346388 0 0
229 0.198433420365535 0 0
230 0.199303742384682 0 0
231 0.200174064403829 0 0
232 0.201044386422977 0 0
233 0.201914708442124 0 0
234 0.202785030461271 0 0
235 0.203655352480418 0 0
236 0.204525674499565 0 0
237 0.205395996518712 0 0
238 0.206266318537859 0 0
239 0.207136640557006 0 0
240 0.208006962576153 0 0
241 0.2088772845953 0 0
242 0.209747606614447 0 0
243 0.210617928633594 0 0
244 0.211488250652741 0 0
245 0.212358572671889 0 0
246 0.213228894691036 0 0
247 0.214099216710183 0 0
248 0.21496953872933 0 0
249 0.215839860748477 0 0
250 0.216710182767624 0 0
251 0.217580504786771 0 0
252 0.218450826805918 0 0
253 0.219321148825065 0 0
254 0.220191470844212 0 0
255 0.221061792863359 0 0
256 0.221932114882506 0 0
257 0.222802436901654 0 0
258 0.223672758920801 0 0
259 0.224543080939948 0 0
260 0.225413402959095 0 0
261 0.226283724978242 0 0
262 0.227154046997389 0 0
263 0.228024369016536 0 0
264 0.228894691035683 0 0
265 0.22976501305483 0 0
266 0.230635335073977 0 0
267 0.231505657093125 0 0
268 0.232375979112272 0 0
269 0.233246301131419 0 0
270 0.234116623150566 0 0
271 0.234986945169713 0 0
272 0.23585726718886 0 0
273 0.236727589208007 0 0
274 0.237597911227154 0 0
275 0.238468233246301 0 0
276 0.239338555265448 0 0
277 0.240208877284595 0 0
278 0.241079199303742 0 0
279 0.241949521322889 0 0
280 0.242819843342036 0 0
281 0.243690165361184 0 0
282 0.244560487380331 0 0
283 0.245430809399478 0 0
284 0.246301131418625 0 0
285 0.247171453437772 0 0
286 0.248041775456919 0 0
287 0.248912097476066 0 0
288 0.249782419495213 0 0
289 0.25065274151436 0 0
290 0.251523063533507 0 0
291 0.252393385552654 0 0
292 0.253263707571802 0 0
293 0.254134029590949 0 0
294 0.255004351610096 0 0
295 0.255874673629243 0 0
296 0.25674499564839 0 0
297 0.257615317667537 0 0
298 0.258485639686684 0 0
299 0.259355961705831 0 0
300 0.260226283724978 0 0
301 0.261096605744125 0 0
302 0.261966927763272 0 0
303 0.26283724978242 0 0
304 0.263707571801567 0 0
305 0.264577893820714 0 0
306 0.265448215839861 0 0
307 0.266318537859008 0 0
308 0.267188859878155 0 0
309 0.268059181897302 0 0
310 0.268929503916449 0 0
311 0.269799825935596 0 0
312 0.270670147954743 0 0
313 0.27154046997389 0 0
314 0.272410791993037 0 0
315 0.273281114012185 0 0
316 0.274151436031332 0 0
317 0.275021758050479 0 0
318 0.275892080069626 0 0
319 0.276762402088773 0 0
320 0.27763272410792 0 0
321 0.278503046127067 0 0
322 0.279373368146214 0 0
323 0.280243690165361 0 0
324 0.281114012184508 0 0
325 0.281984334203655 0 0
326 0.282854656222802 0 0
327 0.283724978241949 0 0
328 0.284595300261097 0 0
329 0.285465622280244 0 0
330 0.286335944299391 0 0
331 0.287206266318538 0 0
332 0.288076588337685 0 0
333 0.288946910356832 0 0
334 0.289817232375979 0 0
335 0.290687554395126 0 0
336 0.291557876414273 0 0
337 0.29242819843342 0 0
338 0.293298520452567 0 0
339 0.294168842471715 0 0
340 0.295039164490862 0 0
341 0.295909486510009 0 0
342 0.296779808529156 0 0
343 0.297650130548303 0 0
344 0.29852045256745 0 0
345 0.299390774586597 0 0
346 0.300261096605744 0 0
347 0.301131418624891 0 0
348 0.302001740644038 0 0
349 0.302872062663185 0 0
350 0.303742384682333 0 0
351 0.30461270670148 0 0
352 0.305483028720627 0 0
353 0.306353350739774 0 0
354 0.307223672758921 0 0
355 0.308093994778068 0 0
356 0.308964316797215 0 0
357 0.309834638816362 0 0
358 0.310704960835509 0 0
359 0.311575282854656 0 0
360 0.312445604873803 0 0
361 0.31331592689295 0 0
362 0.314186248912098 0 0
363 0.315056570931245 0 0
364 0.315926892950392 0 0
365 0.316797214969539 0 0
366 0.317667536988686 0 0
367 0.318537859007833 0 0
368 0.31940818102698 0 0
369 0.320278503046127 0 0
370 0.321148825065274 0 0
371 0.322019147084421 0 0
372 0.322889469103568 0 0
373 0.323759791122715 0 0
374 0.324630113141863 0 0
375 0.32550043516101 0 0
376 0.326370757180157 0 0
377 0.327241079199304 0 0
378 0.328111401218451 0 0
379 0.328981723237598 0 0
380 0.329852045256745 0 0
381 0.330722367275892 0 0
382 0.331592689295039 0 0
383 0.332463011314186 0 0
384 0.333333333333333 0 0
385 0.33420365535248 0 0
386 0.335073977371627 0 0
387 0.335944299390775 0 0
388 0.336814621409922 0 0
389 0.337684943429069 0 0
390 0.338555265448216 0 0
391 0.339425587467363 0 0
392 0.34029590948651 0 0
393 0.341166231505657 0 0
394 0.342036553524804 0 0
395 0.342906875543951 0 0
396 0.343777197563098 0 0
397 0.344647519582245 0 0
398 0.345517841601392 0 0
399 0.34638816362054 0 0
400 0.347258485639687 0 0
401 0.348128807658834 0 0
402 0.348999129677981 0 0
403 0.349869451697128 0 0
404 0.350739773716275 0 0
405 0.351610095735422 0 0
406 0.352480417754569 0 0
407 0.353350739773716 0 0
408 0.354221061792863 0 0
409 0.35509138381201 0 0
410 0.355961705831157 0 0
411 0.356832027850305 0 0
412 0.357702349869452 0 0
413 0.358572671888599 0 0
414 0.359442993907746 0 0
415 0.360313315926893 0 0
416 0.36118363794604 0 0
417 0.362053959965187 0 0
418 0.362924281984334 0 0
419 0.363794604003481 0 0
420 0.364664926022628 0 0
421 0.365535248041776 0 0
422 0.366405570060923 0 0
423 0.36727589208007 0 0
424 0.368146214099217 0 0
425 0.369016536118364 0 0
426 0.369886858137511 0 0
427 0.370757180156658 0 0
428 0.371627502175805 0 0
429 0.372497824194952 0 0
430 0.373368146214099 0 0
431 0.374238468233246 0 0
432 0.375108790252393 0 0
433 0.375979112271541 0 0
434 0.376849434290688 0 0
435 0.377719756309835 0 0
436 0.378590078328982 0 0
437 0.379460400348129 0 0
438 0.380330722367276 0 0
439 0.381201044386423 0 0
440 0.38207136640557 0 0
441 0.382941688424717 0 0
442 0.383812010443864 0 0
443 0.384682332463011 0 0
444 0.385552654482158 0 0
445 0.386422976501306 0 0
446 0.387293298520453 0 0
447 0.3881636205396 0 0
448 0.389033942558747 0 0
449 0.389904264577894 0 0
450 0.390774586597041 0 0
451 0.391644908616188 0 0
452 0.392515230635335 0 0
453 0.393385552654482 0 0
454 0.394255874673629 0 0
455 0.395126196692776 0 0
456 0.395996518711923 0 0
457 0.39686684073107 0 0
458 0.397737162750218 0 0
459 0.398607484769365 0 0
460 0.399477806788512 0 0
461 0.400348128807659 0 0
462 0.401218450826806 0 0
463 0.402088772845953 0 0
464 0.4029590948651 0 0
465 0.403829416884247 0 0
466 0.404699738903394 0 0
467 0.405570060922541 0 0
468 0.406440382941688 0 0
469 0.407310704960835 0 0
470 0.408181026979983 0 0
471 0.40905134899913 0 0
472 0.409921671018277 0 0
473 0.410791993037424 0 0
474 0.411662315056571 0 0
475 0.412532637075718 0 0
476 0.413402959094865 0 0
477 0.414273281114012 0 0
478 0.415143603133159 0 0
479 0.416013925152306 0 0
480 0.416884247171453 0 0
481 0.4177545691906 0 0
482 0.418624891209748 0 0
483 0.419495213228895 0 0
484 0.420365535248042 0 0
485 0.421235857267189 0 0
486 0.422106179286336 0 0
487 0.422976501305483 0 0
488 0.42384682332463 0 0
489 0.424717145343777 0 0
490 0.425587467362924 0 0
491 0.426457789382071 0 0
492 0.427328111401219 0 0
493 0.428198433420366 0 0
494 0.429068755439513 0 0
495 0.42993907745866 0 0
496 0.430809399477807 0 0
497 0.431679721496954 0 0
498 0.432550043516101 0 0
499 0.433420365535248 0 0
500 0.434290687554395 0 0
501 0.435161009573542 0 0
502 0.436031331592689 0 0
503 0.436901653611836 0 0
504 0.437771975630984 0 0
505 0.438642297650131 0 0
506 0.439512619669278 0 0
507 0.440382941688425 0 0
508 0.441253263707572 0 0
509 0.442123585726719 0 0
510 0.442993907745866 0 0
511 0.443864229765013 0 0
512 0.44473455178416 0 0
513 0.445604873803307 0 0
514 0.446475195822454 0 0
515 0.447345517841601 0 0
516 0.448215839860748 0 0
517 0.449086161879896 0 0
518 0.449956483899043 0 0
519 0.45082680591819 0 0
520 0.451697127937337 0 0
521 0.452567449956484 0 0
522 0.453437771975631 0 0
523 0.454308093994778 0 0
524 0.455178416013925 0 0
525 0.456048738033072 0 0
526 0.456919060052219 0 0
527 0.457789382071366 0 0
528 0.458659704090513 0 0
529 0.459530026109661 0 0
530 0.460400348128808 0 0
531 0.461270670147955 0 0
532 0.462140992167102 0 0
533 0.463011314186249 0 0
534 0.463881636205396 0 0
535 0.464751958224543 0 0
536 0.46562228024369 0 0
537 0.466492602262837 0 0
538 0.467362924281984 0 0
539 0.468233246301131 0 0
540 0.469103568320279 0 0
541 0.469973890339426 0 0
542 0.470844212358573 0 0
543 0.47171453437772 0 0
544 0.472584856396867 0 0
545 0.473455178416014 0 0
546 0.474325500435161 0 0
547 0.475195822454308 0 0
548 0.476066144473455 0 0
549 0.476936466492602 0 0
550 0.477806788511749 0 0
551 0.478677110530897 0 0
552 0.479547432550044 0 0
553 0.480417754569191 0 0
554 0.481288076588338 0 0
555 0.482158398607485 0 0
556 0.483028720626632 0 0
557 0.483899042645779 0 0
558 0.484769364664926 0 0
559 0.485639686684073 0 0
560 0.48651000870322 0 0
561 0.487380330722367 0 0
562 0.488250652741514 0 0
563 0.489120974760662 0 0
564 0.489991296779809 0 0
565 0.490861618798956 0 0
566 0.491731940818103 0 0
567 0.49260226283725 0 0
568 0.493472584856397 0 0
569 0.494342906875544 0 0
570 0.495213228894691 0 0
571 0.496083550913838 0 0
572 0.496953872932985 0 0
573 0.497824194952132 0 0
574 0.498694516971279 0 0
575 0.499564838990426 0 0
576 0.500435161009574 0 0
577 0.501305483028721 0 0
578 0.502175805047868 0 0
579 0.503046127067015 0 0
580 0.503916449086162 0 0
581 0.504786771105309 0 0
582 0.505657093124456 0 0
583 0.506527415143603 0 0
584 0.50739773716275 0 0
585 0.508268059181897 0 0
586 0.509138381201044 0 0
587 0.510008703220191 0 0
588 0.510879025239338 0 0
589 0.511749347258486 0 0
590 0.512619669277633 0 0
591 0.51348999129678 0 0
592 0.514360313315927 0 0
593 0.515230635335074 0 0
594 0.516100957354221 0 0
595 0.516971279373368 0 0
596 0.517841601392515 0 0
597 0.518711923411662 0 0
598 0.519582245430809 0 0
599 0.520452567449956 0 0
600 0.521322889469104 0 0
601 0.522193211488251 0 0
602 0.523063533507398 0 0
603 0.523933855526545 0 0
604 0.524804177545692 0 0
605 0.525674499564839 0 0
606 0.526544821583986 0 0
607 0.527415143603133 0 0
608 0.52828546562228 0 0
609 0.529155787641427 0 0
610 0.530026109660574 0 0
611 0.530896431679721 0 0
612 0.531766753698868 0 0
613 0.532637075718016 0 0
614 0.533507397737163 0 0
615 0.53437771975631 0 0
616 0.535248041775457 0 0
617 0.536118363794604 0 0
618 0.536988685813751 0 0
619 0.537859007832898 0 0
620 0.538729329852045 0 0
621 0.539599651871192 0 0
622 0.540469973890339 0 0
623 0.541340295909487 0 0
624 0.542210617928634 0 0
625 0.543080939947781 0 0
626 0.543951261966928 0 0
627 0.544821583986075 0 0
628 0.545691906005222 0 0
629 0.546562228024369 0 0
630 0.547432550043516 0 0
631 0.548302872062663 0 0
632 0.54917319408181 0 0
633 0.550043516100957 0 0
634 0.550913838120104 0 0
635 0.551784160139251 0 0
636 0.552654482158399 0 0
637 0.553524804177546 0 0
638 0.554395126196693 0 0
639 0.55526544821584 0 0
640 0.556135770234987 0 0
641 0.557006092254134 0 0
642 0.557876414273281 0 0
643 0.558746736292428 0 0
644 0.559617058311575 0 0
645 0.560487380330722 0 0
646 0.561357702349869 0 0
647 0.562228024369017 0 0
648 0.563098346388164 0 0
649 0.563968668407311 0 0
650 0.564838990426458 0 0
651 0.565709312445605 0 0
652 0.566579634464752 0 0
653 0.567449956483899 0 0
654 0.568320278503046 0 0
655 0.569190600522193 0 0
656 0.57006092254134 0 0
657 0.570931244560487 0 0
658 0.571801566579634 0 0
659 0.572671888598781 0 0
660 0.573542210617929 0 0
661 0.574412532637076 0 0
662 0.575282854656223 0 0
663 0.57615317667537 0 0
664 0.577023498694517 0 0
665 0.577893820713664 0 0
666 0.578764142732811 0 0
667 0.579634464751958 0 0
668 0.580504786771105 0 0
669 0.581375108790252 0 0
670 0.5822454308094 0 0
671 0.583115752828547 0 0
672 0.583986074847694 0 0
673 0.584856396866841 0 0
674 0.585726718885988 0 0
675 0.586597040905135 0 0
676 0.587467362924282 0 0
677 0.588337684943429 0 0
678 0.589208006962576 0 0
679 0.590078328981723 0 0
680 0.59094865100087 0 0
681 0.591818973020017 0 0
682 0.592689295039164 0 0
683 0.593559617058312 0 0
684 0.594429939077459 0 0
685 0.595300261096606 0 0
686 0.596170583115753 0 0
687 0.5970409051349 0 0
688 0.597911227154047 0 0
689 0.598781549173194 0 0
690 0.599651871192341 0 0
691 0.600522193211488 0 0
692 0.601392515230635 0 0
693 0.602262837249782 0 0
694 0.60313315926893 0 0
695 0.604003481288077 0 0
696 0.604873803307224 0 0
697 0.605744125326371 0 0
698 0.606614447345518 0 0
699 0.607484769364665 0 0
700 0.608355091383812 0 0
701 0.609225413402959 0 0
702 0.610095735422106 0 0
703 0.610966057441253 0 0
704 0.6118363794604 0 0
705 0.612706701479547 0 0
706 0.613577023498694 0 0
707 0.614447345517842 0 0
708 0.615317667536989 0 0
709 0.616187989556136 0 0
710 0.617058311575283 0 0
711 0.61792863359443 0 0
712 0.618798955613577 0 0
713 0.619669277632724 0 0
714 0.620539599651871 0 0
715 0.621409921671018 0 0
716 0.622280243690165 0 0
717 0.623150565709312 0 0
718 0.62402088772846 0 0
719 0.624891209747607 0 0
720 0.625761531766754 0 0
721 0.626631853785901 0 0
722 0.627502175805048 0 0
723 0.628372497824195 0 0
724 0.629242819843342 0 0
725 0.630113141862489 0 0
726 0.630983463881636 0 0
727 0.631853785900783 0 0
728 0.63272410791993 0 0
729 0.633594429939077 0 0
730 0.634464751958225 0 0
731 0.635335073977372 0 0
732 0.636205395996519 0 0
733 0.637075718015666 0 0
734 0.637946040034813 0 0
735 0.63881636205396 0 0
736 0.639686684073107 0 0
737 0.640557006092254 0 0
738 0.641427328111401 0 0
739 0.642297650130548 0 0
740 0.643167972149695 0 0
741 0.644038294168842 0 0
742 0.64490861618799 0 0
743 0.645778938207137 0 0
744 0.646649260226284 0 0
745 0.647519582245431 0 0
746 0.648389904264578 0 0
747 0.649260226283725 0 0
748 0.650130548302872 0 0
749 0.651000870322019 0 0
750 0.651871192341166 0 0
751 0.652741514360313 0 0
752 0.65361183637946 0 0
753 0.654482158398607 0 0
754 0.655352480417755 0 0
755 0.656222802436902 0 0
756 0.657093124456049 0 0
757 0.657963446475196 0 0
758 0.658833768494343 0 0
759 0.65970409051349 0 0
760 0.660574412532637 0 0
761 0.661444734551784 0 0
762 0.662315056570931 0 0
763 0.663185378590078 0 0
764 0.664055700609225 0 0
765 0.664926022628372 0 0
766 0.66579634464752 0 0
767 0.666666666666667 0 0
768 0.667536988685814 0 0
769 0.668407310704961 0 0
770 0.669277632724108 0 0
771 0.670147954743255 0 0
772 0.671018276762402 0 0
773 0.671888598781549 0 0
774 0.672758920800696 0 0
775 0.673629242819843 0 0
776 0.67449956483899 0 0
777 0.675369886858137 0 0
778 0.676240208877285 0 0
779 0.677110530896432 0 0
780 0.677980852915579 0 0
781 0.678851174934726 0 0
782 0.679721496953873 0 0
783 0.68059181897302 0 0
784 0.681462140992167 0 0
785 0.682332463011314 0 0
786 0.683202785030461 0 0
787 0.684073107049608 0 0
788 0.684943429068755 0 0
789 0.685813751087902 0 0
790 0.68668407310705 0 0
791 0.687554395126197 0 0
792 0.688424717145344 0 0
793 0.689295039164491 0 0
794 0.690165361183638 0 0
795 0.691035683202785 0 0
796 0.691906005221932 0 0
797 0.692776327241079 0 0
798 0.693646649260226 0 0
799 0.694516971279373 0 0
800 0.69538729329852 0 0
801 0.696257615317667 0 0
802 0.697127937336815 0 0
803 0.697998259355962 0 0
804 0.698868581375109 0 0
805 0.699738903394256 0 0
806 0.700609225413403 0 0
807 0.70147954743255 0 0
808 0.702349869451697 0 0
809 0.703220191470844 0 0
810 0.704090513489991 0 0
811 0.704960835509138 0 0
812 0.705831157528285 0 0
813 0.706701479547432 0 0
814 0.70757180156658 0 0
815 0.708442123585727 0 0
816 0.709312445604874 0 0
817 0.710182767624021 0 0
818 0.711053089643168 0 0
819 0.711923411662315 0 0
820 0.712793733681462 0 0
821 0.713664055700609 0 0
822 0.714534377719756 0 0
823 0.715404699738903 0 0
824 0.71627502175805 0 0
825 0.717145343777198 0 0
826 0.718015665796345 0 0
827 0.718885987815492 0 0
828 0.719756309834639 0 0
829 0.720626631853786 0 0
830 0.721496953872933 0 0
831 0.72236727589208 0 0
832 0.723237597911227 0 0
833 0.724107919930374 0 0
834 0.724978241949521 0 0
835 0.725848563968668 0 0
836 0.726718885987815 0 0
837 0.727589208006962 0 0
838 0.72845953002611 0 0
839 0.729329852045257 0 0
840 0.730200174064404 0 0
841 0.731070496083551 0 0
842 0.731940818102698 0 0
843 0.732811140121845 0 0
844 0.733681462140992 0 0
845 0.734551784160139 0 0
846 0.735422106179286 0 0
847 0.736292428198433 0 0
848 0.73716275021758 0 0
849 0.738033072236728 0 0
850 0.738903394255875 0 0
851 0.739773716275022 0 0
852 0.740644038294169 0 0
853 0.741514360313316 0 0
854 0.742384682332463 0 0
855 0.74325500435161 0 0
856 0.744125326370757 0 0
857 0.744995648389904 0 0
858 0.745865970409051 0 0
859 0.746736292428198 0 0
860 0.747606614447345 0 0
861 0.748476936466492 0 0
862 0.74934725848564 0 0
863 0.750217580504787 0 0
864 0.751087902523934 0 0
865 0.751958224543081 0 0
866 0.752828546562228 0 0
867 0.753698868581375 0 0
868 0.754569190600522 0 0
869 0.755439512619669 0 0
870 0.756309834638816 0 0
871 0.757180156657963 0 0
872 0.758050478677111 0 0
873 0.758920800696258 0 0
874 0.759791122715405 0 0
875 0.760661444734552 0 0
876 0.761531766753699 0 0
877 0.762402088772846 0 0
878 0.763272410791993 0 0
879 0.76414273281114 0 0
880 0.765013054830287 0 0
881 0.765883376849434 0 0
882 0.766753698868581 0 0
883 0.767624020887729 0 0
884 0.768494342906876 0 0
885 0.769364664926023 0 0
886 0.77023498694517 0 0
887 0.771105308964317 0 0
888 0.771975630983464 0 0
889 0.772845953002611 0 0
890 0.773716275021758 0 0
891 0.774586597040905 0 0
892 0.775456919060052 0 0
893 0.776327241079199 0 0
894 0.777197563098346 0 0
895 0.778067885117493 0 0
896 0.778938207136641 0 0
897 0.779808529155788 0 0
898 0.780678851174935 0 0
899 0.781549173194082 0 0
900 0.782419495213229 0 0
901 0.783289817232376 0 0
902 0.784160139251523 0 0
903 0.78503046127067 0 0
904 0.785900783289817 0 0
905 0.786771105308964 0 0
906 0.787641427328111 0 0
907 0.788511749347259 0 0
908 0.789382071366406 0 0
909 0.790252393385553 0 0
910 0.7911227154047 0 0
911 0.791993037423847 0 0
912 0.792863359442994 0 0
913 0.793733681462141 0 0
914 0.794604003481288 0 0
915 0.795474325500435 0 0
916 0.796344647519582 0 0
917 0.797214969538729 0 0
918 0.798085291557876 0 0
919 0.798955613577023 0 0
920 0.799825935596171 0 0
921 0.800696257615318 0 0
922 0.801566579634465 0 0
923 0.802436901653612 0 0
924 0.803307223672759 0 0
925 0.804177545691906 0 0
926 0.805047867711053 0 0
927 0.8059181897302 0 0
928 0.806788511749347 0 0
929 0.807658833768494 0 0
930 0.808529155787641 0 0
931 0.809399477806789 0 0
932 0.810269799825936 0 0
933 0.811140121845083 0 0
934 0.81201044386423 0 0
935 0.812880765883377 0 0
936 0.813751087902524 0 0
937 0.814621409921671 0 0
938 0.815491731940818 0 0
939 0.816362053959965 0 0
940 0.817232375979112 0 0
941 0.818102697998259 0 0
942 0.818973020017406 0 0
943 0.819843342036554 0 0
944 0.820713664055701 0 0
945 0.821583986074848 0 0
946 0.822454308093995 0 0
947 0.823324630113142 0 0
948 0.824194952132289 0 0
949 0.825065274151436 0 0
950 0.825935596170583 0 0
951 0.82680591818973 0 0
952 0.827676240208877 0 0
953 0.828546562228024 0 0
954 0.829416884247171 0 0
955 0.830287206266319 0 0
956 0.831157528285466 0 0
957 0.832027850304613 0 0
958 0.83289817232376 0 0
959 0.833768494342907 0 0
960 0.834638816362054 0 0
961 0.835509138381201 0 0
962 0.836379460400348 0 0
963 0.837249782419495 0 0
964 0.838120104438642 0 0
965 0.838990426457789 0 0
966 0.839860748476936 0 0
967 0.840731070496084 0 0
968 0.841601392515231 0 0
969 0.842471714534378 0 0
970 0.843342036553525 0 0
971 0.844212358572672 0 0
972 0.845082680591819 0 0
973 0.845953002610966 0 0
974 0.846823324630113 0 0
975 0.84769364664926 0 0
976 0.848563968668407 0 0
977 0.849434290687554 0 0
978 0.850304612706701 0 0
979 0.851174934725849 0 0
980 0.852045256744996 0 0
981 0.852915578764143 0 0
982 0.85378590078329 0 0
983 0.854656222802437 0 0
984 0.855526544821584 0 0
985 0.856396866840731 0 0
986 0.857267188859878 0 0
987 0.858137510879025 0 0
988 0.859007832898172 0 0
989 0.859878154917319 0 0
990 0.860748476936466 0 0
991 0.861618798955614 0 0
992 0.862489120974761 0 0
993 0.863359442993908 0 0
994 0.864229765013055 0 0
995 0.865100087032202 0 0
996 0.865970409051349 0 0
997 0.866840731070496 0 0
998 0.867711053089643 0 0
999 0.86858137510879 0 0
1000 0.869451697127937 0 0
1001 0.870322019147084 0 0
1002 0.871192341166231 0 0
1003 0.872062663185379 0 0
1004 0.872932985204526 0 0
1005 0.873803307223673 0 0
1006 0.87467362924282 0 0
1007 0.875543951261967 0 0
1008 0.876414273281114 0 0
1009 0.877284595300261 0 0
1010 0.878154917319408 0 0
1011 0.879025239338555 0 0
1012 0.879895561357702 0 0
1013 0.880765883376849 0 0
1014 0.881636205395997 0 0
1015 0.882506527415144 0 0
1016 0.883376849434291 0 0
1017 0.884247171453438 0 0
1018 0.885117493472585 0 0
1019 0.885987815491732 0 0
1020 0.886858137510879 0 0
1021 0.887728459530026 0 0
1022 0.888598781549173 0 0
1023 0.88946910356832 0 0
1024 0.890339425587467 0 0
1025 0.891209747606614 0 0
1026 0.892080069625761 0 0
1027 0.892950391644909 0 0
1028 0.893820713664056 0 0
1029 0.894691035683203 0 0
1030 0.89556135770235 0 0
1031 0.896431679721497 0 0
1032 0.897302001740644 0 0
1033 0.898172323759791 0 0
1034 0.899042645778938 0 0
1035 0.899912967798085 0 0
1036 0.900783289817232 0 0
1037 0.901653611836379 0 0
1038 0.902523933855527 0 0
1039 0.903394255874674 0 0
1040 0.904264577893821 0 0
1041 0.905134899912968 0 0
1042 0.906005221932115 0 0
1043 0.906875543951262 0 0
1044 0.907745865970409 0 0
1045 0.908616187989556 0 0
1046 0.909486510008703 0 0
1047 0.91035683202785 0 0
1048 0.911227154046997 0 0
1049 0.912097476066144 0 0
1050 0.912967798085291 0 0
1051 0.913838120104439 0 0
1052 0.914708442123586 0 0
1053 0.915578764142733 0 0
1054 0.91644908616188 0 0
1055 0.917319408181027 0 0
1056 0.918189730200174 0 0
1057 0.919060052219321 0 0
1058 0.919930374238468 0 0
1059 0.920800696257615 0 0
1060 0.921671018276762 0 0
1061 0.92254134029591 0 0
1062 0.923411662315057 0 0
1063 0.924281984334204 0 0
1064 0.925152306353351 0 0
1065 0.926022628372498 0 0
1066 0.926892950391645 0 0
1067 0.927763272410792 0 0
1068 0.928633594429939 0 0
1069 0.929503916449086 0 0
1070 0.930374238468233 0 0
1071 0.93124456048738 0 0
1072 0.932114882506527 0 0
1073 0.932985204525674 0 0
1074 0.933855526544822 0 0
1075 0.934725848563969 0 0
1076 0.935596170583116 0 0
1077 0.936466492602263 0 0
1078 0.93733681462141 0 0
1079 0.938207136640557 0 0
1080 0.939077458659704 0 0
1081 0.939947780678851 0 0
1082 0.940818102697998 0 0
1083 0.941688424717145 0 0
1084 0.942558746736292 0 0
1085 0.94342906875544 0 0
1086 0.944299390774587 0 0
1087 0.945169712793734 0 0
1088 0.946040034812881 0 0
1089 0.946910356832028 0 0
1090 0.947780678851175 0 0
1091 0.948651000870322 0 0
1092 0.949521322889469 0 0
1093 0.950391644908616 0 0
1094 0.951261966927763 0 0
1095 0.95213228894691 0 0
1096 0.953002610966057 0 0
1097 0.953872932985204 0 0
1098 0.954743255004352 0 0
1099 0.955613577023499 0 0
1100 0.956483899042646 0 0
1101 0.957354221061793 0 0
1102 0.95822454308094 0 0
1103 0.959094865100087 0 0
1104 0.959965187119234 0 0
1105 0.960835509138381 0 0
1106 0.961705831157528 0 0
1107 0.962576153176675 0 0
1108 0.963446475195822 0 0
1109 0.96431679721497 0 0
1110 0.965187119234117 0 0
1111 0.966057441253264 0 0
1112 0.966927763272411 0 0
1113 0.967798085291558 0 0
1114 0.968668407310705 0 0
1115 0.969538729329852 0 0
1116 0.970409051348999 0 0
1117 0.971279373368146 0 0
1118 0.972149695387293 0 0
1119 0.97302001740644 0 0
1120 0.973890339425587 0 0
1121 0.974760661444734 0 0
1122 0.975630983463882 0 0
1123 0.976501305483029 0 0
1124 0.977371627502176 0 0
1125 0.978241949521323 0 0
1126 0.97911227154047 0 0
1127 0.979982593559617 0 0
1128 0.980852915578764 0 0
1129 0.981723237597911 0 0
1130 0.982593559617058 0 0
1131 0.983463881636205 0 0
1132 0.984334203655353 0 0
1133 0.9852045256745 0 0
1134 0.986074847693647 0 0
1135 0.986945169712794 0 0
1136 0.987815491731941 0 0
1137 0.988685813751088 0 0
1138 0.989556135770235 0 0
1139 0.990426457789382 0 0
1140 0.991296779808529 0 0
1141 0.992167101827676 0 0
1142 0.993037423846823 0 0
1143 0.99390774586597 0 0
1144 0.994778067885117 0 0
1145 0.995648389904265 0 0
1146 0.996518711923412 0 0
1147 0.997389033942559 0 0
1148 0.998259355961706 0 0
1149 0.999129677980853 0 0
1150 1 0 0
