1 0 0 0
2 0.001953125 0 0
3 0.00390625 0 0
4 0.005859375 0 0
5 0.0078125 0 0
6 0.009765625 0 0
7 0.01171875 0 0
8 0.013671875 0 0
9 0.015625 0 0
10 0.017578125 0 0
11 0.01953125 0 0
12 0.021484375 0 0
13 0.0234375 0 0
14 0.025390625 0 0
15 0.02734375 0 0
16 0.029296875 0 0
17 0.03125 0 0
18 0.033203125 0 0
19 0.03515625 0 0
20 0.037109375 0 0
21 0.0390625 0 0
22 0.041015625 0 0
23 0.04296875 0 0
24 0.044921875 0 0
25 0.046875 0 0
26 0.048828125 0 0
27 0.05078125 0 0
28 0.052734375 0 0
29 0.0546875 0 0
30 0.056640625 0 0
31 0.05859375 0 0
32 0.060546875 0 0
33 0.0625 0 0
34 0.064453125 0 0
35 0.06640625 0 0
36 0.068359375 0 0
37 0.0703125 0 0
38 0.072265625 0 0
39 0.07421875 0 0
40 0.076171875 0 0
41 0.078125 0 0
42 0.080078125 0 0
43 0.08203125 0 0
44 0.083984375 0 0
45 0.0859375 0 0
46 0.087890625 0 0
47 0.08984375 0 0
48 0.091796875 0 0
49 0.09375 0 0
50 0.095703125 0 0
51 0.09765625 0 0
52 0.099609375 0 0
53 0.1015625 0 0
54 0.103515625 0 0
55 0.10546875 0 0
56 0.107421875 0 0
57 0.109375 0 0
58 0.111328125 0 0
59 0.11328125 0 0
60 0.115234375 0 0
61 0.1171875 0 0
62 0.119140625 0 0
63 0.12109375 0 0
64 0.123046875 0 0
65 0.125 0 0
66 0.126953125 0 0
67 0.12890625 0 0
68 0.130859375 0 0
69 0.1328125 0 0
70 0.134765625 0 0
71 0.13671875 0 0
72 0.138671875 0 0
73 0.140625 0 0
74 0.142578125 0 0
75 0.14453125 0 0
76 0.146484375 0 0
77 0.1484375 0 0
78 0.150390625 0 0
79 0.15234375 0 0
80 0.154296875 0 0
81 0.15625 0 0
82 0.158203125 0 0
83 0.16015625 0 0
84 0.162109375 0 0
85 0.1640625 0 0
86 0.166015625 0 0
87 0.16796875 0 0
88 0.169921875 0 0
89 0.171875 0 0
90 0.173828125 0 0
91 0.17578125 0 0
92 0.177734375 0 0
93 0.1796875 0 0
94 0.181640625 0 0
95 0.18359375 0 0
96 0.185546875 0 0
97 0.1875 0 0
98 0.189453125 0 0
99 0.19140625 0 0
100 0.193359375 0 0
101 0.1953125 0 0
102 0.197265625 0 0
103 0.19921875 0 0
104 0.201171875 0 0
105 0.203125 0 0
106 0.205078125 0 0
107 0.20703125 0 0
108 0.208984375 0 0
109 0.2109375 0 0
110 0.212890625 0 0
111 0.21484375 0 0
112 0.216796875 0 0
113 0.21875 0 0
114 0.220703125 0 0
115 0.22265625 0 0
116 0.224609375 0 0
117 0.2265625 0 0
118 0.228515625 0 0
119 0.23046875 0 0
120 0.232421875 0 0
121 0.234375 0 0
122 0.236328125 0 0
123 0.23828125 0 0
124 0.240234375 0 0
125 0.2421875 0 0
126 0.244140625 0 0
127 0.24609375 0 0
128 0.248046875 0 0
129 0.25 0 0
130 0.251953125 0 0
131 0.25390625 0 0
132 0.255859375 0 0
133 0.2578125 0 0
134 0.259765625 0 0
135 0.26171875 0 0
136 0.263671875 0 0
137 0.265625 0 0
138 0.267578125 0 0
139 0.26953125 0 0
140 0.271484375 0 0
141 0.2734375 0 0
142 0.275390625 0 0
143 0.27734375 0 0
144 0.279296875 0 0
145 0.28125 0 0
146 0.283203125 0 0
147 0.28515625 0 0
148 0.287109375 0 0
149 0.2890625 0 0
150 0.291015625 0 0
151 0.29296875 0 0
152 0.294921875 0 0
153 0.296875 0 0
154 0.298828125 0 0
155 0.30078125 0 0
156 0.302734375 0 0
157 0.3046875 0 0
158 0.306640625 0 0
159 0.30859375 0 0
160 0.310546875 0 0
161 0.3125 0 0
162 0.314453125 0 0
163 0.31640625 0 0
164 0.318359375 0 0
165 0.3203125 0 0
166 0.322265625 0 0
167 0.32421875 0 0
168 0.326171875 0 0
169 0.328125 0 0
170 0.330078125 0 0
171 0.33203125 0 0
172 0.333984375 0 0
173 0.3359375 0 0
174 0.337890625 0 0
175 0.33984375 0 0
176 0.341796875 0 0
177 0.34375 0 0
178 0.345703125 0 0
179 0.34765625 0 0
180 0.349609375 0 0
181 0.3515625 0 0
182 0.353515625 0 0
183 0.35546875 0 0
184 0.357421875 0 0
185 0.359375 0 0
186 0.361328125 0 0
187 0.36328125 0 0
188 0.365234375 0 0
189 0.3671875 0 0
190 0.369140625 0 0
191 0.37109375 0 0
192 0.373046875 0 0
193 0.375 0 0
194 0.376953125 0 0
195 0.37890625 0 0
196 0.380859375 0 0
197 0.3828125 0 0
198 0.384765625 0 0
199 0.38671875 0 0
200 0.388671875 0 0
201 0.390625 0 0
202 0.392578125 0 0
203 0.39453125 0 0
204 0.396484375 0 0
205 0.3984375 0 0
206 0.400390625 0 0
207 0.40234375 0 0
208 0.404296875 0 0
209 0.40625 0 0
210 0.408203125 0 0
211 0.41015625 0 0
212 0.412109375 0 0
213 0.4140625 0 0
214 0.416015625 0 0
215 0.41796875 0 0
216 0.419921875 0 0
217 0.421875 0 0
218 0.423828125 0 0
219 0.42578125 0 0
220 0.427734375 0 0
221 0.4296875 0 0
222 0.431640625 0 0
223 0.43359375 0 0
224 0.435546875 0 0
225 0.4375 0 0
226 0.439453125 0 0
227 0.44140625 0 0
228 0.443359375 0 0
229 0.4453125 0 0
230 0.447265625 0 0
231 0.44921875 0 0
232 0.451171875 0 0
233 0.453125 0 0
234 0.455078125 0 0
235 0.45703125 0 0
236 0.458984375 0 0
237 0.4609375 0 0
238 0.462890625 0 0
239 0.46484375 0 0
240 0.466796875 0 0
241 0.46875 0 0
242 0.470703125 0 0
243 0.47265625 0 0
244 0.474609375 0 0
245 0.4765625 0 0
246 0.478515625 0 0
247 0.48046875 0 0
248 0.482421875 0 0
249 0.484375 0 0
250 0.486328125 0 0
251 0.48828125 0 0
252 0.490234375 0 0
253 0.4921875 0 0
254 0.494140625 0 0
255 0.49609375 0 0
256 0.498046875 0 0
257 0.5 0 0
258 0.501953125 0 0
259 0.50390625 0 0
260 0.505859375 0 0
261 0.5078125 0 0
262 0.509765625 0 0
263 0.51171875 0 0
264 0.513671875 0 0
265 0.515625 0 0
266 0.517578125 0 0
267 0.51953125 0 0
268 0.521484375 0 0
269 0.5234375 0 0
270 0.525390625 0 0
271 0.52734375 0 0
272 0.529296875 0 0
273 0.53125 0 0
274 0.533203125 0 0
275 0.53515625 0 0
276 0.537109375 0 0
277 0.5390625 0 0
278 0.541015625 0 0
279 0.54296875 0 0
280 0.544921875 0 0
281 0.546875 0 0
282 0.548828125 0 0
283 0.55078125 0 0
284 0.552734375 0 0
285 0.5546875 0 0
286 0.556640625 0 0
287 0.55859375 0 0
288 0.560546875 0 0
289 0.5625 0 0
290 0.564453125 0 0
291 0.56640625 0 0
292 0.568359375 0 0
293 0.5703125 0 0
294 0.572265625 0 0
295 0.57421875 0 0
296 0.576171875 0 0
297 0.578125 0 0
298 0.580078125 0 0
299 0.58203125 0 0
300 0.583984375 0 0
301 0.5859375 0 0
302 0.587890625 0 0
303 0.58984375 0 0
304 0.591796875 0 0
305 0.59375 0 0
306 0.595703125 0 0
307 0.59765625 0 0
308 0.599609375 0 0
309 0.6015625 0 0
310 0.603515625 0 0
311 0.60546875 0 0
312 0.607421875 0 0
313 0.609375 0 0
314 0.611328125 0 0
315 0.61328125 0 0
316 0.615234375 0 0
317 0.6171875 0 0
318 0.619140625 0 0
319 0.62109375 0 0
320 0.623046875 0 0
321 0.625 0 0
322 0.626953125 0 0
323 0.62890625 0 0
324 0.630859375 0 0
325 0.6328125 0 0
326 0.634765625 0 0
327 0.63671875 0 0
328 0.638671875 0 0
329 0.640625 0 0
330 0.642578125 0 0
331 0.64453125 0 0
332 0.646484375 0 0
333 0.6484375 0 0
334 0.650390625 0 0
335 0.65234375 0 0
336 0.654296875 0 0
337 0.65625 0 0
338 0.658203125 0 0
339 0.66015625 0 0
340 0.662109375 0 0
341 0.6640625 0 0
342 0.666015625 0 0
343 0.66796875 0 0
344 0.669921875 0 0
345 0.671875 0 0
346 0.673828125 0 0
347 0.67578125 0 0
348 0.677734375 0 0
349 0.6796875 0 0
350 0.681640625 0 0
351 0.68359375 0 0
352 0.685546875 0 0
353 0.6875 0 0
354 0.689453125 0 0
355 0.69140625 0 0
356 0.693359375 0 0
357 0.6953125 0 0
358 0.697265625 0 0
359 0.69921875 0 0
360 0.701171875 0 0
361 0.703125 0 0
362 0.705078125 0 0
363 0.70703125 0 0
364 0.708984375 0 0
365 0.7109375 0 0
366 0.712890625 0 0
367 0.71484375 0 0
368 0.716796875 0 0
369 0.71875 0 0
370 0.720703125 0 0
371 0.72265625 0 0
372 0.724609375 0 0
373 0.7265625 0 0
374 0.728515625 0 0
375 0.73046875 0 0
376 0.732421875 0 0
377 0.734375 0 0
378 0.736328125 0 0
379 0.73828125 0 0
380 0.740234375 0 0
381 0.7421875 0 0
382 0.744140625 0 0
383 0.74609375 0 0
384 0.748046875 0 0
385 0.75 0 0
386 0.751953125 0 0
387 0.75390625 0 0
388 0.755859375 0 0
389 0.7578125 0 0
390 0.759765625 0 0
391 0.76171875 0 0
392 0.763671875 0 0
393 0.765625 0 0
394 0.767578125 0 0
395 0.76953125 0 0
396 0.771484375 0 0
397 0.7734375 0 0
398 0.775390625 0 0
399 0.77734375 0 0
400 0.779296875 0 0
401 0.78125 0 0
402 0.783203125 0 0
403 0.78515625 0 0
404 0.787109375 0 0
405 0.7890625 0 0
406 0.791015625 0 0
407 0.79296875 0 0
408 0.794921875 0 0
409 0.796875 0 0
410 0.798828125 0 0
411 0.80078125 0 0
412 0.802734375 0 0
413 0.8046875 0 0
414 0.806640625 0 0
415 0.80859375 0 0
416 0.810546875 0 0
417 0.8125 0 0
418 0.814453125 0 0
419 0.81640625 0 0
420 0.818359375 0 0
421 0.8203125 0 0
422 0.822265625 0 0
423 0.82421875 0 0
424 0.826171875 0 0
425 0.828125 0 0
426 0.830078125 0 0
427 0.83203125 0 0
428 0.833984375 0 0
429 0.8359375 0 0
430 0.837890625 0 0
431 0.83984375 0 0
432 0.841796875 0 0
433 0.84375 0 0
434 0.845703125 0 0
435 0.84765625 0 0
436 0.849609375 0 0
437 0.8515625 0 0
438 0.853515625 0 0
439 0.85546875 0 0
440 0.857421875 0 0
441 0.859375 0 0
442 0.861328125 0 0
443 0.86328125 0 0
444 0.865234375 0 0
445 0.8671875 0 0
446 0.869140625 0 0
447 0.87109375 0 0
448 0.873046875 0 0
449 0.875 0 0
450 0.876953125 0 0
451 0.87890625 0 0
452 0.880859375 0 0
453 0.8828125 0 0
454 0.884765625 0 0
455 0.88671875 0 0
456 0.888671875 0 0
457 0.890625 0 0
458 0.892578125 0 0
459 0.89453125 0 0
460 0.896484375 0 0
461 0.8984375 0 0
462 0.900390625 0 0
463 0.90234375 0 0
464 0.904296875 0 0
465 0.90625 0 0
466 0.908203125 0 0
467 0.91015625 0 0
468 0.912109375 0 0
469 0.9140625 0 0
470 0.916015625 0 0
471 0.91796875 0 0
472 0.919921875 0 0
473 0.921875 0 0
474 0.923828125 0 0
475 0.92578125 0 0
476 0.927734375 0 0
477 0.9296875 0 0
478 0.931640625 0 0
479 0.93359375 0 0
480 0.935546875 0 0
481 0.9375 0 0
482 0.939453125 0 0
483 0.94140625 0 0
484 0.943359375 0 0
485 0.9453125 0 0
486 0.947265625 0 0
487 0.94921875 0 0
488 0.951171875 0 0
489 0.953125 0 0
490 0.955078125 0 0
491 0.95703125 0 0
492 0.958984375 0 0
493 0.9609375 0 0
494 0.962890625 0 0
495 0.96484375 0 0
496 0.966796875 0 0
497 0.96875 0 0
498 0.970703125 0 0
499 0.97265625 0 0
500 0.974609375 0 0
501 0.9765625 0 0
502 0.978515625 0 0
503 0.98046875 0 0
504 0.982421875 0 0
505 0.984375 0 0
506 0.986328125 0 0
507 0.98828125 0 0
508 0.990234375 0 0
509 0.9921875 0 0
510 0.994140625 0 0
511 0.99609375 0 0
512 0.998046875 0 0
513 1 0 0
