1 0 0 0
2 0.00174520069808028 0 0
3 0.00349040139616056 0 0
4 0.00523560209424084 0 0
5 0.00698080279232112 0 0
6 0.0087260034904014 0 0
7 0.0104712041884817 0 0
8 0.012216404886562 0 0
9 0.0139616055846422 0 0
10 0.0157068062827225 0 0
11 0.0174520069808028 0 0
12 0.0191972076788831 0 0
13 0.0209424083769633 0 0
14 0.0226876090750436 0 0
15 0.0244328097731239 0 0
16 0.0261780104712042 0 0
17 0.0279232111692845 0 0
18 0.0296684118673648 0 0
19 0.031413612565445 0 0
20 0.0331588132635253 0 0
21 0.0349040139616056 0 0
22 0.0366492146596859 0 0
23 0.0383944153577661 0 0
24 0.0401396160558464 0 0
25 0.0418848167539267 0 0
26 0.043630017452007 0 0
27 0.0453752181500873 0 0
28 0.0471204188481675 0 0
29 0.0488656195462478 0 0
30 0.0506108202443281 0 0
31 0.0523560209424084 0 0
32 0.0541012216404887 0 0
33 0.0558464223385689 0 0
34 0.0575916230366492 0 0
35 0.0593368237347295 0 0
36 0.0610820244328098 0 0
37 0.0628272251308901 0 0
38 0.0645724258289703 0 0
39 0.0663176265270506 0 0
40 0.0680628272251309 0 0
41 0.0698080279232112 0 0
42 0.0715532286212914 0 0
43 0.0732984293193717 0 0
44 0.075043630017452 0 0
45 0.0767888307155323 0 0
46 0.0785340314136126 0 0
47 0.0802792321116928 0 0
48 0.0820244328097731 0 0
49 0.0837696335078534 0 0
50 0.0855148342059337 0 0
51 0.087260034904014 0 0
52 0.0890052356020943 0 0
53 0.0907504363001745 0 0
54 0.0924956369982548 0 0
55 0.0942408376963351 0 0
56 0.0959860383944154 0 0
57 0.0977312390924956 0 0
58 0.0994764397905759 0 0
59 0.101221640488656 0 0
60 0.102966841186737 0 0
61 0.104712041884817 0 0
62 0.106457242582897 0 0
63 0.108202443280977 0 0
64 0.109947643979058 0 0
65 0.111692844677138 0 0
66 0.113438045375218 0 0
67 0.115183246073298 0 0
68 0.116928446771379 0 0
69 0.118673647469459 0 0
70 0.120418848167539 0 0
71 0.12216404886562 0 0
72 0.1239092495637 0 0
73 0.12565445026178 0 0
74 0.12739965095986 0 0
75 0.129144851657941 0 0
76 0.130890052356021 0 0
77 0.132635253054101 0 0
78 0.134380453752181 0 0
79 0.136125654450262 0 0
80 0.137870855148342 0 0
81 0.139616055846422 0 0
82 0.141361256544503 0 0
83 0.143106457242583 0 0
84 0.144851657940663 0 0
85 0.146596858638743 0 0
86 0.148342059336824 0 0
87 0.150087260034904 0 0
88 0.151832460732984 0 0
89 0.153577661431065 0 0
90 0.155322862129145 0 0
91 0.157068062827225 0 0
92 0.158813263525305 0 0
93 0.160558464223386 0 0
94 0.162303664921466 0 0
95 0.164048865619546 0 0
96 0.165794066317627 0 0
97 0.167539267015707 0 0
98 0.169284467713787 0 0
99 0.171029668411867 0 0
100 0.172774869109948 0 0
101 0.174520069808028 0 0
102 0.176265270506108 0 0
103 0.178010471204189 0 0
104 0.179755671902269 0 0
105 0.181500872600349 0 0
106 0.183246073298429 0 0
107 0.18499127399651 0 0
108 0.18673647469459 0 0
109 0.18848167539267 0 0
110 0.190226876090751 0 0
111 0.191972076788831 0 0
112 0.193717277486911 0 0
113 0.195462478184991 0 0
114 0.197207678883072 0 0
115 0.198952879581152 0 0
116 0.200698080279232 0 0
117 0.202443280977312 0 0
118 0.204188481675393 0 0
119 0.205933682373473 0 0
120 0.207678883071553 0 0
121 0.209424083769634 0 0
122 0.211169284467714 0 0
123 0.212914485165794 0 0
124 0.214659685863874 0 0
125 0.216404886561955 0 0
126 0.218150087260035 0 0
127 0.219895287958115 0 0
128 0.221640488656196 0 0
129 0.223385689354276 0 0
130 0.225130890052356 0 0
131 0.226876090750436 0 0
132 0.228621291448517 0 0
133 0.230366492146597 0 0
134 0.232111692844677 0 0
135 0.233856893542757 0 0
136 0.235602094240838 0 0
137 0.237347294938918 0 0
138 0.239092495636998 0 0
139 0.240837696335079 0 0
140 0.242582897033159 0 0
141 0.244328097731239 0 0
142 0.246073298429319 0 0
143 0.2478184991274 0 0
144 0.24956369982548 0 0
145 0.25130890052356 0 0
146 0.253054101221641 0 0
147 0.254799301919721 0 0
148 0.256544502617801 0 0
149 0.258289703315881 0 0
150 0.260034904013962 0 0
151 0.261780104712042 0 0
152 0.263525305410122 0 0
153 0.265270506108202 0 0
154 0.267015706806283 0 0
155 0.268760907504363 0 0
156 0.270506108202443 0 0
157 0.272251308900524 0 0
158 0.273996509598604 0 0
159 0.275741710296684 0 0
160 0.277486910994764 0 0
161 0.279232111692845 0 0
162 0.280977312390925 0 0
163 0.282722513089005 0 0
164 0.284467713787086 0 0
165 0.286212914485166 0 0
166 0.287958115183246 0 0
167 0.289703315881326 0 0
168 0.291448516579407 0 0
169 0.293193717277487 0 0
170 0.294938917975567 0 0
171 0.296684118673648 0 0
172 0.298429319371728 0 0
173 0.300174520069808 0 0
174 0.301919720767888 0 0
175 0.303664921465969 0 0
176 0.305410122164049 0 0
177 0.307155322862129 0 0
178 0.308900523560209 0 0
179 0.31064572425829 0 0
180 0.31239092495637 0 0
181 0.31413612565445 0 0
182 0.315881326352531 0 0
183 0.317626527050611 0 0
184 0.319371727748691 0 0
185 0.321116928446771 0 0
186 0.322862129144852 0 0
187 0.324607329842932 0 0
188 0.326352530541012 0 0
189 0.328097731239093 0 0
190 0.329842931937173 0 0
191 0.331588132635253 0 0
192 0.333333333333333 0 0
193 0.335078534031414 0 0
194 0.336823734729494 0 0
195 0.338568935427574 0 0
196 0.340314136125654 0 0
197 0.342059336823735 0 0
198 0.343804537521815 0 0
199 0.345549738219895 0 0
200 0.347294938917976 0 0
201 0.349040139616056 0 0
202 0.350785340314136 0 0
203 0.352530541012216 0 0
204 0.354275741710297 0 0
205 0.356020942408377 0 0
206 0.357766143106457 0 0
207 0.359511343804537 0 0
208 0.361256544502618 0 0
209 0.363001745200698 0 0
210 0.364746945898778 0 0
211 0.366492146596859 0 0
212 0.368237347294939 0 0
213 0.369982547993019 0 0
214 0.371727748691099 0 0
215 0.37347294938918 0 0
216 0.37521815008726 0 0
217 0.37696335078534 0 0
218 0.378708551483421 0 0
219 0.380453752181501 0 0
220 0.382198952879581 0 0
221 0.383944153577661 0 0
222 0.385689354275742 0 0
223 0.387434554973822 0 0
224 0.389179755671902 0 0
225 0.390924956369982 0 0
226 0.392670157068063 0 0
227 0.394415357766143 0 0
228 0.396160558464223 0 0
229 0.397905759162304 0 0
230 0.399650959860384 0 0
231 0.401396160558464 0 0
232 0.403141361256544 0 0
233 0.404886561954625 0 0
234 0.406631762652705 0 0
235 0.408376963350785 0 0
236 0.410122164048866 0 0
237 0.411867364746946 0 0
238 0.413612565445026 0 0
239 0.415357766143106 0 0
240 0.417102966841187 0 0
241 0.418848167539267 0 0
242 0.420593368237347 0 0
243 0.422338568935427 0 0
244 0.424083769633508 0 0
245 0.425828970331588 0 0
246 0.427574171029668 0 0
247 0.429319371727749 0 0
248 0.431064572425829 0 0
249 0.432809773123909 0 0
250 0.434554973821989 0 0
251 0.43630017452007 0 0
252 0.43804537521815 0 0
253 0.43979057591623 0 0
254 0.441535776614311 0 0
255 0.443280977312391 0 0
256 0.445026178010471 0 0
257 0.446771378708551 0 0
258 0.448516579406632 0 0
259 0.450261780104712 0 0
260 0.452006980802792 0 0
261 0.453752181500873 0 0
262 0.455497382198953 0 0
263 0.457242582897033 0 0
264 0.458987783595113 0 0
265 0.460732984293194 0 0
266 0.462478184991274 0 0
267 0.464223385689354 0 0
268 0.465968586387435 0 0
269 0.467713787085515 0 0
270 0.469458987783595 0 0
271 0.471204188481675 0 0
272 0.472949389179756 0 0
273 0.474694589877836 0 0
274 0.476439790575916 0 0
275 0.478184991273996 0 0
276 0.479930191972077 0 0
277 0.481675392670157 0 0
278 0.483420593368237 0 0
279 0.485165794066318 0 0
280 0.486910994764398 0 0
281 0.488656195462478 0 0
282 0.490401396160558 0 0
283 0.492146596858639 0 0
284 0.493891797556719 0 0
285 0.495636998254799 0 0
286 0.49738219895288 0 0
287 0.49912739965096 0 0
288 0.50087260034904 0 0
289 0.502617801047121 0 0
290 0.504363001745201 0 0
291 0.506108202443281 0 0
292 0.507853403141361 0 0
293 0.509598603839442 0 0
294 0.511343804537522 0 0
295 0.513089005235602 0 0
296 0.514834205933682 0 0
297 0.516579406631763 0 0
298 0.518324607329843 0 0
299 0.520069808027923 0 0
300 0.521815008726004 0 0
301 0.523560209424084 0 0
302 0.525305410122164 0 0
303 0.527050610820244 0 0
304 0.528795811518325 0 0
305 0.530541012216405 0 0
306 0.532286212914485 0 0
307 0.534031413612565 0 0
308 0.535776614310646 0 0
309 0.537521815008726 0 0
310 0.539267015706806 0 0
311 0.541012216404887 0 0
312 0.542757417102967 0 0
313 0.544502617801047 0 0
314 0.546247818499127 0 0
315 0.547993019197208 0 0
316 0.549738219895288 0 0
317 0.551483420593368 0 0
318 0.553228621291449 0 0
319 0.554973821989529 0 0
320 0.556719022687609 0 0
321 0.558464223385689 0 0
322 0.56020942408377 0 0
323 0.56195462478185 0 0
324 0.56369982547993 0 0
325 0.565445026178011 0 0
326 0.567190226876091 0 0
327 0.568935427574171 0 0
328 0.570680628272251 0 0
329 0.572425828970332 0 0
330 0.574171029668412 0 0
331 0.575916230366492 0 0
332 0.577661431064572 0 0
333 0.579406631762653 0 0
334 0.581151832460733 0 0
335 0.582897033158813 0 0
336 0.584642233856894 0 0
337 0.586387434554974 0 0
338 0.588132635253054 0 0
339 0.589877835951134 0 0
340 0.591623036649215 0 0
341 0.593368237347295 0 0
342 0.595113438045375 0 0
343 0.596858638743456 0 0
344 0.598603839441536 0 0
345 0.600349040139616 0 0
346 0.602094240837696 0 0
347 0.603839441535777 0 0
348 0.605584642233857 0 0
349 0.607329842931937 0 0
350 0.609075043630018 0 0
351 0.610820244328098 0 0
352 0.612565445026178 0 0
353 0.614310645724258 0 0
354 0.616055846422339 0 0
355 0.617801047120419 0 0
356 0.619546247818499 0 0
357 0.621291448516579 0 0
358 0.62303664921466 0 0
359 0.62478184991274 0 0
360 0.62652705061082 0 0
361 0.628272251308901 0 0
362 0.630017452006981 0 0
363 0.631762652705061 0 0
364 0.633507853403141 0 0
365 0.635253054101222 0 0
366 0.636998254799302 0 0
367 0.638743455497382 0 0
368 0.640488656195462 0 0
369 0.642233856893543 0 0
370 0.643979057591623 0 0
371 0.645724258289703 0 0
372 0.647469458987784 0 0
373 0.649214659685864 0 0
374 0.650959860383944 0 0
375 0.652705061082024 0 0
376 0.654450261780105 0 0
377 0.656195462478185 0 0
378 0.657940663176265 0 0
379 0.659685863874346 0 0
380 0.661431064572426 0 0
381 0.663176265270506 0 0
382 0.664921465968586 0 0
383 0.666666666666667 0 0
384 0.668411867364747 0 0
385 0.670157068062827 0 0
386 0.671902268760908 0 0
387 0.673647469458988 0 0
388 0.675392670157068 0 0
389 0.677137870855148 0 0
390 0.678883071553229 0 0
391 0.680628272251309 0 0
392 0.682373472949389 0 0
393 0.684118673647469 0 0
394 0.68586387434555 0 0
395 0.68760907504363 0 0
396 0.68935427574171 0 0
397 0.691099476439791 0 0
398 0.692844677137871 0 0
399 0.694589877835951 0 0
400 0.696335078534031 0 0
401 0.698080279232112 0 0
402 0.699825479930192 0 0
403 0.701570680628272 0 0
404 0.703315881326353 0 0
405 0.705061082024433 0 0
406 0.706806282722513 0 0
407 0.708551483420593 0 0
408 0.710296684118674 0 0
409 0.712041884816754 0 0
410 0.713787085514834 0 0
411 0.715532286212915 0 0
412 0.717277486910995 0 0
413 0.719022687609075 0 0
414 0.720767888307155 0 0
415 0.722513089005236 0 0
416 0.724258289703316 0 0
417 0.726003490401396 0 0
418 0.727748691099476 0 0
419 0.729493891797557 0 0
420 0.731239092495637 0 0
421 0.732984293193717 0 0
422 0.734729493891798 0 0
423 0.736474694589878 0 0
424 0.738219895287958 0 0
425 0.739965095986038 0 0
426 0.741710296684119 0 0
427 0.743455497382199 0 0
428 0.745200698080279 0 0
429 0.746945898778359 0 0
430 0.74869109947644 0 0
431 0.75043630017452 0 0
432 0.7521815008726 0 0
433 0.753926701570681 0 0
434 0.755671902268761 0 0
435 0.757417102966841 0 0
436 0.759162303664922 0 0
437 0.760907504363002 0 0
438 0.762652705061082 0 0
439 0.764397905759162 0 0
440 0.766143106457243 0 0
441 0.767888307155323 0 0
442 0.769633507853403 0 0
443 0.771378708551483 0 0
444 0.773123909249564 0 0
445 0.774869109947644 0 0
446 0.776614310645724 0 0
447 0.778359511343805 0 0
448 0.780104712041885 0 0
449 0.781849912739965 0 0
450 0.783595113438045 0 0
451 0.785340314136126 0 0
452 0.787085514834206 0 0
453 0.788830715532286 0 0
454 0.790575916230366 0 0
455 0.792321116928447 0 0
456 0.794066317626527 0 0
457 0.795811518324607 0 0
458 0.797556719022688 0 0
459 0.799301919720768 0 0
460 0.801047120418848 0 0
461 0.802792321116928 0 0
462 0.804537521815009 0 0
463 0.806282722513089 0 0
464 0.808027923211169 0 0
465 0.80977312390925 0 0
466 0.81151832460733 0 0
467 0.81326352530541 0 0
468 0.81500872600349 0 0
469 0.816753926701571 0 0
470 0.818499127399651 0 0
471 0.820244328097731 0 0
472 0.821989528795812 0 0
473 0.823734729493892 0 0
474 0.825479930191972 0 0
475 0.827225130890052 0 0
476 0.828970331588133 0 0
477 0.830715532286213 0 0
478 0.832460732984293 0 0
479 0.834205933682374 0 0
480 0.835951134380454 0 0
481 0.837696335078534 0 0
482 0.839441535776614 0 0
483 0.841186736474695 0 0
484 0.842931937172775 0 0
485 0.844677137870855 0 0
486 0.846422338568935 0 0
487 0.848167539267016 0 0
488 0.849912739965096 0 0
489 0.851657940663176 0 0
490 0.853403141361257 0 0
491 0.855148342059337 0 0
492 0.856893542757417 0 0
493 0.858638743455497 0 0
494 0.860383944153578 0 0
495 0.862129144851658 0 0
496 0.863874345549738 0 0
497 0.865619546247819 0 0
498 0.867364746945899 0 0
499 0.869109947643979 0 0
500 0.870855148342059 0 0
501 0.87260034904014 0 0
502 0.87434554973822 0 0
503 0.8760907504363 0 0
504 0.877835951134381 0 0
505 0.879581151832461 0 0
506 0.881326352530541 0 0
507 0.883071553228621 0 0
508 0.884816753926702 0 0
509 0.886561954624782 0 0
510 0.888307155322862 0 0
511 0.890052356020942 0 0
512 0.891797556719023 0 0
513 0.893542757417103 0 0
514 0.895287958115183 0 0
515 0.897033158813264 0 0
516 0.898778359511344 0 0
517 0.900523560209424 0 0
518 0.902268760907504 0 0
519 0.904013961605585 0 0
520 0.905759162303665 0 0
521 0.907504363001745 0 0
522 0.909249563699825 0 0
523 0.910994764397906 0 0
524 0.912739965095986 0 0
525 0.914485165794066 0 0
526 0.916230366492147 0 0
527 0.917975567190227 0 0
528 0.919720767888307 0 0
529 0.921465968586388 0 0
530 0.923211169284468 0 0
531 0.924956369982548 0 0
532 0.926701570680628 0 0
533 0.928446771378709 0 0
534 0.930191972076789 0 0
535 0.931937172774869 0 0
536 0.933682373472949 0 0
537 0.93542757417103 0 0
538 0.93717277486911 0 0
539 0.93891797556719 0 0
540 0.940663176265271 0 0
541 0.942408376963351 0 0
542 0.944153577661431 0 0
543 0.945898778359511 0 0
544 0.947643979057592 0 0
545 0.949389179755672 0 0
546 0.951134380453752 0 0
547 0.952879581151832 0 0
548 0.954624781849913 0 0
549 0.956369982547993 0 0
550 0.958115183246073 0 0
551 0.959860383944154 0 0
552 0.961605584642234 0 0
553 0.963350785340314 0 0
554 0.965095986038394 0 0
555 0.966841186736475 0 0
556 0.968586387434555 0 0
557 0.970331588132635 0 0
558 0.972076788830716 0 0
559 0.973821989528796 0 0
560 0.975567190226876 0 0
561 0.977312390924956 0 0
562 0.979057591623037 0 0
563 0.980802792321117 0 0
564 0.982547993019197 0 0
565 0.984293193717278 0 0
566 0.986038394415358 0 0
567 0.987783595113438 0 0
568 0.989528795811518 0 0
569 0.991273996509599 0 0
570 0.993019197207679 0 0
571 0.994764397905759 0 0
572 0.996509598603839 0 0
573 0.99825479930192 0 0
574 1 0 0
