1 0 0 0
2 0.0111111111111111 0 0
3 0.0222222222222222 0 0
4 0.0333333333333333 0 0
5 0.0444444444444444 0 0
6 0.0555555555555556 0 0
7 0.0666666666666667 0 0
8 0.0777777777777778 0 0
9 0.0888888888888889 0 0
10 0.1 0 0
11 0.111111111111111 0 0
12 0.122222222222222 0 0
13 0.133333333333333 0 0
14 0.144444444444444 0 0
15 0.155555555555556 0 0
16 0.166666666666667 0 0
17 0.177777777777778 0 0
18 0.188888888888889 0 0
19 0.2 0 0
20 0.211111111111111 0 0
21 0.222222222222222 0 0
22 0.233333333333333 0 0
23 0.244444444444444 0 0
24 0.255555555555556 0 0
25 0.266666666666667 0 0
26 0.277777777777778 0 0
27 0.288888888888889 0 0
28 0.3 0 0
29 0.311111111111111 0 0
30 0.322222222222222 0 0
31 0.333333333333333 0 0
32 0.344444444444444 0 0
33 0.355555555555556 0 0
34 0.366666666666667 0 0
35 0.377777777777778 0 0
36 0.388888888888889 0 0
37 0.4 0 0
38 0.411111111111111 0 0
39 0.422222222222222 0 0
40 0.433333333333333 0 0
41 0.444444444444444 0 0
42 0.455555555555555 0 0
43 0.466666666666667 0 0
44 0.477777777777778 0 0
45 0.488888888888889 0 0
46 0.5 0 0
47 0.511111111111111 0 0
48 0.522222222222222 0 0
49 0.533333333333333 0 0
50 0.544444444444444 0 0
51 0.555555555555556 0 0
52 0.566666666666667 0 0
53 0.577777777777778 0 0
54 0.588888888888889 0 0
55 0.6 0 0
56 0.611111111111111 0 0
57 0.622222222222222 0 0
58 0.633333333333333 0 0
59 0.644444444444444 0 0
60 0.655555555555555 0 0
61 0.666666666666667 0 0
62 0.677777777777778 0 0
63 0.688888888888889 0 0
64 0.7 0 0
65 0.711111111111111 0 0
66 0.722222222222222 0 0
67 0.733333333333333 0 0
68 0.744444444444444 0 0
69 0.755555555555555 0 0
70 0.766666666666666 0 0
71 0.777777777777778 0 0
72 0.788888888888889 0 0
73 0.8 0 0
74 0.811111111111111 0 0
75 0.822222222222222 0 0
76 0.833333333333333 0 0
77 0.844444444444444 0 0
78 0.855555555555555 0 0
79 0.866666666666666 0 0
80 0.877777777777778 0 0
81 0.888888888888889 0 0
82 0.9 0 0
83 0.911111111111111 0 0
84 0.922222222222222 0 0
85 0.933333333333333 0 0
86 0.944444444444444 0 0
87 0.955555555555555 0 0
88 0.966666666666667 0 0
89 0.977777777777778 0 0
90 0.988888888888889 0 0
91 1 0 0
