1 0 0 0
2 0.003125 0 0
3 0.00625 0 0
4 0.009375 0 0
5 0.0125 0 0
6 0.015625 0 0
7 0.01875 0 0
8 0.021875 0 0
9 0.025 0 0
10 0.028125 0 0
11 0.03125 0 0
12 0.034375 0 0
13 0.0375 0 0
14 0.040625 0 0
15 0.04375 0 0
16 0.046875 0 0
17 0.05 0 0
18 0.053125 0 0
19 0.05625 0 0
20 0.059375 0 0
21 0.0625 0 0
22 0.065625 0 0
23 0.06875 0 0
24 0.071875 0 0
25 0.075 0 0
26 0.078125 0 0
27 0.08125 0 0
28 0.084375 0 0
29 0.0875 0 0
30 0.090625 0 0
31 0.09375 0 0
32 0.096875 0 0
33 0.1 0 0
34 0.103125 0 0
35 0.10625 0 0
36 0.109375 0 0
37 0.1125 0 0
38 0.115625 0 0
39 0.11875 0 0
40 0.121875 0 0
41 0.125 0 0
42 0.128125 0 0
43 0.13125 0 0
44 0.134375 0 0
45 0.1375 0 0
46 0.140625 0 0
47 0.14375 0 0
48 0.146875 0 0
49 0.15 0 0
50 0.153125 0 0
51 0.15625 0 0
52 0.159375 0 0
53 0.1625 0 0
54 0.165625 0 0
55 0.16875 0 0
56 0.171875 0 0
57 0.175 0 0
58 0.178125 0 0
59 0.18125 0 0
60 0.184375 0 0
61 0.1875 0 0
62 0.190625 0 0
63 0.19375 0 0
64 0.196875 0 0
65 0.2 0 0
66 0.203125 0 0
67 0.20625 0 0
68 0.209375 0 0
69 0.2125 0 0
70 0.215625 0 0
71 0.21875 0 0
72 0.221875 0 0
73 0.225 0 0
74 0.228125 0 0
75 0.23125 0 0
76 0.234375 0 0
77 0.2375 0 0
78 0.240625 0 0
79 0.24375 0 0
80 0.246875 0 0
81 0.25 0 0
82 0.253125 0 0
83 0.25625 0 0
84 0.259375 0 0
85 0.2625 0 0
86 0.265625 0 0
87 0.26875 0 0
88 0.271875 0 0
89 0.275 0 0
90 0.278125 0 0
91 0.28125 0 0
92 0.284375 0 0
93 0.2875 0 0
94 0.290625 0 0
95 0.29375 0 0
96 0.296875 0 0
97 0.3 0 0
98 0.303125 0 0
99 0.30625 0 0
100 0.309375 0 0
101 0.3125 0 0
102 0.315625 0 0
103 0.31875 0 0
104 0.321875 0 0
105 0.325 0 0
106 0.328125 0 0
107 0.33125 0 0
108 0.334375 0 0
109 0.3375 0 0
110 0.340625 0 0
111 0.34375 0 0
112 0.346875 0 0
113 0.35 0 0
114 0.353125 0 0
115 0.35625 0 0
116 0.359375 0 0
117 0.3625 0 0
118 0.365625 0 0
119 0.36875 0 0
120 0.371875 0 0
121 0.375 0 0
122 0.378125 0 0
123 0.38125 0 0
124 0.384375 0 0
125 0.3875 0 0
126 0.390625 0 0
127 0.39375 0 0
128 0.396875 0 0
129 0.4 0 0
130 0.403125 0 0
131 0.40625 0 0
132 0.409375 0 0
133 0.4125 0 0
134 0.415625 0 0
135 0.41875 0 0
136 0.421875 0 0
137 0.425 0 0
138 0.428125 0 0
139 0.43125 0 0
140 0.434375 0 0
141 0.4375 0 0
142 0.440625 0 0
143 0.44375 0 0
144 0.446875 0 0
145 0.45 0 0
146 0.453125 0 0
147 0.45625 0 0
148 0.459375 0 0
149 0.4625 0 0
150 0.465625 0 0
151 0.46875 0 0
152 0.471875 0 0
153 0.475 0 0
154 0.478125 0 0
155 0.48125 0 0
156 0.484375 0 0
157 0.4875 0 0
158 0.490625 0 0
159 0.49375 0 0
160 0.496875 0 0
161 0.5 0 0
162 0.503125 0 0
163 0.50625 0 0
164 0.509375 0 0
165 0.5125 0 0
166 0.515625 0 0
167 0.51875 0 0
168 0.521875 0 0
169 0.525 0 0
170 0.528125 0 0
171 0.53125 0 0
172 0.534375 0 0
173 0.5375 0 0
174 0.540625 0 0
175 0.54375 0 0
176 0.546875 0 0
177 0.55 0 0
178 0.553125 0 0
179 0.55625 0 0
180 0.559375 0 0
181 0.5625 0 0
182 0.565625 0 0
183 0.56875 0 0
184 0.571875 0 0
185 0.575 0 0
186 0.578125 0 0
187 0.58125 0 0
188 0.584375 0 0
189 0.5875 0 0
190 0.590625 0 0
191 0.59375 0 0
192 0.596875 0 0
193 0.6 0 0
194 0.603125 0 0
195 0.60625 0 0
196 0.609375 0 0
197 0.6125 0 0
198 0.615625 0 0
199 0.61875 0 0
200 0.621875 0 0
201 0.625 0 0
202 0.628125 0 0
203 0.63125 0 0
204 0.634375 0 0
205 0.6375 0 0
206 0.640625 0 0
207 0.64375 0 0
208 0.646875 0 0
209 0.65 0 0
210 0.653125 0 0
211 0.65625 0 0
212 0.659375 0 0
213 0.6625 0 0
214 0.665625 0 0
215 0.66875 0 0
216 0.671875 0 0
217 0.675 0 0
218 0.678125 0 0
219 0.68125 0 0
220 0.684375 0 0
221 0.6875 0 0
222 0.690625 0 0
223 0.69375 0 0
224 0.696875 0 0
225 0.7 0 0
226 0.703125 0 0
227 0.70625 0 0
228 0.709375 0 0
229 0.7125 0 0
230 0.715625 0 0
231 0.71875 0 0
232 0.721875 0 0
233 0.725 0 0
234 0.728125 0 0
235 0.73125 0 0
236 0.734375 0 0
237 0.7375 0 0
238 0.740625 0 0
239 0.74375 0 0
240 0.746875 0 0
241 0.75 0 0
242 0.753125 0 0
243 0.75625 0 0
244 0.759375 0 0
245 0.7625 0 0
246 0.765625 0 0
247 0.76875 0 0
248 0.771875 0 0
249 0.775 0 0
250 0.778125 0 0
251 0.78125 0 0
252 0.784375 0 0
253 0.7875 0 0
254 0.790625 0 0
255 0.79375 0 0
256 0.796875 0 0
257 0.8 0 0
258 0.803125 0 0
259 0.80625 0 0
260 0.809375 0 0
261 0.8125 0 0
262 0.815625 0 0
263 0.81875 0 0
264 0.821875 0 0
265 0.825 0 0
266 0.828125 0 0
267 0.83125 0 0
268 0.834375 0 0
269 0.8375 0 0
270 0.840625 0 0
271 0.84375 0 0
272 0.846875 0 0
273 0.85 0 0
274 0.853125 0 0
275 0.85625 0 0
276 0.859375 0 0
277 0.8625 0 0
278 0.865625 0 0
279 0.86875 0 0
280 0.871875 0 0
281 0.875 0 0
282 0.878125 0 0
283 0.88125 0 0
284 0.884375 0 0
285 0.8875 0 0
286 0.890625 0 0
287 0.89375 0 0
288 0.896875 0 0
289 0.9 0 0
290 0.903125 0 0
291 0.90625 0 0
292 0.909375 0 0
293 0.9125 0 0
294 0.915625 0 0
295 0.91875 0 0
296 0.921875 0 0
297 0.925 0 0
298 0.928125 0 0
299 0.93125 0 0
300 0.934375 0 0
301 0.9375 0 0
302 0.940625 0 0
303 0.94375 0 0
304 0.946875 0 0
305 0.95 0 0
306 0.953125 0 0
307 0.95625 0 0
308 0.959375 0 0
309 0.9625 0 0
310 0.965625 0 0
311 0.96875 0 0
312 0.971875 0 0
313 0.975 0 0
314 0.978125 0 0
315 0.98125 0 0
316 0.984375 0 0
317 0.9875 0 0
318 0.990625 0 0
319 0.99375 0 0
320 0.996875 0 0
321 1 0 0
