1 0 0 0
2 0.0108695652173913 0 0
3 0.0217391304347826 0 0
4 0.0326086956521739 0 0
5 0.0434782608695652 0 0
6 0.0543478260869565 0 0
7 0.0652173913043478 0 0
8 0.0760869565217391 0 0
9 0.0869565217391304 0 0
10 0.0978260869565217 0 0
11 0.108695652173913 0 0
12 0.119565217391304 0 0
13 0.130434782608696 0 0
14 0.141304347826087 0 0
15 0.152173913043478 0 0
16 0.16304347826087 0 0
17 0.173913043478261 0 0
18 0.184782608695652 0 0
19 0.195652173913043 0 0
20 0.206521739130435 0 0
21 0.217391304347826 0 0
22 0.228260869565217 0 0
23 0.239130434782609 0 0
24 0.25 0 0
25 0.260869565217391 0 0
26 0.271739130434783 0 0
27 0.282608695652174 0 0
28 0.293478260869565 0 0
29 0.304347826086956 0 0
30 0.315217391304348 0 0
31 0.326086956521739 0 0
32 0.33695652173913 0 0
33 0.347826086956522 0 0
34 0.358695652173913 0 0
35 0.369565217391304 0 0
36 0.380434782608696 0 0
37 0.391304347826087 0 0
38 0.402173913043478 0 0
39 0.41304347826087 0 0
40 0.423913043478261 0 0
41 0.434782608695652 0 0
42 0.445652173913044 0 0
43 0.456521739130435 0 0
44 0.467391304347826 0 0
45 0.478260869565217 0 0
46 0.489130434782609 0 0
47 0.5 0 0
48 0.510869565217391 0 0
49 0.521739130434783 0 0
50 0.532608695652174 0 0
51 0.543478260869565 0 0
52 0.554347826086957 0 0
53 0.565217391304348 0 0
54 0.576086956521739 0 0
55 0.58695652173913 0 0
56 0.597826086956522 0 0
57 0.608695652173913 0 0
58 0.619565217391304 0 0
59 0.630434782608696 0 0
60 0.641304347826087 0 0
61 0.652173913043478 0 0
62 0.66304347826087 0 0
63 0.673913043478261 0 0
64 0.684782608695652 0 0
65 0.695652173913043 0 0
66 0.706521739130435 0 0
67 0.717391304347826 0 0
68 0.728260869565218 0 0
69 0.739130434782609 0 0
70 0.75 0 0
71 0.760869565217391 0 0
72 0.771739130434783 0 0
73 0.782608695652174 0 0
74 0.793478260869565 0 0
75 0.804347826086957 0 0
76 0.815217391304348 0 0
77 0.826086956521739 0 0
78 0.83695652173913 0 0
79 0.847826086956522 0 0
80 0.858695652173913 0 0
81 0.869565217391304 0 0
82 0.880434782608696 0 0
83 0.891304347826087 0 0
84 0.902173913043478 0 0
85 0.91304347826087 0 0
86 0.923913043478261 0 0
87 0.934782608695652 0 0
88 0.945652173913044 0 0
89 0.956521739130435 0 0
90 0.967391304347826 0 0
91 0.978260869565218 0 0
92 0.989130434782609 0 0
93 1 0 0
