1 0 0 0
2 0.00531914893617021 0 0
3 0.0106382978723404 0 0
4 0.0159574468085106 0 0
5 0.0212765957446809 0 0
6 0.0265957446808511 0 0
7 0.0319148936170213 0 0
8 0.0372340425531915 0 0
9 0.0425531914893617 0 0
10 0.0478723404255319 0 0
11 0.0531914893617021 0 0
12 0.0585106382978723 0 0
13 0.0638297872340425 0 0
14 0.0691489361702128 0 0
15 0.074468085106383 0 0
16 0.0797872340425532 0 0
17 0.0851063829787234 0 0
18 0.0904255319148936 0 0
19 0.0957446808510638 0 0
20 0.101063829787234 0 0
21 0.106382978723404 0 0
22 0.111702127659575 0 0
23 0.117021276595745 0 0
24 0.122340425531915 0 0
25 0.127659574468085 0 0
26 0.132978723404255 0 0
27 0.138297872340426 0 0
28 0.143617021276596 0 0
29 0.148936170212766 0 0
30 0.154255319148936 0 0
31 0.159574468085106 0 0
32 0.164893617021277 0 0
33 0.170212765957447 0 0
34 0.175531914893617 0 0
35 0.180851063829787 0 0
36 0.186170212765957 0 0
37 0.191489361702128 0 0
38 0.196808510638298 0 0
39 0.202127659574468 0 0
40 0.207446808510638 0 0
41 0.212765957446809 0 0
42 0.218085106382979 0 0
43 0.223404255319149 0 0
44 0.228723404255319 0 0
45 0.234042553191489 0 0
46 0.23936170212766 0 0
47 0.24468085106383 0 0
48 0.25 0 0
49 0.25531914893617 0 0
50 0.26063829787234 0 0
51 0.265957446808511 0 0
52 0.271276595744681 0 0
53 0.276595744680851 0 0
54 0.281914893617021 0 0
55 0.287234042553192 0 0
56 0.292553191489362 0 0
57 0.297872340425532 0 0
58 0.303191489361702 0 0
59 0.308510638297872 0 0
60 0.313829787234043 0 0
61 0.319148936170213 0 0
62 0.324468085106383 0 0
63 0.329787234042553 0 0
64 0.335106382978723 0 0
65 0.340425531914894 0 0
66 0.345744680851064 0 0
67 0.351063829787234 0 0
68 0.356382978723404 0 0
69 0.361702127659574 0 0
70 0.367021276595745 0 0
71 0.372340425531915 0 0
72 0.377659574468085 0 0
73 0.382978723404255 0 0
74 0.388297872340426 0 0
75 0.393617021276596 0 0
76 0.398936170212766 0 0
77 0.404255319148936 0 0
78 0.409574468085106 0 0
79 0.414893617021277 0 0
80 0.420212765957447 0 0
81 0.425531914893617 0 0
82 0.430851063829787 0 0
83 0.436170212765957 0 0
84 0.441489361702128 0 0
85 0.446808510638298 0 0
86 0.452127659574468 0 0
87 0.457446808510638 0 0
88 0.462765957446809 0 0
89 0.468085106382979 0 0
90 0.473404255319149 0 0
91 0.478723404255319 0 0
92 0.484042553191489 0 0
93 0.48936170212766 0 0
94 0.49468085106383 0 0
95 0.5 0 0
96 0.50531914893617 0 0
97 0.51063829787234 0 0
98 0.515957446808511 0 0
99 0.521276595744681 0 0
100 0.526595744680851 0 0
101 0.531914893617021 0 0
102 0.537234042553192 0 0
103 0.542553191489362 0 0
104 0.547872340425532 0 0
105 0.553191489361702 0 0
106 0.558510638297872 0 0
107 0.563829787234042 0 0
108 0.569148936170213 0 0
109 0.574468085106383 0 0
110 0.579787234042553 0 0
111 0.585106382978723 0 0
112 0.590425531914894 0 0
113 0.595744680851064 0 0
114 0.601063829787234 0 0
115 0.606382978723404 0 0
116 0.611702127659575 0 0
117 0.617021276595745 0 0
118 0.622340425531915 0 0
119 0.627659574468085 0 0
120 0.632978723404255 0 0
121 0.638297872340426 0 0
122 0.643617021276596 0 0
123 0.648936170212766 0 0
124 0.654255319148936 0 0
125 0.659574468085106 0 0
126 0.664893617021277 0 0
127 0.670212765957447 0 0
128 0.675531914893617 0 0
129 0.680851063829787 0 0
130 0.686170212765957 0 0
131 0.691489361702128 0 0
132 0.696808510638298 0 0
133 0.702127659574468 0 0
134 0.707446808510638 0 0
135 0.712765957446808 0 0
136 0.718085106382979 0 0
137 0.723404255319149 0 0
138 0.728723404255319 0 0
139 0.734042553191489 0 0
140 0.73936170212766 0 0
141 0.74468085106383 0 0
142 0.75 0 0
143 0.75531914893617 0 0
144 0.76063829787234 0 0
145 0.765957446808511 0 0
146 0.771276595744681 0 0
147 0.776595744680851 0 0
148 0.781914893617021 0 0
149 0.787234042553192 0 0
150 0.792553191489362 0 0
151 0.797872340425532 0 0
152 0.803191489361702 0 0
153 0.808510638297872 0 0
154 0.813829787234043 0 0
155 0.819148936170213 0 0
156 0.824468085106383 0 0
157 0.829787234042553 0 0
158 0.835106382978723 0 0
159 0.840425531914894 0 0
160 0.845744680851064 0 0
161 0.851063829787234 0 0
162 0.856382978723404 0 0
163 0.861702127659574 0 0
164 0.867021276595745 0 0
165 0.872340425531915 0 0
166 0.877659574468085 0 0
167 0.882978723404255 0 0
168 0.888297872340426 0 0
169 0.893617021276596 0 0
170 0.898936170212766 0 0
171 0.904255319148936 0 0
172 0.909574468085106 0 0
173 0.914893617021277 0 0
174 0.920212765957447 0 0
175 0.925531914893617 0 0
176 0.930851063829787 0 0
177 0.936170212765957 0 0
178 0.941489361702128 0 0
179 0.946808510638298 0 0
180 0.952127659574468 0 0
181 0.957446808510638 0 0
182 0.962765957446808 0 0
183 0.968085106382979 0 0
184 0.973404255319149 0 0
185 0.978723404255319 0 0
186 0.984042553191489 0 0
187 0.98936170212766 0 0
188 0.99468085106383 0 0
189 1 0 0
