1 0 0 0
2 0.00390625 0 0
3 0.0078125 0 0
4 0.01171875 0 0
5 0.015625 0 0
6 0.01953125 0 0
7 0.0234375 0 0
8 0.02734375 0 0
9 0.03125 0 0
10 0.03515625 0 0
11 0.0390625 0 0
12 0.04296875 0 0
13 0.046875 0 0
14 0.05078125 0 0
15 0.0546875 0 0
16 0.05859375 0 0
17 0.0625 0 0
18 0.06640625 0 0
19 0.0703125 0 0
20 0.07421875 0 0
21 0.078125 0 0
22 0.08203125 0 0
23 0.0859375 0 0
24 0.08984375 0 0
25 0.09375 0 0
26 0.09765625 0 0
27 0.1015625 0 0
28 0.10546875 0 0
29 0.109375 0 0
30 0.11328125 0 0
31 0.1171875 0 0
32 0.12109375 0 0
33 0.125 0 0
34 0.12890625 0 0
35 0.1328125 0 0
36 0.13671875 0 0
37 0.140625 0 0
38 0.14453125 0 0
39 0.1484375 0 0
40 0.15234375 0 0
41 0.15625 0 0
42 0.16015625 0 0
43 0.1640625 0 0
44 0.16796875 0 0
45 0.171875 0 0
46 0.17578125 0 0
47 0.1796875 0 0
48 0.18359375 0 0
49 0.1875 0 0
50 0.19140625 0 0
51 0.1953125 0 0
52 0.19921875 0 0
53 0.203125 0 0
54 0.20703125 0 0
55 0.2109375 0 0
56 0.21484375 0 0
57 0.21875 0 0
58 0.22265625 0 0
59 0.2265625 0 0
60 0.23046875 0 0
61 0.234375 0 0
62 0.23828125 0 0
63 0.2421875 0 0
64 0.24609375 0 0
65 0.25 0 0
66 0.25390625 0 0
67 0.2578125 0 0
68 0.26171875 0 0
69 0.265625 0 0
70 0.26953125 0 0
71 0.2734375 0 0
72 0.27734375 0 0
73 0.28125 0 0
74 0.28515625 0 0
75 0.2890625 0 0
76 0.29296875 0 0
77 0.296875 0 0
78 0.30078125 0 0
79 0.3046875 0 0
80 0.30859375 0 0
81 0.3125 0 0
82 0.31640625 0 0
83 0.3203125 0 0
84 0.32421875 0 0
85 0.328125 0 0
86 0.33203125 0 0
87 0.3359375 0 0
88 0.33984375 0 0
89 0.34375 0 0
90 0.34765625 0 0
91 0.3515625 0 0
92 0.35546875 0 0
93 0.359375 0 0
94 0.36328125 0 0
95 0.3671875 0 0
96 0.37109375 0 0
97 0.375 0 0
98 0.37890625 0 0
99 0.3828125 0 0
100 0.38671875 0 0
101 0.390625 0 0
102 0.39453125 0 0
103 0.3984375 0 0
104 0.40234375 0 0
105 0.40625 0 0
106 0.41015625 0 0
107 0.4140625 0 0
108 0.41796875 0 0
109 0.421875 0 0
110 0.42578125 0 0
111 0.4296875 0 0
112 0.43359375 0 0
113 0.4375 0 0
114 0.44140625 0 0
115 0.4453125 0 0
116 0.44921875 0 0
117 0.453125 0 0
118 0.45703125 0 0
119 0.4609375 0 0
120 0.46484375 0 0
121 0.46875 0 0
122 0.47265625 0 0
123 0.4765625 0 0
124 0.48046875 0 0
125 0.484375 0 0
126 0.48828125 0 0
127 0.4921875 0 0
128 0.49609375 0 0
129 0.5 0 0
130 0.50390625 0 0
131 0.5078125 0 0
132 0.51171875 0 0
133 0.515625 0 0
134 0.51953125 0 0
135 0.5234375 0 0
136 0.52734375 0 0
137 0.53125 0 0
138 0.53515625 0 0
139 0.5390625 0 0
140 0.54296875 0 0
141 0.546875 0 0
142 0.55078125 0 0
143 0.5546875 0 0
144 0.55859375 0 0
145 0.5625 0 0
146 0.56640625 0 0
147 0.5703125 0 0
148 0.57421875 0 0
149 0.578125 0 0
150 0.58203125 0 0
151 0.5859375 0 0
152 0.58984375 0 0
153 0.59375 0 0
154 0.59765625 0 0
155 0.6015625 0 0
156 0.60546875 0 0
157 0.609375 0 0
158 0.61328125 0 0
159 0.6171875 0 0
160 0.62109375 0 0
161 0.625 0 0
162 0.62890625 0 0
163 0.6328125 0 0
164 0.63671875 0 0
165 0.640625 0 0
166 0.64453125 0 0
167 0.6484375 0 0
168 0.65234375 0 0
169 0.65625 0 0
170 0.66015625 0 0
171 0.6640625 0 0
172 0.66796875 0 0
173 0.671875 0 0
174 0.67578125 0 0
175 0.6796875 0 0
176 0.68359375 0 0
177 0.6875 0 0
178 0.69140625 0 0
179 0.6953125 0 0
180 0.69921875 0 0
181 0.703125 0 0
182 0.70703125 0 0
183 0.7109375 0 0
184 0.71484375 0 0
185 0.71875 0 0
186 0.72265625 0 0
187 0.7265625 0 0
188 0.73046875 0 0
189 0.734375 0 0
190 0.73828125 0 0
191 0.7421875 0 0
192 0.74609375 0 0
193 0.75 0 0
194 0.75390625 0 0
195 0.7578125 0 0
196 0.76171875 0 0
197 0.765625 0 0
198 0.76953125 0 0
199 0.7734375 0 0
200 0.77734375 0 0
201 0.78125 0 0
202 0.78515625 0 0
203 0.7890625 0 0
204 0.79296875 0 0
205 0.796875 0 0
206 0.80078125 0 0
207 0.8046875 0 0
208 0.80859375 0 0
209 0.8125 0 0
210 0.81640625 0 0
211 0.8203125 0 0
212 0.82421875 0 0
213 0.828125 0 0
214 0.83203125 0 0
215 0.8359375 0 0
216 0.83984375 0 0
217 0.84375 0 0
218 0.84765625 0 0
219 0.8515625 0 0
220 0.85546875 0 0
221 0.859375 0 0
222 0.86328125 0 0
223 0.8671875 0 0
224 0.87109375 0 0
225 0.875 0 0
226 0.87890625 0 0
227 0.8828125 0 0
228 0.88671875 0 0
229 0.890625 0 0
230 0.89453125 0 0
231 0.8984375 0 0
232 0.90234375 0 0
233 0.90625 0 0
234 0.91015625 0 0
235 0.9140625 0 0
236 0.91796875 0 0
237 0.921875 0 0
238 0.92578125 0 0
239 0.9296875 0 0
240 0.93359375 0 0
241 0.9375 0 0
242 0.94140625 0 0
243 0.9453125 0 0
244 0.94921875 0 0
245 0.953125 0 0
246 0.95703125 0 0
247 0.9609375 0 0
248 0.96484375 0 0
249 0.96875 0 0
250 0.97265625 0 0
251 0.9765625 0 0
252 0.98046875 0 0
253 0.984375 0 0
254 0.98828125 0 0
255 0.9921875 0 0
256 0.99609375 0 0
257 1 0 0
