1 0 0 0
2 0.0227272727272727 0 0
3 0.0454545454545455 0 0
4 0.0681818181818182 0 0
5 0.0909090909090909 0 0
6 0.113636363636364 0 0
7 0.136363636363636 0 0
8 0.159090909090909 0 0
9 0.181818181818182 0 0
10 0.204545454545455 0 0
11 0.227272727272727 0 0
12 0.25 0 0
13 0.272727272727273 0 0
14 0.295454545454545 0 0
15 0.318181818181818 0 0
16 0.340909090909091 0 0
17 0.363636363636364 0 0
18 0.386363636363636 0 0
19 0.409090909090909 0 0
20 0.431818181818182 0 0
21 0.454545454545455 0 0
22 0.477272727272727 0 0
23 0.5 0 0
24 0.522727272727273 0 0
25 0.545454545454545 0 0
26 0.568181818181818 0 0
27 0.590909090909091 0 0
28 0.613636363636364 0 0
29 0.636363636363636 0 0
30 0.659090909090909 0 0
31 0.681818181818182 0 0
32 0.704545454545454 0 0
33 0.727272727272727 0 0
34 0.75 0 0
35 0.772727272727273 0 0
36 0.795454545454545 0 0
37 0.818181818181818 0 0
38 0.840909090909091 0 0
39 0.863636363636364 0 0
40 0.886363636363636 0 0
41 0.909090909090909 0 0
42 0.931818181818182 0 0
43 0.954545454545455 0 0
44 0.977272727272727 0 0
45 1 0 0
