1 0 0 0
2 0.000652315720808871 0 0
3 0.00130463144161774 0 0
4 0.00195694716242661 0 0
5 0.00260926288323549 0 0
6 0.00326157860404436 0 0
7 0.00391389432485323 0 0
8 0.0045662100456621 0 0
9 0.00521852576647097 0 0
10 0.00587084148727984 0 0
11 0.00652315720808871 0 0
12 0.00717547292889759 0 0
13 0.00782778864970646 0 0
14 0.00848010437051533 0 0
15 0.0091324200913242 0 0
16 0.00978473581213307 0 0
17 0.0104370515329419 0 0
18 0.0110893672537508 0 0
19 0.0117416829745597 0 0
20 0.0123939986953686 0 0
21 0.0130463144161774 0 0
22 0.0136986301369863 0 0
23 0.0143509458577952 0 0
24 0.015003261578604 0 0
25 0.0156555772994129 0 0
26 0.0163078930202218 0 0
27 0.0169602087410307 0 0
28 0.0176125244618395 0 0
29 0.0182648401826484 0 0
30 0.0189171559034573 0 0
31 0.0195694716242661 0 0
32 0.020221787345075 0 0
33 0.0208741030658839 0 0
34 0.0215264187866928 0 0
35 0.0221787345075016 0 0
36 0.0228310502283105 0 0
37 0.0234833659491194 0 0
38 0.0241356816699282 0 0
39 0.0247879973907371 0 0
40 0.025440313111546 0 0
41 0.0260926288323549 0 0
42 0.0267449445531637 0 0
43 0.0273972602739726 0 0
44 0.0280495759947815 0 0
45 0.0287018917155903 0 0
46 0.0293542074363992 0 0
47 0.0300065231572081 0 0
48 0.030658838878017 0 0
49 0.0313111545988258 0 0
50 0.0319634703196347 0 0
51 0.0326157860404436 0 0
52 0.0332681017612524 0 0
53 0.0339204174820613 0 0
54 0.0345727332028702 0 0
55 0.0352250489236791 0 0
56 0.0358773646444879 0 0
57 0.0365296803652968 0 0
58 0.0371819960861057 0 0
59 0.0378343118069145 0 0
60 0.0384866275277234 0 0
61 0.0391389432485323 0 0
62 0.0397912589693412 0 0
63 0.04044357469015 0 0
64 0.0410958904109589 0 0
65 0.0417482061317678 0 0
66 0.0424005218525766 0 0
67 0.0430528375733855 0 0
68 0.0437051532941944 0 0
69 0.0443574690150033 0 0
70 0.0450097847358121 0 0
71 0.045662100456621 0 0
72 0.0463144161774299 0 0
73 0.0469667318982387 0 0
74 0.0476190476190476 0 0
75 0.0482713633398565 0 0
76 0.0489236790606654 0 0
77 0.0495759947814742 0 0
78 0.0502283105022831 0 0
79 0.050880626223092 0 0
80 0.0515329419439009 0 0
81 0.0521852576647097 0 0
82 0.0528375733855186 0 0
83 0.0534898891063275 0 0
84 0.0541422048271363 0 0
85 0.0547945205479452 0 0
86 0.0554468362687541 0 0
87 0.056099151989563 0 0
88 0.0567514677103718 0 0
89 0.0574037834311807 0 0
90 0.0580560991519896 0 0
91 0.0587084148727984 0 0
92 0.0593607305936073 0 0
93 0.0600130463144162 0 0
94 0.0606653620352251 0 0
95 0.0613176777560339 0 0
96 0.0619699934768428 0 0
97 0.0626223091976517 0 0
98 0.0632746249184605 0 0
99 0.0639269406392694 0 0
100 0.0645792563600783 0 0
101 0.0652315720808871 0 0
102 0.065883887801696 0 0
103 0.0665362035225049 0 0
104 0.0671885192433138 0 0
105 0.0678408349641226 0 0
106 0.0684931506849315 0 0
107 0.0691454664057404 0 0
108 0.0697977821265492 0 0
109 0.0704500978473581 0 0
110 0.071102413568167 0 0
111 0.0717547292889759 0 0
112 0.0724070450097847 0 0
113 0.0730593607305936 0 0
114 0.0737116764514025 0 0
115 0.0743639921722113 0 0
116 0.0750163078930202 0 0
117 0.0756686236138291 0 0
118 0.076320939334638 0 0
119 0.0769732550554468 0 0
120 0.0776255707762557 0 0
121 0.0782778864970646 0 0
122 0.0789302022178734 0 0
123 0.0795825179386823 0 0
124 0.0802348336594912 0 0
125 0.0808871493803001 0 0
126 0.0815394651011089 0 0
127 0.0821917808219178 0 0
128 0.0828440965427267 0 0
129 0.0834964122635355 0 0
130 0.0841487279843444 0 0
131 0.0848010437051533 0 0
132 0.0854533594259622 0 0
133 0.086105675146771 0 0
134 0.0867579908675799 0 0
135 0.0874103065883888 0 0
136 0.0880626223091976 0 0
137 0.0887149380300065 0 0
138 0.0893672537508154 0 0
139 0.0900195694716243 0 0
140 0.0906718851924331 0 0
141 0.091324200913242 0 0
142 0.0919765166340509 0 0
143 0.0926288323548597 0 0
144 0.0932811480756686 0 0
145 0.0939334637964775 0 0
146 0.0945857795172864 0 0
147 0.0952380952380952 0 0
148 0.0958904109589041 0 0
149 0.096542726679713 0 0
150 0.0971950424005218 0 0
151 0.0978473581213307 0 0
152 0.0984996738421396 0 0
153 0.0991519895629485 0 0
154 0.0998043052837573 0 0
155 0.100456621004566 0 0
156 0.101108936725375 0 0
157 0.101761252446184 0 0
158 0.102413568166993 0 0
159 0.103065883887802 0 0
160 0.103718199608611 0 0
161 0.104370515329419 0 0
162 0.105022831050228 0 0
163 0.105675146771037 0 0
164 0.106327462491846 0 0
165 0.106979778212655 0 0
166 0.107632093933464 0 0
167 0.108284409654273 0 0
168 0.108936725375082 0 0
169 0.10958904109589 0 0
170 0.110241356816699 0 0
171 0.110893672537508 0 0
172 0.111545988258317 0 0
173 0.112198303979126 0 0
174 0.112850619699935 0 0
175 0.113502935420744 0 0
176 0.114155251141553 0 0
177 0.114807566862361 0 0
178 0.11545988258317 0 0
179 0.116112198303979 0 0
180 0.116764514024788 0 0
181 0.117416829745597 0 0
182 0.118069145466406 0 0
183 0.118721461187215 0 0
184 0.119373776908024 0 0
185 0.120026092628832 0 0
186 0.120678408349641 0 0
187 0.12133072407045 0 0
188 0.121983039791259 0 0
189 0.122635355512068 0 0
190 0.123287671232877 0 0
191 0.123939986953686 0 0
192 0.124592302674494 0 0
193 0.125244618395303 0 0
194 0.125896934116112 0 0
195 0.126549249836921 0 0
196 0.12720156555773 0 0
197 0.127853881278539 0 0
198 0.128506196999348 0 0
199 0.129158512720156 0 0
200 0.129810828440965 0 0
201 0.130463144161774 0 0
202 0.131115459882583 0 0
203 0.131767775603392 0 0
204 0.132420091324201 0 0
205 0.13307240704501 0 0
206 0.133724722765819 0 0
207 0.134377038486627 0 0
208 0.135029354207436 0 0
209 0.135681669928245 0 0
210 0.136333985649054 0 0
211 0.136986301369863 0 0
212 0.137638617090672 0 0
213 0.138290932811481 0 0
214 0.13894324853229 0 0
215 0.139595564253098 0 0
216 0.140247879973907 0 0
217 0.140900195694716 0 0
218 0.141552511415525 0 0
219 0.142204827136334 0 0
220 0.142857142857143 0 0
221 0.143509458577952 0 0
222 0.144161774298761 0 0
223 0.144814090019569 0 0
224 0.145466405740378 0 0
225 0.146118721461187 0 0
226 0.146771037181996 0 0
227 0.147423352902805 0 0
228 0.148075668623614 0 0
229 0.148727984344423 0 0
230 0.149380300065232 0 0
231 0.15003261578604 0 0
232 0.150684931506849 0 0
233 0.151337247227658 0 0
234 0.151989562948467 0 0
235 0.152641878669276 0 0
236 0.153294194390085 0 0
237 0.153946510110894 0 0
238 0.154598825831703 0 0
239 0.155251141552511 0 0
240 0.15590345727332 0 0
241 0.156555772994129 0 0
242 0.157208088714938 0 0
243 0.157860404435747 0 0
244 0.158512720156556 0 0
245 0.159165035877365 0 0
246 0.159817351598174 0 0
247 0.160469667318982 0 0
248 0.161121983039791 0 0
249 0.1617742987606 0 0
250 0.162426614481409 0 0
251 0.163078930202218 0 0
252 0.163731245923027 0 0
253 0.164383561643836 0 0
254 0.165035877364645 0 0
255 0.165688193085453 0 0
256 0.166340508806262 0 0
257 0.166992824527071 0 0
258 0.16764514024788 0 0
259 0.168297455968689 0 0
260 0.168949771689498 0 0
261 0.169602087410307 0 0
262 0.170254403131116 0 0
263 0.170906718851924 0 0
264 0.171559034572733 0 0
265 0.172211350293542 0 0
266 0.172863666014351 0 0
267 0.17351598173516 0 0
268 0.174168297455969 0 0
269 0.174820613176778 0 0
270 0.175472928897586 0 0
271 0.176125244618395 0 0
272 0.176777560339204 0 0
273 0.177429876060013 0 0
274 0.178082191780822 0 0
275 0.178734507501631 0 0
276 0.17938682322244 0 0
277 0.180039138943248 0 0
278 0.180691454664057 0 0
279 0.181343770384866 0 0
280 0.181996086105675 0 0
281 0.182648401826484 0 0
282 0.183300717547293 0 0
283 0.183953033268102 0 0
284 0.184605348988911 0 0
285 0.185257664709719 0 0
286 0.185909980430528 0 0
287 0.186562296151337 0 0
288 0.187214611872146 0 0
289 0.187866927592955 0 0
290 0.188519243313764 0 0
291 0.189171559034573 0 0
292 0.189823874755382 0 0
293 0.19047619047619 0 0
294 0.191128506196999 0 0
295 0.191780821917808 0 0
296 0.192433137638617 0 0
297 0.193085453359426 0 0
298 0.193737769080235 0 0
299 0.194390084801044 0 0
300 0.195042400521853 0 0
301 0.195694716242661 0 0
302 0.19634703196347 0 0
303 0.196999347684279 0 0
304 0.197651663405088 0 0
305 0.198303979125897 0 0
306 0.198956294846706 0 0
307 0.199608610567515 0 0
308 0.200260926288324 0 0
309 0.200913242009132 0 0
310 0.201565557729941 0 0
311 0.20221787345075 0 0
312 0.202870189171559 0 0
313 0.203522504892368 0 0
314 0.204174820613177 0 0
315 0.204827136333986 0 0
316 0.205479452054795 0 0
317 0.206131767775603 0 0
318 0.206784083496412 0 0
319 0.207436399217221 0 0
320 0.20808871493803 0 0
321 0.208741030658839 0 0
322 0.209393346379648 0 0
323 0.210045662100457 0 0
324 0.210697977821266 0 0
325 0.211350293542074 0 0
326 0.212002609262883 0 0
327 0.212654924983692 0 0
328 0.213307240704501 0 0
329 0.21395955642531 0 0
330 0.214611872146119 0 0
331 0.215264187866928 0 0
332 0.215916503587737 0 0
333 0.216568819308545 0 0
334 0.217221135029354 0 0
335 0.217873450750163 0 0
336 0.218525766470972 0 0
337 0.219178082191781 0 0
338 0.21983039791259 0 0
339 0.220482713633399 0 0
340 0.221135029354207 0 0
341 0.221787345075016 0 0
342 0.222439660795825 0 0
343 0.223091976516634 0 0
344 0.223744292237443 0 0
345 0.224396607958252 0 0
346 0.225048923679061 0 0
347 0.225701239399869 0 0
348 0.226353555120678 0 0
349 0.227005870841487 0 0
350 0.227658186562296 0 0
351 0.228310502283105 0 0
352 0.228962818003914 0 0
353 0.229615133724723 0 0
354 0.230267449445532 0 0
355 0.23091976516634 0 0
356 0.231572080887149 0 0
357 0.232224396607958 0 0
358 0.232876712328767 0 0
359 0.233529028049576 0 0
360 0.234181343770385 0 0
361 0.234833659491194 0 0
362 0.235485975212003 0 0
363 0.236138290932811 0 0
364 0.23679060665362 0 0
365 0.237442922374429 0 0
366 0.238095238095238 0 0
367 0.238747553816047 0 0
368 0.239399869536856 0 0
369 0.240052185257665 0 0
370 0.240704500978474 0 0
371 0.241356816699282 0 0
372 0.242009132420091 0 0
373 0.2426614481409 0 0
374 0.243313763861709 0 0
375 0.243966079582518 0 0
376 0.244618395303327 0 0
377 0.245270711024136 0 0
378 0.245923026744945 0 0
379 0.246575342465753 0 0
380 0.247227658186562 0 0
381 0.247879973907371 0 0
382 0.24853228962818 0 0
383 0.249184605348989 0 0
384 0.249836921069798 0 0
385 0.250489236790607 0 0
386 0.251141552511416 0 0
387 0.251793868232224 0 0
388 0.252446183953033 0 0
389 0.253098499673842 0 0
390 0.253750815394651 0 0
391 0.25440313111546 0 0
392 0.255055446836269 0 0
393 0.255707762557078 0 0
394 0.256360078277886 0 0
395 0.257012393998695 0 0
396 0.257664709719504 0 0
397 0.258317025440313 0 0
398 0.258969341161122 0 0
399 0.259621656881931 0 0
400 0.26027397260274 0 0
401 0.260926288323549 0 0
402 0.261578604044358 0 0
403 0.262230919765166 0 0
404 0.262883235485975 0 0
405 0.263535551206784 0 0
406 0.264187866927593 0 0
407 0.264840182648402 0 0
408 0.265492498369211 0 0
409 0.26614481409002 0 0
410 0.266797129810828 0 0
411 0.267449445531637 0 0
412 0.268101761252446 0 0
413 0.268754076973255 0 0
414 0.269406392694064 0 0
415 0.270058708414873 0 0
416 0.270711024135682 0 0
417 0.271363339856491 0 0
418 0.272015655577299 0 0
419 0.272667971298108 0 0
420 0.273320287018917 0 0
421 0.273972602739726 0 0
422 0.274624918460535 0 0
423 0.275277234181344 0 0
424 0.275929549902153 0 0
425 0.276581865622961 0 0
426 0.27723418134377 0 0
427 0.277886497064579 0 0
428 0.278538812785388 0 0
429 0.279191128506197 0 0
430 0.279843444227006 0 0
431 0.280495759947815 0 0
432 0.281148075668624 0 0
433 0.281800391389433 0 0
434 0.282452707110241 0 0
435 0.28310502283105 0 0
436 0.283757338551859 0 0
437 0.284409654272668 0 0
438 0.285061969993477 0 0
439 0.285714285714286 0 0
440 0.286366601435095 0 0
441 0.287018917155903 0 0
442 0.287671232876712 0 0
443 0.288323548597521 0 0
444 0.28897586431833 0 0
445 0.289628180039139 0 0
446 0.290280495759948 0 0
447 0.290932811480757 0 0
448 0.291585127201565 0 0
449 0.292237442922374 0 0
450 0.292889758643183 0 0
451 0.293542074363992 0 0
452 0.294194390084801 0 0
453 0.29484670580561 0 0
454 0.295499021526419 0 0
455 0.296151337247228 0 0
456 0.296803652968037 0 0
457 0.297455968688845 0 0
458 0.298108284409654 0 0
459 0.298760600130463 0 0
460 0.299412915851272 0 0
461 0.300065231572081 0 0
462 0.30071754729289 0 0
463 0.301369863013699 0 0
464 0.302022178734507 0 0
465 0.302674494455316 0 0
466 0.303326810176125 0 0
467 0.303979125896934 0 0
468 0.304631441617743 0 0
469 0.305283757338552 0 0
470 0.305936073059361 0 0
471 0.30658838878017 0 0
472 0.307240704500979 0 0
473 0.307893020221787 0 0
474 0.308545335942596 0 0
475 0.309197651663405 0 0
476 0.309849967384214 0 0
477 0.310502283105023 0 0
478 0.311154598825832 0 0
479 0.311806914546641 0 0
480 0.312459230267449 0 0
481 0.313111545988258 0 0
482 0.313763861709067 0 0
483 0.314416177429876 0 0
484 0.315068493150685 0 0
485 0.315720808871494 0 0
486 0.316373124592303 0 0
487 0.317025440313111 0 0
488 0.31767775603392 0 0
489 0.318330071754729 0 0
490 0.318982387475538 0 0
491 0.319634703196347 0 0
492 0.320287018917156 0 0
493 0.320939334637965 0 0
494 0.321591650358774 0 0
495 0.322243966079583 0 0
496 0.322896281800391 0 0
497 0.3235485975212 0 0
498 0.324200913242009 0 0
499 0.324853228962818 0 0
500 0.325505544683627 0 0
501 0.326157860404436 0 0
502 0.326810176125245 0 0
503 0.327462491846054 0 0
504 0.328114807566862 0 0
505 0.328767123287671 0 0
506 0.32941943900848 0 0
507 0.330071754729289 0 0
508 0.330724070450098 0 0
509 0.331376386170907 0 0
510 0.332028701891716 0 0
511 0.332681017612524 0 0
512 0.333333333333333 0 0
513 0.333985649054142 0 0
514 0.334637964774951 0 0
515 0.33529028049576 0 0
516 0.335942596216569 0 0
517 0.336594911937378 0 0
518 0.337247227658186 0 0
519 0.337899543378995 0 0
520 0.338551859099804 0 0
521 0.339204174820613 0 0
522 0.339856490541422 0 0
523 0.340508806262231 0 0
524 0.34116112198304 0 0
525 0.341813437703849 0 0
526 0.342465753424658 0 0
527 0.343118069145466 0 0
528 0.343770384866275 0 0
529 0.344422700587084 0 0
530 0.345075016307893 0 0
531 0.345727332028702 0 0
532 0.346379647749511 0 0
533 0.34703196347032 0 0
534 0.347684279191128 0 0
535 0.348336594911937 0 0
536 0.348988910632746 0 0
537 0.349641226353555 0 0
538 0.350293542074364 0 0
539 0.350945857795173 0 0
540 0.351598173515982 0 0
541 0.352250489236791 0 0
542 0.3529028049576 0 0
543 0.353555120678408 0 0
544 0.354207436399217 0 0
545 0.354859752120026 0 0
546 0.355512067840835 0 0
547 0.356164383561644 0 0
548 0.356816699282453 0 0
549 0.357469015003262 0 0
550 0.35812133072407 0 0
551 0.358773646444879 0 0
552 0.359425962165688 0 0
553 0.360078277886497 0 0
554 0.360730593607306 0 0
555 0.361382909328115 0 0
556 0.362035225048924 0 0
557 0.362687540769732 0 0
558 0.363339856490541 0 0
559 0.36399217221135 0 0
560 0.364644487932159 0 0
561 0.365296803652968 0 0
562 0.365949119373777 0 0
563 0.366601435094586 0 0
564 0.367253750815395 0 0
565 0.367906066536204 0 0
566 0.368558382257012 0 0
567 0.369210697977821 0 0
568 0.36986301369863 0 0
569 0.370515329419439 0 0
570 0.371167645140248 0 0
571 0.371819960861057 0 0
572 0.372472276581866 0 0
573 0.373124592302674 0 0
574 0.373776908023483 0 0
575 0.374429223744292 0 0
576 0.375081539465101 0 0
577 0.37573385518591 0 0
578 0.376386170906719 0 0
579 0.377038486627528 0 0
580 0.377690802348337 0 0
581 0.378343118069145 0 0
582 0.378995433789954 0 0
583 0.379647749510763 0 0
584 0.380300065231572 0 0
585 0.380952380952381 0 0
586 0.38160469667319 0 0
587 0.382257012393999 0 0
588 0.382909328114807 0 0
589 0.383561643835616 0 0
590 0.384213959556425 0 0
591 0.384866275277234 0 0
592 0.385518590998043 0 0
593 0.386170906718852 0 0
594 0.386823222439661 0 0
595 0.38747553816047 0 0
596 0.388127853881279 0 0
597 0.388780169602087 0 0
598 0.389432485322896 0 0
599 0.390084801043705 0 0
600 0.390737116764514 0 0
601 0.391389432485323 0 0
602 0.392041748206132 0 0
603 0.392694063926941 0 0
604 0.393346379647749 0 0
605 0.393998695368558 0 0
606 0.394651011089367 0 0
607 0.395303326810176 0 0
608 0.395955642530985 0 0
609 0.396607958251794 0 0
610 0.397260273972603 0 0
611 0.397912589693412 0 0
612 0.398564905414221 0 0
613 0.399217221135029 0 0
614 0.399869536855838 0 0
615 0.400521852576647 0 0
616 0.401174168297456 0 0
617 0.401826484018265 0 0
618 0.402478799739074 0 0
619 0.403131115459883 0 0
620 0.403783431180691 0 0
621 0.4044357469015 0 0
622 0.405088062622309 0 0
623 0.405740378343118 0 0
624 0.406392694063927 0 0
625 0.407045009784736 0 0
626 0.407697325505545 0 0
627 0.408349641226353 0 0
628 0.409001956947162 0 0
629 0.409654272667971 0 0
630 0.41030658838878 0 0
631 0.410958904109589 0 0
632 0.411611219830398 0 0
633 0.412263535551207 0 0
634 0.412915851272016 0 0
635 0.413568166992825 0 0
636 0.414220482713633 0 0
637 0.414872798434442 0 0
638 0.415525114155251 0 0
639 0.41617742987606 0 0
640 0.416829745596869 0 0
641 0.417482061317678 0 0
642 0.418134377038487 0 0
643 0.418786692759295 0 0
644 0.419439008480104 0 0
645 0.420091324200913 0 0
646 0.420743639921722 0 0
647 0.421395955642531 0 0
648 0.42204827136334 0 0
649 0.422700587084149 0 0
650 0.423352902804958 0 0
651 0.424005218525766 0 0
652 0.424657534246575 0 0
653 0.425309849967384 0 0
654 0.425962165688193 0 0
655 0.426614481409002 0 0
656 0.427266797129811 0 0
657 0.42791911285062 0 0
658 0.428571428571428 0 0
659 0.429223744292237 0 0
660 0.429876060013046 0 0
661 0.430528375733855 0 0
662 0.431180691454664 0 0
663 0.431833007175473 0 0
664 0.432485322896282 0 0
665 0.433137638617091 0 0
666 0.4337899543379 0 0
667 0.434442270058708 0 0
668 0.435094585779517 0 0
669 0.435746901500326 0 0
670 0.436399217221135 0 0
671 0.437051532941944 0 0
672 0.437703848662753 0 0
673 0.438356164383562 0 0
674 0.43900848010437 0 0
675 0.439660795825179 0 0
676 0.440313111545988 0 0
677 0.440965427266797 0 0
678 0.441617742987606 0 0
679 0.442270058708415 0 0
680 0.442922374429224 0 0
681 0.443574690150033 0 0
682 0.444227005870842 0 0
683 0.44487932159165 0 0
684 0.445531637312459 0 0
685 0.446183953033268 0 0
686 0.446836268754077 0 0
687 0.447488584474886 0 0
688 0.448140900195695 0 0
689 0.448793215916504 0 0
690 0.449445531637312 0 0
691 0.450097847358121 0 0
692 0.45075016307893 0 0
693 0.451402478799739 0 0
694 0.452054794520548 0 0
695 0.452707110241357 0 0
696 0.453359425962166 0 0
697 0.454011741682974 0 0
698 0.454664057403783 0 0
699 0.455316373124592 0 0
700 0.455968688845401 0 0
701 0.45662100456621 0 0
702 0.457273320287019 0 0
703 0.457925636007828 0 0
704 0.458577951728637 0 0
705 0.459230267449446 0 0
706 0.459882583170254 0 0
707 0.460534898891063 0 0
708 0.461187214611872 0 0
709 0.461839530332681 0 0
710 0.46249184605349 0 0
711 0.463144161774299 0 0
712 0.463796477495108 0 0
713 0.464448793215916 0 0
714 0.465101108936725 0 0
715 0.465753424657534 0 0
716 0.466405740378343 0 0
717 0.467058056099152 0 0
718 0.467710371819961 0 0
719 0.46836268754077 0 0
720 0.469015003261579 0 0
721 0.469667318982387 0 0
722 0.470319634703196 0 0
723 0.470971950424005 0 0
724 0.471624266144814 0 0
725 0.472276581865623 0 0
726 0.472928897586432 0 0
727 0.473581213307241 0 0
728 0.474233529028049 0 0
729 0.474885844748858 0 0
730 0.475538160469667 0 0
731 0.476190476190476 0 0
732 0.476842791911285 0 0
733 0.477495107632094 0 0
734 0.478147423352903 0 0
735 0.478799739073712 0 0
736 0.479452054794521 0 0
737 0.480104370515329 0 0
738 0.480756686236138 0 0
739 0.481409001956947 0 0
740 0.482061317677756 0 0
741 0.482713633398565 0 0
742 0.483365949119374 0 0
743 0.484018264840183 0 0
744 0.484670580560991 0 0
745 0.4853228962818 0 0
746 0.485975212002609 0 0
747 0.486627527723418 0 0
748 0.487279843444227 0 0
749 0.487932159165036 0 0
750 0.488584474885845 0 0
751 0.489236790606654 0 0
752 0.489889106327463 0 0
753 0.490541422048271 0 0
754 0.49119373776908 0 0
755 0.491846053489889 0 0
756 0.492498369210698 0 0
757 0.493150684931507 0 0
758 0.493803000652316 0 0
759 0.494455316373125 0 0
760 0.495107632093933 0 0
761 0.495759947814742 0 0
762 0.496412263535551 0 0
763 0.49706457925636 0 0
764 0.497716894977169 0 0
765 0.498369210697978 0 0
766 0.499021526418787 0 0
767 0.499673842139595 0 0
768 0.500326157860404 0 0
769 0.500978473581213 0 0
770 0.501630789302022 0 0
771 0.502283105022831 0 0
772 0.50293542074364 0 0
773 0.503587736464449 0 0
774 0.504240052185258 0 0
775 0.504892367906067 0 0
776 0.505544683626875 0 0
777 0.506196999347684 0 0
778 0.506849315068493 0 0
779 0.507501630789302 0 0
780 0.508153946510111 0 0
781 0.50880626223092 0 0
782 0.509458577951729 0 0
783 0.510110893672537 0 0
784 0.510763209393346 0 0
785 0.511415525114155 0 0
786 0.512067840834964 0 0
787 0.512720156555773 0 0
788 0.513372472276582 0 0
789 0.514024787997391 0 0
790 0.5146771037182 0 0
791 0.515329419439008 0 0
792 0.515981735159817 0 0
793 0.516634050880626 0 0
794 0.517286366601435 0 0
795 0.517938682322244 0 0
796 0.518590998043053 0 0
797 0.519243313763862 0 0
798 0.519895629484671 0 0
799 0.520547945205479 0 0
800 0.521200260926288 0 0
801 0.521852576647097 0 0
802 0.522504892367906 0 0
803 0.523157208088715 0 0
804 0.523809523809524 0 0
805 0.524461839530333 0 0
806 0.525114155251142 0 0
807 0.52576647097195 0 0
808 0.526418786692759 0 0
809 0.527071102413568 0 0
810 0.527723418134377 0 0
811 0.528375733855186 0 0
812 0.529028049575995 0 0
813 0.529680365296804 0 0
814 0.530332681017613 0 0
815 0.530984996738421 0 0
816 0.53163731245923 0 0
817 0.532289628180039 0 0
818 0.532941943900848 0 0
819 0.533594259621657 0 0
820 0.534246575342466 0 0
821 0.534898891063275 0 0
822 0.535551206784084 0 0
823 0.536203522504892 0 0
824 0.536855838225701 0 0
825 0.53750815394651 0 0
826 0.538160469667319 0 0
827 0.538812785388128 0 0
828 0.539465101108937 0 0
829 0.540117416829746 0 0
830 0.540769732550554 0 0
831 0.541422048271363 0 0
832 0.542074363992172 0 0
833 0.542726679712981 0 0
834 0.54337899543379 0 0
835 0.544031311154599 0 0
836 0.544683626875408 0 0
837 0.545335942596217 0 0
838 0.545988258317025 0 0
839 0.546640574037834 0 0
840 0.547292889758643 0 0
841 0.547945205479452 0 0
842 0.548597521200261 0 0
843 0.54924983692107 0 0
844 0.549902152641879 0 0
845 0.550554468362688 0 0
846 0.551206784083496 0 0
847 0.551859099804305 0 0
848 0.552511415525114 0 0
849 0.553163731245923 0 0
850 0.553816046966732 0 0
851 0.554468362687541 0 0
852 0.55512067840835 0 0
853 0.555772994129158 0 0
854 0.556425309849967 0 0
855 0.557077625570776 0 0
856 0.557729941291585 0 0
857 0.558382257012394 0 0
858 0.559034572733203 0 0
859 0.559686888454012 0 0
860 0.560339204174821 0 0
861 0.560991519895629 0 0
862 0.561643835616438 0 0
863 0.562296151337247 0 0
864 0.562948467058056 0 0
865 0.563600782778865 0 0
866 0.564253098499674 0 0
867 0.564905414220483 0 0
868 0.565557729941291 0 0
869 0.5662100456621 0 0
870 0.566862361382909 0 0
871 0.567514677103718 0 0
872 0.568166992824527 0 0
873 0.568819308545336 0 0
874 0.569471624266145 0 0
875 0.570123939986954 0 0
876 0.570776255707762 0 0
877 0.571428571428571 0 0
878 0.57208088714938 0 0
879 0.572733202870189 0 0
880 0.573385518590998 0 0
881 0.574037834311807 0 0
882 0.574690150032616 0 0
883 0.575342465753425 0 0
884 0.575994781474233 0 0
885 0.576647097195042 0 0
886 0.577299412915851 0 0
887 0.57795172863666 0 0
888 0.578604044357469 0 0
889 0.579256360078278 0 0
890 0.579908675799087 0 0
891 0.580560991519896 0 0
892 0.581213307240704 0 0
893 0.581865622961513 0 0
894 0.582517938682322 0 0
895 0.583170254403131 0 0
896 0.58382257012394 0 0
897 0.584474885844749 0 0
898 0.585127201565558 0 0
899 0.585779517286367 0 0
900 0.586431833007175 0 0
901 0.587084148727984 0 0
902 0.587736464448793 0 0
903 0.588388780169602 0 0
904 0.589041095890411 0 0
905 0.58969341161122 0 0
906 0.590345727332029 0 0
907 0.590998043052838 0 0
908 0.591650358773646 0 0
909 0.592302674494455 0 0
910 0.592954990215264 0 0
911 0.593607305936073 0 0
912 0.594259621656882 0 0
913 0.594911937377691 0 0
914 0.5955642530985 0 0
915 0.596216568819309 0 0
916 0.596868884540117 0 0
917 0.597521200260926 0 0
918 0.598173515981735 0 0
919 0.598825831702544 0 0
920 0.599478147423353 0 0
921 0.600130463144162 0 0
922 0.600782778864971 0 0
923 0.601435094585779 0 0
924 0.602087410306588 0 0
925 0.602739726027397 0 0
926 0.603392041748206 0 0
927 0.604044357469015 0 0
928 0.604696673189824 0 0
929 0.605348988910633 0 0
930 0.606001304631442 0 0
931 0.60665362035225 0 0
932 0.607305936073059 0 0
933 0.607958251793868 0 0
934 0.608610567514677 0 0
935 0.609262883235486 0 0
936 0.609915198956295 0 0
937 0.610567514677104 0 0
938 0.611219830397913 0 0
939 0.611872146118721 0 0
940 0.61252446183953 0 0
941 0.613176777560339 0 0
942 0.613829093281148 0 0
943 0.614481409001957 0 0
944 0.615133724722766 0 0
945 0.615786040443575 0 0
946 0.616438356164384 0 0
947 0.617090671885192 0 0
948 0.617742987606001 0 0
949 0.61839530332681 0 0
950 0.619047619047619 0 0
951 0.619699934768428 0 0
952 0.620352250489237 0 0
953 0.621004566210046 0 0
954 0.621656881930855 0 0
955 0.622309197651663 0 0
956 0.622961513372472 0 0
957 0.623613829093281 0 0
958 0.62426614481409 0 0
959 0.624918460534899 0 0
960 0.625570776255708 0 0
961 0.626223091976517 0 0
962 0.626875407697326 0 0
963 0.627527723418134 0 0
964 0.628180039138943 0 0
965 0.628832354859752 0 0
966 0.629484670580561 0 0
967 0.63013698630137 0 0
968 0.630789302022179 0 0
969 0.631441617742988 0 0
970 0.632093933463796 0 0
971 0.632746249184605 0 0
972 0.633398564905414 0 0
973 0.634050880626223 0 0
974 0.634703196347032 0 0
975 0.635355512067841 0 0
976 0.63600782778865 0 0
977 0.636660143509459 0 0
978 0.637312459230267 0 0
979 0.637964774951076 0 0
980 0.638617090671885 0 0
981 0.639269406392694 0 0
982 0.639921722113503 0 0
983 0.640574037834312 0 0
984 0.641226353555121 0 0
985 0.64187866927593 0 0
986 0.642530984996738 0 0
987 0.643183300717547 0 0
988 0.643835616438356 0 0
989 0.644487932159165 0 0
990 0.645140247879974 0 0
991 0.645792563600783 0 0
992 0.646444879321592 0 0
993 0.6470971950424 0 0
994 0.647749510763209 0 0
995 0.648401826484018 0 0
996 0.649054142204827 0 0
997 0.649706457925636 0 0
998 0.650358773646445 0 0
999 0.651011089367254 0 0
1000 0.651663405088063 0 0
1001 0.652315720808871 0 0
1002 0.65296803652968 0 0
1003 0.653620352250489 0 0
1004 0.654272667971298 0 0
1005 0.654924983692107 0 0
1006 0.655577299412916 0 0
1007 0.656229615133725 0 0
1008 0.656881930854534 0 0
1009 0.657534246575342 0 0
1010 0.658186562296151 0 0
1011 0.65883887801696 0 0
1012 0.659491193737769 0 0
1013 0.660143509458578 0 0
1014 0.660795825179387 0 0
1015 0.661448140900196 0 0
1016 0.662100456621004 0 0
1017 0.662752772341813 0 0
1018 0.663405088062622 0 0
1019 0.664057403783431 0 0
1020 0.66470971950424 0 0
1021 0.665362035225049 0 0
1022 0.666014350945858 0 0
1023 0.666666666666667 0 0
1024 0.667318982387475 0 0
1025 0.667971298108284 0 0
1026 0.668623613829093 0 0
1027 0.669275929549902 0 0
1028 0.669928245270711 0 0
1029 0.67058056099152 0 0
1030 0.671232876712329 0 0
1031 0.671885192433138 0 0
1032 0.672537508153946 0 0
1033 0.673189823874755 0 0
1034 0.673842139595564 0 0
1035 0.674494455316373 0 0
1036 0.675146771037182 0 0
1037 0.675799086757991 0 0
1038 0.6764514024788 0 0
1039 0.677103718199609 0 0
1040 0.677756033920417 0 0
1041 0.678408349641226 0 0
1042 0.679060665362035 0 0
1043 0.679712981082844 0 0
1044 0.680365296803653 0 0
1045 0.681017612524462 0 0
1046 0.681669928245271 0 0
1047 0.68232224396608 0 0
1048 0.682974559686888 0 0
1049 0.683626875407697 0 0
1050 0.684279191128506 0 0
1051 0.684931506849315 0 0
1052 0.685583822570124 0 0
1053 0.686236138290933 0 0
1054 0.686888454011742 0 0
1055 0.687540769732551 0 0
1056 0.688193085453359 0 0
1057 0.688845401174168 0 0
1058 0.689497716894977 0 0
1059 0.690150032615786 0 0
1060 0.690802348336595 0 0
1061 0.691454664057404 0 0
1062 0.692106979778213 0 0
1063 0.692759295499021 0 0
1064 0.69341161121983 0 0
1065 0.694063926940639 0 0
1066 0.694716242661448 0 0
1067 0.695368558382257 0 0
1068 0.696020874103066 0 0
1069 0.696673189823875 0 0
1070 0.697325505544684 0 0
1071 0.697977821265492 0 0
1072 0.698630136986301 0 0
1073 0.69928245270711 0 0
1074 0.699934768427919 0 0
1075 0.700587084148728 0 0
1076 0.701239399869537 0 0
1077 0.701891715590346 0 0
1078 0.702544031311155 0 0
1079 0.703196347031963 0 0
1080 0.703848662752772 0 0
1081 0.704500978473581 0 0
1082 0.70515329419439 0 0
1083 0.705805609915199 0 0
1084 0.706457925636008 0 0
1085 0.707110241356817 0 0
1086 0.707762557077626 0 0
1087 0.708414872798434 0 0
1088 0.709067188519243 0 0
1089 0.709719504240052 0 0
1090 0.710371819960861 0 0
1091 0.71102413568167 0 0
1092 0.711676451402479 0 0
1093 0.712328767123288 0 0
1094 0.712981082844097 0 0
1095 0.713633398564905 0 0
1096 0.714285714285714 0 0
1097 0.714938030006523 0 0
1098 0.715590345727332 0 0
1099 0.716242661448141 0 0
1100 0.71689497716895 0 0
1101 0.717547292889759 0 0
1102 0.718199608610568 0 0
1103 0.718851924331376 0 0
1104 0.719504240052185 0 0
1105 0.720156555772994 0 0
1106 0.720808871493803 0 0
1107 0.721461187214612 0 0
1108 0.722113502935421 0 0
1109 0.72276581865623 0 0
1110 0.723418134377039 0 0
1111 0.724070450097847 0 0
1112 0.724722765818656 0 0
1113 0.725375081539465 0 0
1114 0.726027397260274 0 0
1115 0.726679712981083 0 0
1116 0.727332028701892 0 0
1117 0.727984344422701 0 0
1118 0.728636660143509 0 0
1119 0.729288975864318 0 0
1120 0.729941291585127 0 0
1121 0.730593607305936 0 0
1122 0.731245923026745 0 0
1123 0.731898238747554 0 0
1124 0.732550554468363 0 0
1125 0.733202870189172 0 0
1126 0.73385518590998 0 0
1127 0.734507501630789 0 0
1128 0.735159817351598 0 0
1129 0.735812133072407 0 0
1130 0.736464448793216 0 0
1131 0.737116764514025 0 0
1132 0.737769080234834 0 0
1133 0.738421395955642 0 0
1134 0.739073711676451 0 0
1135 0.73972602739726 0 0
1136 0.740378343118069 0 0
1137 0.741030658838878 0 0
1138 0.741682974559687 0 0
1139 0.742335290280496 0 0
1140 0.742987606001305 0 0
1141 0.743639921722113 0 0
1142 0.744292237442922 0 0
1143 0.744944553163731 0 0
1144 0.74559686888454 0 0
1145 0.746249184605349 0 0
1146 0.746901500326158 0 0
1147 0.747553816046967 0 0
1148 0.748206131767776 0 0
1149 0.748858447488584 0 0
1150 0.749510763209393 0 0
1151 0.750163078930202 0 0
1152 0.750815394651011 0 0
1153 0.75146771037182 0 0
1154 0.752120026092629 0 0
1155 0.752772341813438 0 0
1156 0.753424657534246 0 0
1157 0.754076973255055 0 0
1158 0.754729288975864 0 0
1159 0.755381604696673 0 0
1160 0.756033920417482 0 0
1161 0.756686236138291 0 0
1162 0.7573385518591 0 0
1163 0.757990867579909 0 0
1164 0.758643183300717 0 0
1165 0.759295499021526 0 0
1166 0.759947814742335 0 0
1167 0.760600130463144 0 0
1168 0.761252446183953 0 0
1169 0.761904761904762 0 0
1170 0.762557077625571 0 0
1171 0.76320939334638 0 0
1172 0.763861709067188 0 0
1173 0.764514024787997 0 0
1174 0.765166340508806 0 0
1175 0.765818656229615 0 0
1176 0.766470971950424 0 0
1177 0.767123287671233 0 0
1178 0.767775603392042 0 0
1179 0.768427919112851 0 0
1180 0.769080234833659 0 0
1181 0.769732550554468 0 0
1182 0.770384866275277 0 0
1183 0.771037181996086 0 0
1184 0.771689497716895 0 0
1185 0.772341813437704 0 0
1186 0.772994129158513 0 0
1187 0.773646444879322 0 0
1188 0.77429876060013 0 0
1189 0.774951076320939 0 0
1190 0.775603392041748 0 0
1191 0.776255707762557 0 0
1192 0.776908023483366 0 0
1193 0.777560339204175 0 0
1194 0.778212654924984 0 0
1195 0.778864970645793 0 0
1196 0.779517286366601 0 0
1197 0.78016960208741 0 0
1198 0.780821917808219 0 0
1199 0.781474233529028 0 0
1200 0.782126549249837 0 0
1201 0.782778864970646 0 0
1202 0.783431180691455 0 0
1203 0.784083496412263 0 0
1204 0.784735812133072 0 0
1205 0.785388127853881 0 0
1206 0.78604044357469 0 0
1207 0.786692759295499 0 0
1208 0.787345075016308 0 0
1209 0.787997390737117 0 0
1210 0.788649706457926 0 0
1211 0.789302022178734 0 0
1212 0.789954337899543 0 0
1213 0.790606653620352 0 0
1214 0.791258969341161 0 0
1215 0.79191128506197 0 0
1216 0.792563600782779 0 0
1217 0.793215916503588 0 0
1218 0.793868232224397 0 0
1219 0.794520547945205 0 0
1220 0.795172863666014 0 0
1221 0.795825179386823 0 0
1222 0.796477495107632 0 0
1223 0.797129810828441 0 0
1224 0.79778212654925 0 0
1225 0.798434442270059 0 0
1226 0.799086757990868 0 0
1227 0.799739073711676 0 0
1228 0.800391389432485 0 0
1229 0.801043705153294 0 0
1230 0.801696020874103 0 0
1231 0.802348336594912 0 0
1232 0.803000652315721 0 0
1233 0.80365296803653 0 0
1234 0.804305283757339 0 0
1235 0.804957599478147 0 0
1236 0.805609915198956 0 0
1237 0.806262230919765 0 0
1238 0.806914546640574 0 0
1239 0.807566862361383 0 0
1240 0.808219178082192 0 0
1241 0.808871493803001 0 0
1242 0.80952380952381 0 0
1243 0.810176125244618 0 0
1244 0.810828440965427 0 0
1245 0.811480756686236 0 0
1246 0.812133072407045 0 0
1247 0.812785388127854 0 0
1248 0.813437703848663 0 0
1249 0.814090019569472 0 0
1250 0.814742335290281 0 0
1251 0.815394651011089 0 0
1252 0.816046966731898 0 0
1253 0.816699282452707 0 0
1254 0.817351598173516 0 0
1255 0.818003913894325 0 0
1256 0.818656229615134 0 0
1257 0.819308545335943 0 0
1258 0.819960861056751 0 0
1259 0.82061317677756 0 0
1260 0.821265492498369 0 0
1261 0.821917808219178 0 0
1262 0.822570123939987 0 0
1263 0.823222439660796 0 0
1264 0.823874755381605 0 0
1265 0.824527071102414 0 0
1266 0.825179386823222 0 0
1267 0.825831702544031 0 0
1268 0.82648401826484 0 0
1269 0.827136333985649 0 0
1270 0.827788649706458 0 0
1271 0.828440965427267 0 0
1272 0.829093281148076 0 0
1273 0.829745596868884 0 0
1274 0.830397912589693 0 0
1275 0.831050228310502 0 0
1276 0.831702544031311 0 0
1277 0.83235485975212 0 0
1278 0.833007175472929 0 0
1279 0.833659491193738 0 0
1280 0.834311806914547 0 0
1281 0.834964122635355 0 0
1282 0.835616438356164 0 0
1283 0.836268754076973 0 0
1284 0.836921069797782 0 0
1285 0.837573385518591 0 0
1286 0.8382257012394 0 0
1287 0.838878016960209 0 0
1288 0.839530332681018 0 0
1289 0.840182648401826 0 0
1290 0.840834964122635 0 0
1291 0.841487279843444 0 0
1292 0.842139595564253 0 0
1293 0.842791911285062 0 0
1294 0.843444227005871 0 0
1295 0.84409654272668 0 0
1296 0.844748858447488 0 0
1297 0.845401174168297 0 0
1298 0.846053489889106 0 0
1299 0.846705805609915 0 0
1300 0.847358121330724 0 0
1301 0.848010437051533 0 0
1302 0.848662752772342 0 0
1303 0.849315068493151 0 0
1304 0.849967384213959 0 0
1305 0.850619699934768 0 0
1306 0.851272015655577 0 0
1307 0.851924331376386 0 0
1308 0.852576647097195 0 0
1309 0.853228962818004 0 0
1310 0.853881278538813 0 0
1311 0.854533594259622 0 0
1312 0.85518590998043 0 0
1313 0.855838225701239 0 0
1314 0.856490541422048 0 0
1315 0.857142857142857 0 0
1316 0.857795172863666 0 0
1317 0.858447488584475 0 0
1318 0.859099804305284 0 0
1319 0.859752120026093 0 0
1320 0.860404435746901 0 0
1321 0.86105675146771 0 0
1322 0.861709067188519 0 0
1323 0.862361382909328 0 0
1324 0.863013698630137 0 0
1325 0.863666014350946 0 0
1326 0.864318330071755 0 0
1327 0.864970645792564 0 0
1328 0.865622961513372 0 0
1329 0.866275277234181 0 0
1330 0.86692759295499 0 0
1331 0.867579908675799 0 0
1332 0.868232224396608 0 0
1333 0.868884540117417 0 0
1334 0.869536855838226 0 0
1335 0.870189171559035 0 0
1336 0.870841487279843 0 0
1337 0.871493803000652 0 0
1338 0.872146118721461 0 0
1339 0.87279843444227 0 0
1340 0.873450750163079 0 0
1341 0.874103065883888 0 0
1342 0.874755381604697 0 0
1343 0.875407697325505 0 0
1344 0.876060013046314 0 0
1345 0.876712328767123 0 0
1346 0.877364644487932 0 0
1347 0.878016960208741 0 0
1348 0.87866927592955 0 0
1349 0.879321591650359 0 0
1350 0.879973907371168 0 0
1351 0.880626223091976 0 0
1352 0.881278538812785 0 0
1353 0.881930854533594 0 0
1354 0.882583170254403 0 0
1355 0.883235485975212 0 0
1356 0.883887801696021 0 0
1357 0.88454011741683 0 0
1358 0.885192433137639 0 0
1359 0.885844748858447 0 0
1360 0.886497064579256 0 0
1361 0.887149380300065 0 0
1362 0.887801696020874 0 0
1363 0.888454011741683 0 0
1364 0.889106327462492 0 0
1365 0.889758643183301 0 0
1366 0.89041095890411 0 0
1367 0.891063274624918 0 0
1368 0.891715590345727 0 0
1369 0.892367906066536 0 0
1370 0.893020221787345 0 0
1371 0.893672537508154 0 0
1372 0.894324853228963 0 0
1373 0.894977168949772 0 0
1374 0.895629484670581 0 0
1375 0.896281800391389 0 0
1376 0.896934116112198 0 0
1377 0.897586431833007 0 0
1378 0.898238747553816 0 0
1379 0.898891063274625 0 0
1380 0.899543378995434 0 0
1381 0.900195694716243 0 0
1382 0.900848010437052 0 0
1383 0.90150032615786 0 0
1384 0.902152641878669 0 0
1385 0.902804957599478 0 0
1386 0.903457273320287 0 0
1387 0.904109589041096 0 0
1388 0.904761904761905 0 0
1389 0.905414220482714 0 0
1390 0.906066536203523 0 0
1391 0.906718851924331 0 0
1392 0.90737116764514 0 0
1393 0.908023483365949 0 0
1394 0.908675799086758 0 0
1395 0.909328114807567 0 0
1396 0.909980430528376 0 0
1397 0.910632746249185 0 0
1398 0.911285061969993 0 0
1399 0.911937377690802 0 0
1400 0.912589693411611 0 0
1401 0.91324200913242 0 0
1402 0.913894324853229 0 0
1403 0.914546640574038 0 0
1404 0.915198956294847 0 0
1405 0.915851272015656 0 0
1406 0.916503587736464 0 0
1407 0.917155903457273 0 0
1408 0.917808219178082 0 0
1409 0.918460534898891 0 0
1410 0.9191128506197 0 0
1411 0.919765166340509 0 0
1412 0.920417482061318 0 0
1413 0.921069797782126 0 0
1414 0.921722113502935 0 0
1415 0.922374429223744 0 0
1416 0.923026744944553 0 0
1417 0.923679060665362 0 0
1418 0.924331376386171 0 0
1419 0.92498369210698 0 0
1420 0.925636007827789 0 0
1421 0.926288323548597 0 0
1422 0.926940639269406 0 0
1423 0.927592954990215 0 0
1424 0.928245270711024 0 0
1425 0.928897586431833 0 0
1426 0.929549902152642 0 0
1427 0.930202217873451 0 0
1428 0.93085453359426 0 0
1429 0.931506849315068 0 0
1430 0.932159165035877 0 0
1431 0.932811480756686 0 0
1432 0.933463796477495 0 0
1433 0.934116112198304 0 0
1434 0.934768427919113 0 0
1435 0.935420743639922 0 0
1436 0.93607305936073 0 0
1437 0.936725375081539 0 0
1438 0.937377690802348 0 0
1439 0.938030006523157 0 0
1440 0.938682322243966 0 0
1441 0.939334637964775 0 0
1442 0.939986953685584 0 0
1443 0.940639269406393 0 0
1444 0.941291585127201 0 0
1445 0.94194390084801 0 0
1446 0.942596216568819 0 0
1447 0.943248532289628 0 0
1448 0.943900848010437 0 0
1449 0.944553163731246 0 0
1450 0.945205479452055 0 0
1451 0.945857795172864 0 0
1452 0.946510110893672 0 0
1453 0.947162426614481 0 0
1454 0.94781474233529 0 0
1455 0.948467058056099 0 0
1456 0.949119373776908 0 0
1457 0.949771689497717 0 0
1458 0.950424005218526 0 0
1459 0.951076320939335 0 0
1460 0.951728636660143 0 0
1461 0.952380952380952 0 0
1462 0.953033268101761 0 0
1463 0.95368558382257 0 0
1464 0.954337899543379 0 0
1465 0.954990215264188 0 0
1466 0.955642530984997 0 0
1467 0.956294846705806 0 0
1468 0.956947162426614 0 0
1469 0.957599478147423 0 0
1470 0.958251793868232 0 0
1471 0.958904109589041 0 0
1472 0.95955642530985 0 0
1473 0.960208741030659 0 0
1474 0.960861056751468 0 0
1475 0.961513372472277 0 0
1476 0.962165688193085 0 0
1477 0.962818003913894 0 0
1478 0.963470319634703 0 0
1479 0.964122635355512 0 0
1480 0.964774951076321 0 0
1481 0.96542726679713 0 0
1482 0.966079582517939 0 0
1483 0.966731898238748 0 0
1484 0.967384213959556 0 0
1485 0.968036529680365 0 0
1486 0.968688845401174 0 0
1487 0.969341161121983 0 0
1488 0.969993476842792 0 0
1489 0.970645792563601 0 0
1490 0.97129810828441 0 0
1491 0.971950424005218 0 0
1492 0.972602739726027 0 0
1493 0.973255055446836 0 0
1494 0.973907371167645 0 0
1495 0.974559686888454 0 0
1496 0.975212002609263 0 0
1497 0.975864318330072 0 0
1498 0.976516634050881 0 0
1499 0.977168949771689 0 0
1500 0.977821265492498 0 0
1501 0.978473581213307 0 0
1502 0.979125896934116 0 0
1503 0.979778212654925 0 0
1504 0.980430528375734 0 0
1505 0.981082844096543 0 0
1506 0.981735159817352 0 0
1507 0.98238747553816 0 0
1508 0.983039791258969 0 0
1509 0.983692106979778 0 0
1510 0.984344422700587 0 0
1511 0.984996738421396 0 0
1512 0.985649054142205 0 0
1513 0.986301369863014 0 0
1514 0.986953685583823 0 0
1515 0.987606001304631 0 0
1516 0.98825831702544 0 0
1517 0.988910632746249 0 0
1518 0.989562948467058 0 0
1519 0.990215264187867 0 0
1520 0.990867579908676 0 0
1521 0.991519895629485 0 0
1522 0.992172211350294 0 0
1523 0.992824527071102 0 0
1524 0.993476842791911 0 0
1525 0.99412915851272 0 0
1526 0.994781474233529 0 0
1527 0.995433789954338 0 0
1528 0.996086105675147 0 0
1529 0.996738421395956 0 0
1530 0.997390737116765 0 0
1531 0.998043052837573 0 0
1532 0.998695368558382 0 0
1533 0.999347684279191 0 0
1534 1 0 0
