1 0 0 0
2 0.00350877192982456 0 0
3 0.00701754385964912 0 0
4 0.0105263157894737 0 0
5 0.0140350877192982 0 0
6 0.0175438596491228 0 0
7 0.0210526315789474 0 0
8 0.0245614035087719 0 0
9 0.0280701754385965 0 0
10 0.031578947368421 0 0
11 0.0350877192982456 0 0
12 0.0385964912280702 0 0
13 0.0421052631578947 0 0
14 0.0456140350877193 0 0
15 0.0491228070175439 0 0
16 0.0526315789473684 0 0
17 0.056140350877193 0 0
18 0.0596491228070175 0 0
19 0.0631578947368421 0 0
20 0.0666666666666667 0 0
21 0.0701754385964912 0 0
22 0.0736842105263158 0 0
23 0.0771929824561403 0 0
24 0.0807017543859649 0 0
25 0.0842105263157895 0 0
26 0.087719298245614 0 0
27 0.0912280701754386 0 0
28 0.0947368421052632 0 0
29 0.0982456140350877 0 0
30 0.101754385964912 0 0
31 0.105263157894737 0 0
32 0.108771929824561 0 0
33 0.112280701754386 0 0
34 0.11578947368421 0 0
35 0.119298245614035 0 0
36 0.12280701754386 0 0
37 0.126315789473684 0 0
38 0.129824561403509 0 0
39 0.133333333333333 0 0
40 0.136842105263158 0 0
41 0.140350877192982 0 0
42 0.143859649122807 0 0
43 0.147368421052632 0 0
44 0.150877192982456 0 0
45 0.154385964912281 0 0
46 0.157894736842105 0 0
47 0.16140350877193 0 0
48 0.164912280701754 0 0
49 0.168421052631579 0 0
50 0.171929824561403 0 0
51 0.175438596491228 0 0
52 0.178947368421053 0 0
53 0.182456140350877 0 0
54 0.185964912280702 0 0
55 0.189473684210526 0 0
56 0.192982456140351 0 0
57 0.196491228070175 0 0
58 0.2 0 0
59 0.203508771929825 0 0
60 0.207017543859649 0 0
61 0.210526315789474 0 0
62 0.214035087719298 0 0
63 0.217543859649123 0 0
64 0.221052631578947 0 0
65 0.224561403508772 0 0
66 0.228070175438597 0 0
67 0.231578947368421 0 0
68 0.235087719298246 0 0
69 0.23859649122807 0 0
70 0.242105263157895 0 0
71 0.245614035087719 0 0
72 0.249122807017544 0 0
73 0.252631578947368 0 0
74 0.256140350877193 0 0
75 0.259649122807018 0 0
76 0.263157894736842 0 0
77 0.266666666666667 0 0
78 0.270175438596491 0 0
79 0.273684210526316 0 0
80 0.27719298245614 0 0
81 0.280701754385965 0 0
82 0.28421052631579 0 0
83 0.287719298245614 0 0
84 0.291228070175439 0 0
85 0.294736842105263 0 0
86 0.298245614035088 0 0
87 0.301754385964912 0 0
88 0.305263157894737 0 0
89 0.308771929824561 0 0
90 0.312280701754386 0 0
91 0.315789473684211 0 0
92 0.319298245614035 0 0
93 0.32280701754386 0 0
94 0.326315789473684 0 0
95 0.329824561403509 0 0
96 0.333333333333333 0 0
97 0.336842105263158 0 0
98 0.340350877192983 0 0
99 0.343859649122807 0 0
100 0.347368421052631 0 0
101 0.350877192982456 0 0
102 0.354385964912281 0 0
103 0.357894736842105 0 0
104 0.36140350877193 0 0
105 0.364912280701754 0 0
106 0.368421052631579 0 0
107 0.371929824561403 0 0
108 0.375438596491228 0 0
109 0.378947368421053 0 0
110 0.382456140350877 0 0
111 0.385964912280702 0 0
112 0.389473684210526 0 0
113 0.392982456140351 0 0
114 0.396491228070175 0 0
115 0.4 0 0
116 0.403508771929824 0 0
117 0.407017543859649 0 0
118 0.410526315789474 0 0
119 0.414035087719298 0 0
120 0.417543859649123 0 0
121 0.421052631578947 0 0
122 0.424561403508772 0 0
123 0.428070175438596 0 0
124 0.431578947368421 0 0
125 0.435087719298246 0 0
126 0.43859649122807 0 0
127 0.442105263157895 0 0
128 0.445614035087719 0 0
129 0.449122807017544 0 0
130 0.452631578947368 0 0
131 0.456140350877193 0 0
132 0.459649122807017 0 0
133 0.463157894736842 0 0
134 0.466666666666667 0 0
135 0.470175438596491 0 0
136 0.473684210526316 0 0
137 0.47719298245614 0 0
138 0.480701754385965 0 0
139 0.484210526315789 0 0
140 0.487719298245614 0 0
141 0.491228070175439 0 0
142 0.494736842105263 0 0
143 0.498245614035088 0 0
144 0.501754385964912 0 0
145 0.505263157894737 0 0
146 0.508771929824561 0 0
147 0.512280701754386 0 0
148 0.51578947368421 0 0
149 0.519298245614035 0 0
150 0.52280701754386 0 0
151 0.526315789473684 0 0
152 0.529824561403509 0 0
153 0.533333333333333 0 0
154 0.536842105263158 0 0
155 0.540350877192982 0 0
156 0.543859649122807 0 0
157 0.547368421052632 0 0
158 0.550877192982456 0 0
159 0.554385964912281 0 0
160 0.557894736842105 0 0
161 0.56140350877193 0 0
162 0.564912280701754 0 0
163 0.568421052631579 0 0
164 0.571929824561404 0 0
165 0.575438596491228 0 0
166 0.578947368421053 0 0
167 0.582456140350877 0 0
168 0.585964912280702 0 0
169 0.589473684210526 0 0
170 0.592982456140351 0 0
171 0.596491228070175 0 0
172 0.6 0 0
173 0.603508771929825 0 0
174 0.607017543859649 0 0
175 0.610526315789474 0 0
176 0.614035087719298 0 0
177 0.617543859649123 0 0
178 0.621052631578947 0 0
179 0.624561403508772 0 0
180 0.628070175438596 0 0
181 0.631578947368421 0 0
182 0.635087719298246 0 0
183 0.63859649122807 0 0
184 0.642105263157895 0 0
185 0.645614035087719 0 0
186 0.649122807017544 0 0
187 0.652631578947368 0 0
188 0.656140350877193 0 0
189 0.659649122807018 0 0
190 0.663157894736842 0 0
191 0.666666666666667 0 0
192 0.670175438596491 0 0
193 0.673684210526316 0 0
194 0.67719298245614 0 0
195 0.680701754385965 0 0
196 0.684210526315789 0 0
197 0.687719298245614 0 0
198 0.691228070175439 0 0
199 0.694736842105263 0 0
200 0.698245614035088 0 0
201 0.701754385964912 0 0
202 0.705263157894737 0 0
203 0.708771929824561 0 0
204 0.712280701754386 0 0
205 0.715789473684211 0 0
206 0.719298245614035 0 0
207 0.72280701754386 0 0
208 0.726315789473684 0 0
209 0.729824561403509 0 0
210 0.733333333333333 0 0
211 0.736842105263158 0 0
212 0.740350877192982 0 0
213 0.743859649122807 0 0
214 0.747368421052632 0 0
215 0.750877192982456 0 0
216 0.754385964912281 0 0
217 0.757894736842105 0 0
218 0.76140350877193 0 0
219 0.764912280701754 0 0
220 0.768421052631579 0 0
221 0.771929824561403 0 0
222 0.775438596491228 0 0
223 0.778947368421053 0 0
224 0.782456140350877 0 0
225 0.785964912280702 0 0
226 0.789473684210526 0 0
227 0.792982456140351 0 0
228 0.796491228070175 0 0
229 0.8 0 0
230 0.803508771929825 0 0
231 0.807017543859649 0 0
232 0.810526315789474 0 0
233 0.814035087719298 0 0
234 0.817543859649123 0 0
235 0.821052631578947 0 0
236 0.824561403508772 0 0
237 0.828070175438597 0 0
238 0.831578947368421 0 0
239 0.835087719298246 0 0
240 0.83859649122807 0 0
241 0.842105263157895 0 0
242 0.845614035087719 0 0
243 0.849122807017544 0 0
244 0.852631578947368 0 0
245 0.856140350877193 0 0
246 0.859649122807018 0 0
247 0.863157894736842 0 0
248 0.866666666666667 0 0
249 0.870175438596491 0 0
250 0.873684210526316 0 0
251 0.87719298245614 0 0
252 0.880701754385965 0 0
253 0.884210526315789 0 0
254 0.887719298245614 0 0
255 0.891228070175439 0 0
256 0.894736842105263 0 0
257 0.898245614035088 0 0
258 0.901754385964912 0 0
259 0.905263157894737 0 0
260 0.908771929824561 0 0
261 0.912280701754386 0 0
262 0.91578947368421 0 0
263 0.919298245614035 0 0
264 0.92280701754386 0 0
265 0.926315789473684 0 0
266 0.929824561403509 0 0
267 0.933333333333333 0 0
268 0.936842105263158 0 0
269 0.940350877192982 0 0
270 0.943859649122807 0 0
271 0.947368421052632 0 0
272 0.950877192982456 0 0
273 0.954385964912281 0 0
274 0.957894736842105 0 0
275 0.96140350877193 0 0
276 0.964912280701754 0 0
277 0.968421052631579 0 0
278 0.971929824561404 0 0
279 0.975438596491228 0 0
280 0.978947368421053 0 0
281 0.982456140350877 0 0
282 0.985964912280702 0 0
283 0.989473684210526 0 0
284 0.992982456140351 0 0
285 0.996491228070175 0 0
286 1 0 0
