1 0 0 0
2 0.0105263157894737 0 0
3 0.0210526315789474 0 0
4 0.031578947368421 0 0
5 0.0421052631578947 0 0
6 0.0526315789473684 0 0
7 0.0631578947368421 0 0
8 0.0736842105263158 0 0
9 0.0842105263157895 0 0
10 0.0947368421052632 0 0
11 0.105263157894737 0 0
12 0.11578947368421 0 0
13 0.126315789473684 0 0
14 0.136842105263158 0 0
15 0.147368421052632 0 0
16 0.157894736842105 0 0
17 0.168421052631579 0 0
18 0.178947368421053 0 0
19 0.189473684210526 0 0
20 0.2 0 0
21 0.210526315789474 0 0
22 0.221052631578947 0 0
23 0.231578947368421 0 0
24 0.242105263157895 0 0
25 0.252631578947368 0 0
26 0.263157894736842 0 0
27 0.273684210526316 0 0
28 0.28421052631579 0 0
29 0.294736842105263 0 0
30 0.305263157894737 0 0
31 0.315789473684211 0 0
32 0.326315789473684 0 0
33 0.336842105263158 0 0
34 0.347368421052631 0 0
35 0.357894736842105 0 0
36 0.368421052631579 0 0
37 0.378947368421053 0 0
38 0.389473684210526 0 0
39 0.4 0 0
40 0.410526315789474 0 0
41 0.421052631578947 0 0
42 0.431578947368421 0 0
43 0.442105263157895 0 0
44 0.452631578947368 0 0
45 0.463157894736842 0 0
46 0.473684210526316 0 0
47 0.484210526315789 0 0
48 0.494736842105263 0 0
49 0.505263157894737 0 0
50 0.51578947368421 0 0
51 0.526315789473684 0 0
52 0.536842105263158 0 0
53 0.547368421052632 0 0
54 0.557894736842105 0 0
55 0.568421052631579 0 0
56 0.578947368421053 0 0
57 0.589473684210526 0 0
58 0.6 0 0
59 0.610526315789474 0 0
60 0.621052631578947 0 0
61 0.631578947368421 0 0
62 0.642105263157895 0 0
63 0.652631578947368 0 0
64 0.663157894736842 0 0
65 0.673684210526316 0 0
66 0.684210526315789 0 0
67 0.694736842105263 0 0
68 0.705263157894737 0 0
69 0.715789473684211 0 0
70 0.726315789473684 0 0
71 0.736842105263158 0 0
72 0.747368421052632 0 0
73 0.757894736842105 0 0
74 0.768421052631579 0 0
75 0.778947368421053 0 0
76 0.789473684210526 0 0
77 0.8 0 0
78 0.810526315789474 0 0
79 0.821052631578947 0 0
80 0.831578947368421 0 0
81 0.842105263157895 0 0
82 0.852631578947368 0 0
83 0.863157894736842 0 0
84 0.873684210526316 0 0
85 0.884210526315789 0 0
86 0.894736842105263 0 0
87 0.905263157894737 0 0
88 0.91578947368421 0 0
89 0.926315789473684 0 0
90 0.936842105263158 0 0
91 0.947368421052632 0 0
92 0.957894736842105 0 0
93 0.968421052631579 0 0
94 0.978947368421053 0 0
95 0.989473684210526 0 0
96 1 0 0
