1 0 0 0
2 0.0008 0 0
3 0.0016 0 0
4 0.0024 0 0
5 0.0032 0 0
6 0.004 0 0
7 0.0048 0 0
8 0.0056 0 0
9 0.0064 0 0
10 0.0072 0 0
11 0.008 0 0
12 0.0088 0 0
13 0.0096 0 0
14 0.0104 0 0
15 0.0112 0 0
16 0.012 0 0
17 0.0128 0 0
18 0.0136 0 0
19 0.0144 0 0
20 0.0152 0 0
21 0.016 0 0
22 0.0168 0 0
23 0.0176 0 0
24 0.0184 0 0
25 0.0192 0 0
26 0.02 0 0
27 0.0208 0 0
28 0.0216 0 0
29 0.0224 0 0
30 0.0232 0 0
31 0.024 0 0
32 0.0248 0 0
33 0.0256 0 0
34 0.0264 0 0
35 0.0272 0 0
36 0.028 0 0
37 0.0288 0 0
38 0.0296 0 0
39 0.0304 0 0
40 0.0312 0 0
41 0.032 0 0
42 0.0328 0 0
43 0.0336 0 0
44 0.0344 0 0
45 0.0352 0 0
46 0.036 0 0
47 0.0368 0 0
48 0.0376 0 0
49 0.0384 0 0
50 0.0392 0 0
51 0.04 0 0
52 0.0408 0 0
53 0.0416 0 0
54 0.0424 0 0
55 0.0432 0 0
56 0.044 0 0
57 0.0448 0 0
58 0.0456 0 0
59 0.0464 0 0
60 0.0472 0 0
61 0.048 0 0
62 0.0488 0 0
63 0.0496 0 0
64 0.0504 0 0
65 0.0512 0 0
66 0.052 0 0
67 0.0528 0 0
68 0.0536 0 0
69 0.0544 0 0
70 0.0552 0 0
71 0.056 0 0
72 0.0568 0 0
73 0.0576 0 0
74 0.0584 0 0
75 0.0592 0 0
76 0.06 0 0
77 0.0608 0 0
78 0.0616 0 0
79 0.0624 0 0
80 0.0632 0 0
81 0.064 0 0
82 0.0648 0 0
83 0.0656 0 0
84 0.0664 0 0
85 0.0672 0 0
86 0.068 0 0
87 0.0688 0 0
88 0.0696 0 0
89 0.0704 0 0
90 0.0712 0 0
91 0.072 0 0
92 0.0728 0 0
93 0.0736 0 0
94 0.0744 0 0
95 0.0752 0 0
96 0.076 0 0
97 0.0768 0 0
98 0.0776 0 0
99 0.0784 0 0
100 0.0792 0 0
101 0.08 0 0
102 0.0808 0 0
103 0.0816 0 0
104 0.0824 0 0
105 0.0832 0 0
106 0.084 0 0
107 0.0848 0 0
108 0.0856 0 0
109 0.0864 0 0
110 0.0872 0 0
111 0.088 0 0
112 0.0888 0 0
113 0.0896 0 0
114 0.0904 0 0
115 0.0912 0 0
116 0.092 0 0
117 0.0928 0 0
118 0.0936 0 0
119 0.0944 0 0
120 0.0952 0 0
121 0.096 0 0
122 0.0968 0 0
123 0.0976 0 0
124 0.0984 0 0
125 0.0992 0 0
126 0.1 0 0
127 0.1008 0 0
128 0.1016 0 0
129 0.1024 0 0
130 0.1032 0 0
131 0.104 0 0
132 0.1048 0 0
133 0.1056 0 0
134 0.1064 0 0
135 0.1072 0 0
136 0.108 0 0
137 0.1088 0 0
138 0.1096 0 0
139 0.1104 0 0
140 0.1112 0 0
141 0.112 0 0
142 0.1128 0 0
143 0.1136 0 0
144 0.1144 0 0
145 0.1152 0 0
146 0.116 0 0
147 0.1168 0 0
148 0.1176 0 0
149 0.1184 0 0
150 0.1192 0 0
151 0.12 0 0
152 0.1208 0 0
153 0.1216 0 0
154 0.1224 0 0
155 0.1232 0 0
156 0.124 0 0
157 0.1248 0 0
158 0.1256 0 0
159 0.1264 0 0
160 0.1272 0 0
161 0.128 0 0
162 0.1288 0 0
163 0.1296 0 0
164 0.1304 0 0
165 0.1312 0 0
166 0.132 0 0
167 0.1328 0 0
168 0.1336 0 0
169 0.1344 0 0
170 0.1352 0 0
171 0.136 0 0
172 0.1368 0 0
173 0.1376 0 0
174 0.1384 0 0
175 0.1392 0 0
176 0.14 0 0
177 0.1408 0 0
178 0.1416 0 0
179 0.1424 0 0
180 0.1432 0 0
181 0.144 0 0
182 0.1448 0 0
183 0.1456 0 0
184 0.1464 0 0
185 0.1472 0 0
186 0.148 0 0
187 0.1488 0 0
188 0.1496 0 0
189 0.1504 0 0
190 0.1512 0 0
191 0.152 0 0
192 0.1528 0 0
193 0.1536 0 0
194 0.1544 0 0
195 0.1552 0 0
196 0.156 0 0
197 0.1568 0 0
198 0.1576 0 0
199 0.1584 0 0
200 0.1592 0 0
201 0.16 0 0
202 0.1608 0 0
203 0.1616 0 0
204 0.1624 0 0
205 0.1632 0 0
206 0.164 0 0
207 0.1648 0 0
208 0.1656 0 0
209 0.1664 0 0
210 0.1672 0 0
211 0.168 0 0
212 0.1688 0 0
213 0.1696 0 0
214 0.1704 0 0
215 0.1712 0 0
216 0.172 0 0
217 0.1728 0 0
218 0.1736 0 0
219 0.1744 0 0
220 0.1752 0 0
221 0.176 0 0
222 0.1768 0 0
223 0.1776 0 0
224 0.1784 0 0
225 0.1792 0 0
226 0.18 0 0
227 0.1808 0 0
228 0.1816 0 0
229 0.1824 0 0
230 0.1832 0 0
231 0.184 0 0
232 0.1848 0 0
233 0.1856 0 0
234 0.1864 0 0
235 0.1872 0 0
236 0.188 0 0
237 0.1888 0 0
238 0.1896 0 0
239 0.1904 0 0
240 0.1912 0 0
241 0.192 0 0
242 0.1928 0 0
243 0.1936 0 0
244 0.1944 0 0
245 0.1952 0 0
246 0.196 0 0
247 0.1968 0 0
248 0.1976 0 0
249 0.1984 0 0
250 0.1992 0 0
251 0.2 0 0
252 0.2008 0 0
253 0.2016 0 0
254 0.2024 0 0
255 0.2032 0 0
256 0.204 0 0
257 0.2048 0 0
258 0.2056 0 0
259 0.2064 0 0
260 0.2072 0 0
261 0.208 0 0
262 0.2088 0 0
263 0.2096 0 0
264 0.2104 0 0
265 0.2112 0 0
266 0.212 0 0
267 0.2128 0 0
268 0.2136 0 0
269 0.2144 0 0
270 0.2152 0 0
271 0.216 0 0
272 0.2168 0 0
273 0.2176 0 0
274 0.2184 0 0
275 0.2192 0 0
276 0.22 0 0
277 0.2208 0 0
278 0.2216 0 0
279 0.2224 0 0
280 0.2232 0 0
281 0.224 0 0
282 0.2248 0 0
283 0.2256 0 0
284 0.2264 0 0
285 0.2272 0 0
286 0.228 0 0
287 0.2288 0 0
288 0.2296 0 0
289 0.2304 0 0
290 0.2312 0 0
291 0.232 0 0
292 0.2328 0 0
293 0.2336 0 0
294 0.2344 0 0
295 0.2352 0 0
296 0.236 0 0
297 0.2368 0 0
298 0.2376 0 0
299 0.2384 0 0
300 0.2392 0 0
301 0.24 0 0
302 0.2408 0 0
303 0.2416 0 0
304 0.2424 0 0
305 0.2432 0 0
306 0.244 0 0
307 0.2448 0 0
308 0.2456 0 0
309 0.2464 0 0
310 0.2472 0 0
311 0.248 0 0
312 0.2488 0 0
313 0.2496 0 0
314 0.2504 0 0
315 0.2512 0 0
316 0.252 0 0
317 0.2528 0 0
318 0.2536 0 0
319 0.2544 0 0
320 0.2552 0 0
321 0.256 0 0
322 0.2568 0 0
323 0.2576 0 0
324 0.2584 0 0
325 0.2592 0 0
326 0.26 0 0
327 0.2608 0 0
328 0.2616 0 0
329 0.2624 0 0
330 0.2632 0 0
331 0.264 0 0
332 0.2648 0 0
333 0.2656 0 0
334 0.2664 0 0
335 0.2672 0 0
336 0.268 0 0
337 0.2688 0 0
338 0.2696 0 0
339 0.2704 0 0
340 0.2712 0 0
341 0.272 0 0
342 0.2728 0 0
343 0.2736 0 0
344 0.2744 0 0
345 0.2752 0 0
346 0.276 0 0
347 0.2768 0 0
348 0.2776 0 0
349 0.2784 0 0
350 0.2792 0 0
351 0.28 0 0
352 0.2808 0 0
353 0.2816 0 0
354 0.2824 0 0
355 0.2832 0 0
356 0.284 0 0
357 0.2848 0 0
358 0.2856 0 0
359 0.2864 0 0
360 0.2872 0 0
361 0.288 0 0
362 0.2888 0 0
363 0.2896 0 0
364 0.2904 0 0
365 0.2912 0 0
366 0.292 0 0
367 0.2928 0 0
368 0.2936 0 0
369 0.2944 0 0
370 0.2952 0 0
371 0.296 0 0
372 0.2968 0 0
373 0.2976 0 0
374 0.2984 0 0
375 0.2992 0 0
376 0.3 0 0
377 0.3008 0 0
378 0.3016 0 0
379 0.3024 0 0
380 0.3032 0 0
381 0.304 0 0
382 0.3048 0 0
383 0.3056 0 0
384 0.3064 0 0
385 0.3072 0 0
386 0.308 0 0
387 0.3088 0 0
388 0.3096 0 0
389 0.3104 0 0
390 0.3112 0 0
391 0.312 0 0
392 0.3128 0 0
393 0.3136 0 0
394 0.3144 0 0
395 0.3152 0 0
396 0.316 0 0
397 0.3168 0 0
398 0.3176 0 0
399 0.3184 0 0
400 0.3192 0 0
401 0.32 0 0
402 0.3208 0 0
403 0.3216 0 0
404 0.3224 0 0
405 0.3232 0 0
406 0.324 0 0
407 0.3248 0 0
408 0.3256 0 0
409 0.3264 0 0
410 0.3272 0 0
411 0.328 0 0
412 0.3288 0 0
413 0.3296 0 0
414 0.3304 0 0
415 0.3312 0 0
416 0.332 0 0
417 0.3328 0 0
418 0.3336 0 0
419 0.3344 0 0
420 0.3352 0 0
421 0.336 0 0
422 0.3368 0 0
423 0.3376 0 0
424 0.3384 0 0
425 0.3392 0 0
426 0.34 0 0
427 0.3408 0 0
428 0.3416 0 0
429 0.3424 0 0
430 0.3432 0 0
431 0.344 0 0
432 0.3448 0 0
433 0.3456 0 0
434 0.3464 0 0
435 0.3472 0 0
436 0.348 0 0
437 0.3488 0 0
438 0.3496 0 0
439 0.3504 0 0
440 0.3512 0 0
441 0.352 0 0
442 0.3528 0 0
443 0.3536 0 0
444 0.3544 0 0
445 0.3552 0 0
446 0.356 0 0
447 0.3568 0 0
448 0.3576 0 0
449 0.3584 0 0
450 0.3592 0 0
451 0.36 0 0
452 0.3608 0 0
453 0.3616 0 0
454 0.3624 0 0
455 0.3632 0 0
456 0.364 0 0
457 0.3648 0 0
458 0.3656 0 0
459 0.3664 0 0
460 0.3672 0 0
461 0.368 0 0
462 0.3688 0 0
463 0.3696 0 0
464 0.3704 0 0
465 0.3712 0 0
466 0.372 0 0
467 0.3728 0 0
468 0.3736 0 0
469 0.3744 0 0
470 0.3752 0 0
471 0.376 0 0
472 0.3768 0 0
473 0.3776 0 0
474 0.3784 0 0
475 0.3792 0 0
476 0.38 0 0
477 0.3808 0 0
478 0.3816 0 0
479 0.3824 0 0
480 0.3832 0 0
481 0.384 0 0
482 0.3848 0 0
483 0.3856 0 0
484 0.3864 0 0
485 0.3872 0 0
486 0.388 0 0
487 0.3888 0 0
488 0.3896 0 0
489 0.3904 0 0
490 0.3912 0 0
491 0.392 0 0
492 0.3928 0 0
493 0.3936 0 0
494 0.3944 0 0
495 0.3952 0 0
496 0.396 0 0
497 0.3968 0 0
498 0.3976 0 0
499 0.3984 0 0
500 0.3992 0 0
501 0.4 0 0
502 0.4008 0 0
503 0.4016 0 0
504 0.4024 0 0
505 0.4032 0 0
506 0.404 0 0
507 0.4048 0 0
508 0.4056 0 0
509 0.4064 0 0
510 0.4072 0 0
511 0.408 0 0
512 0.4088 0 0
513 0.4096 0 0
514 0.4104 0 0
515 0.4112 0 0
516 0.412 0 0
517 0.4128 0 0
518 0.4136 0 0
519 0.4144 0 0
520 0.4152 0 0
521 0.416 0 0
522 0.4168 0 0
523 0.4176 0 0
524 0.4184 0 0
525 0.4192 0 0
526 0.42 0 0
527 0.4208 0 0
528 0.4216 0 0
529 0.4224 0 0
530 0.4232 0 0
531 0.424 0 0
532 0.4248 0 0
533 0.4256 0 0
534 0.4264 0 0
535 0.4272 0 0
536 0.428 0 0
537 0.4288 0 0
538 0.4296 0 0
539 0.4304 0 0
540 0.4312 0 0
541 0.432 0 0
542 0.4328 0 0
543 0.4336 0 0
544 0.4344 0 0
545 0.4352 0 0
546 0.436 0 0
547 0.4368 0 0
548 0.4376 0 0
549 0.4384 0 0
550 0.4392 0 0
551 0.44 0 0
552 0.4408 0 0
553 0.4416 0 0
554 0.4424 0 0
555 0.4432 0 0
556 0.444 0 0
557 0.4448 0 0
558 0.4456 0 0
559 0.4464 0 0
560 0.4472 0 0
561 0.448 0 0
562 0.4488 0 0
563 0.4496 0 0
564 0.4504 0 0
565 0.4512 0 0
566 0.452 0 0
567 0.4528 0 0
568 0.4536 0 0
569 0.4544 0 0
570 0.4552 0 0
571 0.456 0 0
572 0.4568 0 0
573 0.4576 0 0
574 0.4584 0 0
575 0.4592 0 0
576 0.46 0 0
577 0.4608 0 0
578 0.4616 0 0
579 0.4624 0 0
580 0.4632 0 0
581 0.464 0 0
582 0.4648 0 0
583 0.4656 0 0
584 0.4664 0 0
585 0.4672 0 0
586 0.468 0 0
587 0.4688 0 0
588 0.4696 0 0
589 0.4704 0 0
590 0.4712 0 0
591 0.472 0 0
592 0.4728 0 0
593 0.4736 0 0
594 0.4744 0 0
595 0.4752 0 0
596 0.476 0 0
597 0.4768 0 0
598 0.4776 0 0
599 0.4784 0 0
600 0.4792 0 0
601 0.48 0 0
602 0.4808 0 0
603 0.4816 0 0
604 0.4824 0 0
605 0.4832 0 0
606 0.484 0 0
607 0.4848 0 0
608 0.4856 0 0
609 0.4864 0 0
610 0.4872 0 0
611 0.488 0 0
612 0.4888 0 0
613 0.4896 0 0
614 0.4904 0 0
615 0.4912 0 0
616 0.492 0 0
617 0.4928 0 0
618 0.4936 0 0
619 0.4944 0 0
620 0.4952 0 0
621 0.496 0 0
622 0.4968 0 0
623 0.4976 0 0
624 0.4984 0 0
625 0.4992 0 0
626 0.5 0 0
627 0.5008 0 0
628 0.5016 0 0
629 0.5024 0 0
630 0.5032 0 0
631 0.504 0 0
632 0.5048 0 0
633 0.5056 0 0
634 0.5064 0 0
635 0.5072 0 0
636 0.508 0 0
637 0.5088 0 0
638 0.5096 0 0
639 0.5104 0 0
640 0.5112 0 0
641 0.512 0 0
642 0.5128 0 0
643 0.5136 0 0
644 0.5144 0 0
645 0.5152 0 0
646 0.516 0 0
647 0.5168 0 0
648 0.5176 0 0
649 0.5184 0 0
650 0.5192 0 0
651 0.52 0 0
652 0.5208 0 0
653 0.5216 0 0
654 0.5224 0 0
655 0.5232 0 0
656 0.524 0 0
657 0.5248 0 0
658 0.5256 0 0
659 0.5264 0 0
660 0.5272 0 0
661 0.528 0 0
662 0.5288 0 0
663 0.5296 0 0
664 0.5304 0 0
665 0.5312 0 0
666 0.532 0 0
667 0.5328 0 0
668 0.5336 0 0
669 0.5344 0 0
670 0.5352 0 0
671 0.536 0 0
672 0.5368 0 0
673 0.5376 0 0
674 0.5384 0 0
675 0.5392 0 0
676 0.54 0 0
677 0.5408 0 0
678 0.5416 0 0
679 0.5424 0 0
680 0.5432 0 0
681 0.544 0 0
682 0.5448 0 0
683 0.5456 0 0
684 0.5464 0 0
685 0.5472 0 0
686 0.548 0 0
687 0.5488 0 0
688 0.5496 0 0
689 0.5504 0 0
690 0.5512 0 0
691 0.552 0 0
692 0.5528 0 0
693 0.5536 0 0
694 0.5544 0 0
695 0.5552 0 0
696 0.556 0 0
697 0.5568 0 0
698 0.5576 0 0
699 0.5584 0 0
700 0.5592 0 0
701 0.56 0 0
702 0.5608 0 0
703 0.5616 0 0
704 0.5624 0 0
705 0.5632 0 0
706 0.564 0 0
707 0.5648 0 0
708 0.5656 0 0
709 0.5664 0 0
710 0.5672 0 0
711 0.568 0 0
712 0.5688 0 0
713 0.5696 0 0
714 0.5704 0 0
715 0.5712 0 0
716 0.572 0 0
717 0.5728 0 0
718 0.5736 0 0
719 0.5744 0 0
720 0.5752 0 0
721 0.576 0 0
722 0.5768 0 0
723 0.5776 0 0
724 0.5784 0 0
725 0.5792 0 0
726 0.58 0 0
727 0.5808 0 0
728 0.5816 0 0
729 0.5824 0 0
730 0.5832 0 0
731 0.584 0 0
732 0.5848 0 0
733 0.5856 0 0
734 0.5864 0 0
735 0.5872 0 0
736 0.588 0 0
737 0.5888 0 0
738 0.5896 0 0
739 0.5904 0 0
740 0.5912 0 0
741 0.592 0 0
742 0.5928 0 0
743 0.5936 0 0
744 0.5944 0 0
745 0.5952 0 0
746 0.596 0 0
747 0.5968 0 0
748 0.5976 0 0
749 0.5984 0 0
750 0.5992 0 0
751 0.6 0 0
752 0.6008 0 0
753 0.6016 0 0
754 0.6024 0 0
755 0.6032 0 0
756 0.604 0 0
757 0.6048 0 0
758 0.6056 0 0
759 0.6064 0 0
760 0.6072 0 0
761 0.608 0 0
762 0.6088 0 0
763 0.6096 0 0
764 0.6104 0 0
765 0.6112 0 0
766 0.612 0 0
767 0.6128 0 0
768 0.6136 0 0
769 0.6144 0 0
770 0.6152 0 0
771 0.616 0 0
772 0.6168 0 0
773 0.6176 0 0
774 0.6184 0 0
775 0.6192 0 0
776 0.62 0 0
777 0.6208 0 0
778 0.6216 0 0
779 0.6224 0 0
780 0.6232 0 0
781 0.624 0 0
782 0.6248 0 0
783 0.6256 0 0
784 0.6264 0 0
785 0.6272 0 0
786 0.628 0 0
787 0.6288 0 0
788 0.6296 0 0
789 0.6304 0 0
790 0.6312 0 0
791 0.632 0 0
792 0.6328 0 0
793 0.6336 0 0
794 0.6344 0 0
795 0.6352 0 0
796 0.636 0 0
797 0.6368 0 0
798 0.6376 0 0
799 0.6384 0 0
800 0.6392 0 0
801 0.64 0 0
802 0.6408 0 0
803 0.6416 0 0
804 0.6424 0 0
805 0.6432 0 0
806 0.644 0 0
807 0.6448 0 0
808 0.6456 0 0
809 0.6464 0 0
810 0.6472 0 0
811 0.648 0 0
812 0.6488 0 0
813 0.6496 0 0
814 0.6504 0 0
815 0.6512 0 0
816 0.652 0 0
817 0.6528 0 0
818 0.6536 0 0
819 0.6544 0 0
820 0.6552 0 0
821 0.656 0 0
822 0.6568 0 0
823 0.6576 0 0
824 0.6584 0 0
825 0.6592 0 0
826 0.66 0 0
827 0.6608 0 0
828 0.6616 0 0
829 0.6624 0 0
830 0.6632 0 0
831 0.664 0 0
832 0.6648 0 0
833 0.6656 0 0
834 0.6664 0 0
835 0.6672 0 0
836 0.668 0 0
837 0.6688 0 0
838 0.6696 0 0
839 0.6704 0 0
840 0.6712 0 0
841 0.672 0 0
842 0.6728 0 0
843 0.6736 0 0
844 0.6744 0 0
845 0.6752 0 0
846 0.676 0 0
847 0.6768 0 0
848 0.6776 0 0
849 0.6784 0 0
850 0.6792 0 0
851 0.68 0 0
852 0.6808 0 0
853 0.6816 0 0
854 0.6824 0 0
855 0.6832 0 0
856 0.684 0 0
857 0.6848 0 0
858 0.6856 0 0
859 0.6864 0 0
860 0.6872 0 0
861 0.688 0 0
862 0.6888 0 0
863 0.6896 0 0
864 0.6904 0 0
865 0.6912 0 0
866 0.692 0 0
867 0.6928 0 0
868 0.6936 0 0
869 0.6944 0 0
870 0.6952 0 0
871 0.696 0 0
872 0.6968 0 0
873 0.6976 0 0
874 0.6984 0 0
875 0.6992 0 0
876 0.7 0 0
877 0.7008 0 0
878 0.7016 0 0
879 0.7024 0 0
880 0.7032 0 0
881 0.704 0 0
882 0.7048 0 0
883 0.7056 0 0
884 0.7064 0 0
885 0.7072 0 0
886 0.708 0 0
887 0.7088 0 0
888 0.7096 0 0
889 0.7104 0 0
890 0.7112 0 0
891 0.712 0 0
892 0.7128 0 0
893 0.7136 0 0
894 0.7144 0 0
895 0.7152 0 0
896 0.716 0 0
897 0.7168 0 0
898 0.7176 0 0
899 0.7184 0 0
900 0.7192 0 0
901 0.72 0 0
902 0.7208 0 0
903 0.7216 0 0
904 0.7224 0 0
905 0.7232 0 0
906 0.724 0 0
907 0.7248 0 0
908 0.7256 0 0
909 0.7264 0 0
910 0.7272 0 0
911 0.728 0 0
912 0.7288 0 0
913 0.7296 0 0
914 0.7304 0 0
915 0.7312 0 0
916 0.732 0 0
917 0.7328 0 0
918 0.7336 0 0
919 0.7344 0 0
920 0.7352 0 0
921 0.736 0 0
922 0.7368 0 0
923 0.7376 0 0
924 0.7384 0 0
925 0.7392 0 0
926 0.74 0 0
927 0.7408 0 0
928 0.7416 0 0
929 0.7424 0 0
930 0.7432 0 0
931 0.744 0 0
932 0.7448 0 0
933 0.7456 0 0
934 0.7464 0 0
935 0.7472 0 0
936 0.748 0 0
937 0.7488 0 0
938 0.7496 0 0
939 0.7504 0 0
940 0.7512 0 0
941 0.752 0 0
942 0.7528 0 0
943 0.7536 0 0
944 0.7544 0 0
945 0.7552 0 0
946 0.756 0 0
947 0.7568 0 0
948 0.7576 0 0
949 0.7584 0 0
950 0.7592 0 0
951 0.76 0 0
952 0.7608 0 0
953 0.7616 0 0
954 0.7624 0 0
955 0.7632 0 0
956 0.764 0 0
957 0.7648 0 0
958 0.7656 0 0
959 0.7664 0 0
960 0.7672 0 0
961 0.768 0 0
962 0.7688 0 0
963 0.7696 0 0
964 0.7704 0 0
965 0.7712 0 0
966 0.772 0 0
967 0.7728 0 0
968 0.7736 0 0
969 0.7744 0 0
970 0.7752 0 0
971 0.776 0 0
972 0.7768 0 0
973 0.7776 0 0
974 0.7784 0 0
975 0.7792 0 0
976 0.78 0 0
977 0.7808 0 0
978 0.7816 0 0
979 0.7824 0 0
980 0.7832 0 0
981 0.784 0 0
982 0.7848 0 0
983 0.7856 0 0
984 0.7864 0 0
985 0.7872 0 0
986 0.788 0 0
987 0.7888 0 0
988 0.7896 0 0
989 0.7904 0 0
990 0.7912 0 0
991 0.792 0 0
992 0.7928 0 0
993 0.7936 0 0
994 0.7944 0 0
995 0.7952 0 0
996 0.796 0 0
997 0.7968 0 0
998 0.7976 0 0
999 0.7984 0 0
1000 0.7992 0 0
1001 0.8 0 0
1002 0.8008 0 0
1003 0.8016 0 0
1004 0.8024 0 0
1005 0.8032 0 0
1006 0.804 0 0
1007 0.8048 0 0
1008 0.8056 0 0
1009 0.8064 0 0
1010 0.8072 0 0
1011 0.808 0 0
1012 0.8088 0 0
1013 0.8096 0 0
1014 0.8104 0 0
1015 0.8112 0 0
1016 0.812 0 0
1017 0.8128 0 0
1018 0.8136 0 0
1019 0.8144 0 0
1020 0.8152 0 0
1021 0.816 0 0
1022 0.8168 0 0
1023 0.8176 0 0
1024 0.8184 0 0
1025 0.8192 0 0
1026 0.82 0 0
1027 0.8208 0 0
1028 0.8216 0 0
1029 0.8224 0 0
1030 0.8232 0 0
1031 0.824 0 0
1032 0.8248 0 0
1033 0.8256 0 0
1034 0.8264 0 0
1035 0.8272 0 0
1036 0.828 0 0
1037 0.8288 0 0
1038 0.8296 0 0
1039 0.8304 0 0
1040 0.8312 0 0
1041 0.832 0 0
1042 0.8328 0 0
1043 0.8336 0 0
1044 0.8344 0 0
1045 0.8352 0 0
1046 0.836 0 0
1047 0.8368 0 0
1048 0.8376 0 0
1049 0.8384 0 0
1050 0.8392 0 0
1051 0.84 0 0
1052 0.8408 0 0
1053 0.8416 0 0
1054 0.8424 0 0
1055 0.8432 0 0
1056 0.844 0 0
1057 0.8448 0 0
1058 0.8456 0 0
1059 0.8464 0 0
1060 0.8472 0 0
1061 0.848 0 0
1062 0.8488 0 0
1063 0.8496 0 0
1064 0.8504 0 0
1065 0.8512 0 0
1066 0.852 0 0
1067 0.8528 0 0
1068 0.8536 0 0
1069 0.8544 0 0
1070 0.8552 0 0
1071 0.856 0 0
1072 0.8568 0 0
1073 0.8576 0 0
1074 0.8584 0 0
1075 0.8592 0 0
1076 0.86 0 0
1077 0.8608 0 0
1078 0.8616 0 0
1079 0.8624 0 0
1080 0.8632 0 0
1081 0.864 0 0
1082 0.8648 0 0
1083 0.8656 0 0
1084 0.8664 0 0
1085 0.8672 0 0
1086 0.868 0 0
1087 0.8688 0 0
1088 0.8696 0 0
1089 0.8704 0 0
1090 0.8712 0 0
1091 0.872 0 0
1092 0.8728 0 0
1093 0.8736 0 0
1094 0.8744 0 0
1095 0.8752 0 0
1096 0.876 0 0
1097 0.8768 0 0
1098 0.8776 0 0
1099 0.8784 0 0
1100 0.8792 0 0
1101 0.88 0 0
1102 0.8808 0 0
1103 0.8816 0 0
1104 0.8824 0 0
1105 0.8832 0 0
1106 0.884 0 0
1107 0.8848 0 0
1108 0.8856 0 0
1109 0.8864 0 0
1110 0.8872 0 0
1111 0.888 0 0
1112 0.8888 0 0
1113 0.8896 0 0
1114 0.8904 0 0
1115 0.8912 0 0
1116 0.892 0 0
1117 0.8928 0 0
1118 0.8936 0 0
1119 0.8944 0 0
1120 0.8952 0 0
1121 0.896 0 0
1122 0.8968 0 0
1123 0.8976 0 0
1124 0.8984 0 0
1125 0.8992 0 0
1126 0.9 0 0
1127 0.9008 0 0
1128 0.9016 0 0
1129 0.9024 0 0
1130 0.9032 0 0
1131 0.904 0 0
1132 0.9048 0 0
1133 0.9056 0 0
1134 0.9064 0 0
1135 0.9072 0 0
1136 0.908 0 0
1137 0.9088 0 0
1138 0.9096 0 0
1139 0.9104 0 0
1140 0.9112 0 0
1141 0.912 0 0
1142 0.9128 0 0
1143 0.9136 0 0
1144 0.9144 0 0
1145 0.9152 0 0
1146 0.916 0 0
1147 0.9168 0 0
1148 0.9176 0 0
1149 0.9184 0 0
1150 0.9192 0 0
1151 0.92 0 0
1152 0.9208 0 0
1153 0.9216 0 0
1154 0.9224 0 0
1155 0.9232 0 0
1156 0.924 0 0
1157 0.9248 0 0
1158 0.9256 0 0
1159 0.9264 0 0
1160 0.9272 0 0
1161 0.928 0 0
1162 0.9288 0 0
1163 0.9296 0 0
1164 0.9304 0 0
1165 0.9312 0 0
1166 0.932 0 0
1167 0.9328 0 0
1168 0.9336 0 0
1169 0.9344 0 0
1170 0.9352 0 0
1171 0.936 0 0
1172 0.9368 0 0
1173 0.9376 0 0
1174 0.9384 0 0
1175 0.9392 0 0
1176 0.94 0 0
1177 0.9408 0 0
1178 0.9416 0 0
1179 0.9424 0 0
1180 0.9432 0 0
1181 0.944 0 0
1182 0.9448 0 0
1183 0.9456 0 0
1184 0.9464 0 0
1185 0.9472 0 0
1186 0.948 0 0
1187 0.9488 0 0
1188 0.9496 0 0
1189 0.9504 0 0
1190 0.9512 0 0
1191 0.952 0 0
1192 0.9528 0 0
1193 0.9536 0 0
1194 0.9544 0 0
1195 0.9552 0 0
1196 0.956 0 0
1197 0.9568 0 0
1198 0.9576 0 0
1199 0.9584 0 0
1200 0.9592 0 0
1201 0.96 0 0
1202 0.9608 0 0
1203 0.9616 0 0
1204 0.9624 0 0
1205 0.9632 0 0
1206 0.964 0 0
1207 0.9648 0 0
1208 0.9656 0 0
1209 0.9664 0 0
1210 0.9672 0 0
1211 0.968 0 0
1212 0.9688 0 0
1213 0.9696 0 0
1214 0.9704 0 0
1215 0.9712 0 0
1216 0.972 0 0
1217 0.9728 0 0
1218 0.9736 0 0
1219 0.9744 0 0
1220 0.9752 0 0
1221 0.976 0 0
1222 0.9768 0 0
1223 0.9776 0 0
1224 0.9784 0 0
1225 0.9792 0 0
1226 0.98 0 0
1227 0.9808 0 0
1228 0.9816 0 0
1229 0.9824 0 0
1230 0.9832 0 0
1231 0.984 0 0
1232 0.9848 0 0
1233 0.9856 0 0
1234 0.9864 0 0
1235 0.9872 0 0
1236 0.988 0 0
1237 0.9888 0 0
1238 0.9896 0 0
1239 0.9904 0 0
1240 0.9912 0 0
1241 0.992 0 0
1242 0.9928 0 0
1243 0.9936 0 0
1244 0.9944 0 0
1245 0.9952 0 0
1246 0.996 0 0
1247 0.9968 0 0
1248 0.9976 0 0
1249 0.9984 0 0
1250 0.9992 0 0
1251 1 0 0
