1 0 0 0
2 0.00205761316872428 0 0
3 0.00411522633744856 0 0
4 0.00617283950617284 0 0
5 0.00823045267489712 0 0
6 0.0102880658436214 0 0
7 0.0123456790123457 0 0
8 0.01440329218107 0 0
9 0.0164609053497942 0 0
10 0.0185185185185185 0 0
11 0.0205761316872428 0 0
12 0.0226337448559671 0 0
13 0.0246913580246914 0 0
14 0.0267489711934156 0 0
15 0.0288065843621399 0 0
16 0.0308641975308642 0 0
17 0.0329218106995885 0 0
18 0.0349794238683128 0 0
19 0.037037037037037 0 0
20 0.0390946502057613 0 0
21 0.0411522633744856 0 0
22 0.0432098765432099 0 0
23 0.0452674897119342 0 0
24 0.0473251028806584 0 0
25 0.0493827160493827 0 0
26 0.051440329218107 0 0
27 0.0534979423868313 0 0
28 0.0555555555555556 0 0
29 0.0576131687242798 0 0
30 0.0596707818930041 0 0
31 0.0617283950617284 0 0
32 0.0637860082304527 0 0
33 0.065843621399177 0 0
34 0.0679012345679012 0 0
35 0.0699588477366255 0 0
36 0.0720164609053498 0 0
37 0.0740740740740741 0 0
38 0.0761316872427984 0 0
39 0.0781893004115226 0 0
40 0.0802469135802469 0 0
41 0.0823045267489712 0 0
42 0.0843621399176955 0 0
43 0.0864197530864197 0 0
44 0.088477366255144 0 0
45 0.0905349794238683 0 0
46 0.0925925925925926 0 0
47 0.0946502057613169 0 0
48 0.0967078189300412 0 0
49 0.0987654320987654 0 0
50 0.10082304526749 0 0
51 0.102880658436214 0 0
52 0.104938271604938 0 0
53 0.106995884773663 0 0
54 0.109053497942387 0 0
55 0.111111111111111 0 0
56 0.113168724279835 0 0
57 0.11522633744856 0 0
58 0.117283950617284 0 0
59 0.119341563786008 0 0
60 0.121399176954732 0 0
61 0.123456790123457 0 0
62 0.125514403292181 0 0
63 0.127572016460905 0 0
64 0.12962962962963 0 0
65 0.131687242798354 0 0
66 0.133744855967078 0 0
67 0.135802469135802 0 0
68 0.137860082304527 0 0
69 0.139917695473251 0 0
70 0.141975308641975 0 0
71 0.1440329218107 0 0
72 0.146090534979424 0 0
73 0.148148148148148 0 0
74 0.150205761316872 0 0
75 0.152263374485597 0 0
76 0.154320987654321 0 0
77 0.156378600823045 0 0
78 0.158436213991769 0 0
79 0.160493827160494 0 0
80 0.162551440329218 0 0
81 0.164609053497942 0 0
82 0.166666666666667 0 0
83 0.168724279835391 0 0
84 0.170781893004115 0 0
85 0.172839506172839 0 0
86 0.174897119341564 0 0
87 0.176954732510288 0 0
88 0.179012345679012 0 0
89 0.181069958847737 0 0
90 0.183127572016461 0 0
91 0.185185185185185 0 0
92 0.187242798353909 0 0
93 0.189300411522634 0 0
94 0.191358024691358 0 0
95 0.193415637860082 0 0
96 0.195473251028807 0 0
97 0.197530864197531 0 0
98 0.199588477366255 0 0
99 0.201646090534979 0 0
100 0.203703703703704 0 0
101 0.205761316872428 0 0
102 0.207818930041152 0 0
103 0.209876543209877 0 0
104 0.211934156378601 0 0
105 0.213991769547325 0 0
106 0.216049382716049 0 0
107 0.218106995884774 0 0
108 0.220164609053498 0 0
109 0.222222222222222 0 0
110 0.224279835390947 0 0
111 0.226337448559671 0 0
112 0.228395061728395 0 0
113 0.230452674897119 0 0
114 0.232510288065844 0 0
115 0.234567901234568 0 0
116 0.236625514403292 0 0
117 0.238683127572016 0 0
118 0.240740740740741 0 0
119 0.242798353909465 0 0
120 0.244855967078189 0 0
121 0.246913580246914 0 0
122 0.248971193415638 0 0
123 0.251028806584362 0 0
124 0.253086419753086 0 0
125 0.255144032921811 0 0
126 0.257201646090535 0 0
127 0.259259259259259 0 0
128 0.261316872427984 0 0
129 0.263374485596708 0 0
130 0.265432098765432 0 0
131 0.267489711934156 0 0
132 0.269547325102881 0 0
133 0.271604938271605 0 0
134 0.273662551440329 0 0
135 0.275720164609054 0 0
136 0.277777777777778 0 0
137 0.279835390946502 0 0
138 0.281893004115226 0 0
139 0.283950617283951 0 0
140 0.286008230452675 0 0
141 0.288065843621399 0 0
142 0.290123456790123 0 0
143 0.292181069958848 0 0
144 0.294238683127572 0 0
145 0.296296296296296 0 0
146 0.298353909465021 0 0
147 0.300411522633745 0 0
148 0.302469135802469 0 0
149 0.304526748971193 0 0
150 0.306584362139918 0 0
151 0.308641975308642 0 0
152 0.310699588477366 0 0
153 0.31275720164609 0 0
154 0.314814814814815 0 0
155 0.316872427983539 0 0
156 0.318930041152263 0 0
157 0.320987654320988 0 0
158 0.323045267489712 0 0
159 0.325102880658436 0 0
160 0.327160493827161 0 0
161 0.329218106995885 0 0
162 0.331275720164609 0 0
163 0.333333333333333 0 0
164 0.335390946502058 0 0
165 0.337448559670782 0 0
166 0.339506172839506 0 0
167 0.34156378600823 0 0
168 0.343621399176955 0 0
169 0.345679012345679 0 0
170 0.347736625514403 0 0
171 0.349794238683127 0 0
172 0.351851851851852 0 0
173 0.353909465020576 0 0
174 0.3559670781893 0 0
175 0.358024691358025 0 0
176 0.360082304526749 0 0
177 0.362139917695473 0 0
178 0.364197530864197 0 0
179 0.366255144032922 0 0
180 0.368312757201646 0 0
181 0.37037037037037 0 0
182 0.372427983539095 0 0
183 0.374485596707819 0 0
184 0.376543209876543 0 0
185 0.378600823045267 0 0
186 0.380658436213992 0 0
187 0.382716049382716 0 0
188 0.38477366255144 0 0
189 0.386831275720165 0 0
190 0.388888888888889 0 0
191 0.390946502057613 0 0
192 0.393004115226337 0 0
193 0.395061728395062 0 0
194 0.397119341563786 0 0
195 0.39917695473251 0 0
196 0.401234567901235 0 0
197 0.403292181069959 0 0
198 0.405349794238683 0 0
199 0.407407407407407 0 0
200 0.409465020576132 0 0
201 0.411522633744856 0 0
202 0.41358024691358 0 0
203 0.415637860082305 0 0
204 0.417695473251029 0 0
205 0.419753086419753 0 0
206 0.421810699588477 0 0
207 0.423868312757202 0 0
208 0.425925925925926 0 0
209 0.42798353909465 0 0
210 0.430041152263375 0 0
211 0.432098765432099 0 0
212 0.434156378600823 0 0
213 0.436213991769547 0 0
214 0.438271604938272 0 0
215 0.440329218106996 0 0
216 0.44238683127572 0 0
217 0.444444444444444 0 0
218 0.446502057613169 0 0
219 0.448559670781893 0 0
220 0.450617283950617 0 0
221 0.452674897119342 0 0
222 0.454732510288066 0 0
223 0.45679012345679 0 0
224 0.458847736625514 0 0
225 0.460905349794239 0 0
226 0.462962962962963 0 0
227 0.465020576131687 0 0
228 0.467078189300412 0 0
229 0.469135802469136 0 0
230 0.47119341563786 0 0
231 0.473251028806584 0 0
232 0.475308641975309 0 0
233 0.477366255144033 0 0
234 0.479423868312757 0 0
235 0.481481481481482 0 0
236 0.483539094650206 0 0
237 0.48559670781893 0 0
238 0.487654320987654 0 0
239 0.489711934156378 0 0
240 0.491769547325103 0 0
241 0.493827160493827 0 0
242 0.495884773662551 0 0
243 0.497942386831276 0 0
244 0.5 0 0
245 0.502057613168724 0 0
246 0.504115226337449 0 0
247 0.506172839506173 0 0
248 0.508230452674897 0 0
249 0.510288065843621 0 0
250 0.512345679012346 0 0
251 0.51440329218107 0 0
252 0.516460905349794 0 0
253 0.518518518518518 0 0
254 0.520576131687243 0 0
255 0.522633744855967 0 0
256 0.524691358024691 0 0
257 0.526748971193416 0 0
258 0.52880658436214 0 0
259 0.530864197530864 0 0
260 0.532921810699588 0 0
261 0.534979423868313 0 0
262 0.537037037037037 0 0
263 0.539094650205761 0 0
264 0.541152263374486 0 0
265 0.54320987654321 0 0
266 0.545267489711934 0 0
267 0.547325102880658 0 0
268 0.549382716049383 0 0
269 0.551440329218107 0 0
270 0.553497942386831 0 0
271 0.555555555555556 0 0
272 0.55761316872428 0 0
273 0.559670781893004 0 0
274 0.561728395061728 0 0
275 0.563786008230453 0 0
276 0.565843621399177 0 0
277 0.567901234567901 0 0
278 0.569958847736626 0 0
279 0.57201646090535 0 0
280 0.574074074074074 0 0
281 0.576131687242798 0 0
282 0.578189300411522 0 0
283 0.580246913580247 0 0
284 0.582304526748971 0 0
285 0.584362139917695 0 0
286 0.58641975308642 0 0
287 0.588477366255144 0 0
288 0.590534979423868 0 0
289 0.592592592592593 0 0
290 0.594650205761317 0 0
291 0.596707818930041 0 0
292 0.598765432098765 0 0
293 0.60082304526749 0 0
294 0.602880658436214 0 0
295 0.604938271604938 0 0
296 0.606995884773663 0 0
297 0.609053497942387 0 0
298 0.611111111111111 0 0
299 0.613168724279835 0 0
300 0.61522633744856 0 0
301 0.617283950617284 0 0
302 0.619341563786008 0 0
303 0.621399176954733 0 0
304 0.623456790123457 0 0
305 0.625514403292181 0 0
306 0.627572016460905 0 0
307 0.62962962962963 0 0
308 0.631687242798354 0 0
309 0.633744855967078 0 0
310 0.635802469135802 0 0
311 0.637860082304527 0 0
312 0.639917695473251 0 0
313 0.641975308641975 0 0
314 0.6440329218107 0 0
315 0.646090534979424 0 0
316 0.648148148148148 0 0
317 0.650205761316872 0 0
318 0.652263374485597 0 0
319 0.654320987654321 0 0
320 0.656378600823045 0 0
321 0.658436213991769 0 0
322 0.660493827160494 0 0
323 0.662551440329218 0 0
324 0.664609053497942 0 0
325 0.666666666666667 0 0
326 0.668724279835391 0 0
327 0.670781893004115 0 0
328 0.672839506172839 0 0
329 0.674897119341564 0 0
330 0.676954732510288 0 0
331 0.679012345679012 0 0
332 0.681069958847737 0 0
333 0.683127572016461 0 0
334 0.685185185185185 0 0
335 0.687242798353909 0 0
336 0.689300411522634 0 0
337 0.691358024691358 0 0
338 0.693415637860082 0 0
339 0.695473251028807 0 0
340 0.697530864197531 0 0
341 0.699588477366255 0 0
342 0.70164609053498 0 0
343 0.703703703703704 0 0
344 0.705761316872428 0 0
345 0.707818930041152 0 0
346 0.709876543209876 0 0
347 0.711934156378601 0 0
348 0.713991769547325 0 0
349 0.716049382716049 0 0
350 0.718106995884774 0 0
351 0.720164609053498 0 0
352 0.722222222222222 0 0
353 0.724279835390946 0 0
354 0.726337448559671 0 0
355 0.728395061728395 0 0
356 0.730452674897119 0 0
357 0.732510288065844 0 0
358 0.734567901234568 0 0
359 0.736625514403292 0 0
360 0.738683127572016 0 0
361 0.740740740740741 0 0
362 0.742798353909465 0 0
363 0.744855967078189 0 0
364 0.746913580246914 0 0
365 0.748971193415638 0 0
366 0.751028806584362 0 0
367 0.753086419753086 0 0
368 0.755144032921811 0 0
369 0.757201646090535 0 0
370 0.759259259259259 0 0
371 0.761316872427984 0 0
372 0.763374485596708 0 0
373 0.765432098765432 0 0
374 0.767489711934156 0 0
375 0.769547325102881 0 0
376 0.771604938271605 0 0
377 0.773662551440329 0 0
378 0.775720164609053 0 0
379 0.777777777777778 0 0
380 0.779835390946502 0 0
381 0.781893004115226 0 0
382 0.783950617283951 0 0
383 0.786008230452675 0 0
384 0.788065843621399 0 0
385 0.790123456790123 0 0
386 0.792181069958848 0 0
387 0.794238683127572 0 0
388 0.796296296296296 0 0
389 0.798353909465021 0 0
390 0.800411522633745 0 0
391 0.802469135802469 0 0
392 0.804526748971193 0 0
393 0.806584362139918 0 0
394 0.808641975308642 0 0
395 0.810699588477366 0 0
396 0.812757201646091 0 0
397 0.814814814814815 0 0
398 0.816872427983539 0 0
399 0.818930041152263 0 0
400 0.820987654320988 0 0
401 0.823045267489712 0 0
402 0.825102880658436 0 0
403 0.82716049382716 0 0
404 0.829218106995885 0 0
405 0.831275720164609 0 0
406 0.833333333333333 0 0
407 0.835390946502058 0 0
408 0.837448559670782 0 0
409 0.839506172839506 0 0
410 0.84156378600823 0 0
411 0.843621399176955 0 0
412 0.845679012345679 0 0
413 0.847736625514403 0 0
414 0.849794238683128 0 0
415 0.851851851851852 0 0
416 0.853909465020576 0 0
417 0.8559670781893 0 0
418 0.858024691358025 0 0
419 0.860082304526749 0 0
420 0.862139917695473 0 0
421 0.864197530864197 0 0
422 0.866255144032922 0 0
423 0.868312757201646 0 0
424 0.87037037037037 0 0
425 0.872427983539095 0 0
426 0.874485596707819 0 0
427 0.876543209876543 0 0
428 0.878600823045267 0 0
429 0.880658436213992 0 0
430 0.882716049382716 0 0
431 0.88477366255144 0 0
432 0.886831275720165 0 0
433 0.888888888888889 0 0
434 0.890946502057613 0 0
435 0.893004115226337 0 0
436 0.895061728395062 0 0
437 0.897119341563786 0 0
438 0.89917695473251 0 0
439 0.901234567901235 0 0
440 0.903292181069959 0 0
441 0.905349794238683 0 0
442 0.907407407407407 0 0
443 0.909465020576132 0 0
444 0.911522633744856 0 0
445 0.91358024691358 0 0
446 0.915637860082305 0 0
447 0.917695473251029 0 0
448 0.919753086419753 0 0
449 0.921810699588477 0 0
450 0.923868312757201 0 0
451 0.925925925925926 0 0
452 0.92798353909465 0 0
453 0.930041152263374 0 0
454 0.932098765432099 0 0
455 0.934156378600823 0 0
456 0.936213991769547 0 0
457 0.938271604938272 0 0
458 0.940329218106996 0 0
459 0.94238683127572 0 0
460 0.944444444444444 0 0
461 0.946502057613169 0 0
462 0.948559670781893 0 0
463 0.950617283950617 0 0
464 0.952674897119342 0 0
465 0.954732510288066 0 0
466 0.95679012345679 0 0
467 0.958847736625514 0 0
468 0.960905349794239 0 0
469 0.962962962962963 0 0
470 0.965020576131687 0 0
471 0.967078189300412 0 0
472 0.969135802469136 0 0
473 0.97119341563786 0 0
474 0.973251028806584 0 0
475 0.975308641975309 0 0
476 0.977366255144033 0 0
477 0.979423868312757 0 0
478 0.981481481481481 0 0
479 0.983539094650206 0 0
480 0.98559670781893 0 0
481 0.987654320987654 0 0
482 0.989711934156379 0 0
483 0.991769547325103 0 0
484 0.993827160493827 0 0
485 0.995884773662551 0 0
486 0.997942386831276 0 0
487 1 0 0
