1 0 0 0
2 0.00261780104712042 0 0
3 0.00523560209424084 0 0
4 0.00785340314136126 0 0
5 0.0104712041884817 0 0
6 0.0130890052356021 0 0
7 0.0157068062827225 0 0
8 0.0183246073298429 0 0
9 0.0209424083769633 0 0
10 0.0235602094240838 0 0
11 0.0261780104712042 0 0
12 0.0287958115183246 0 0
13 0.031413612565445 0 0
14 0.0340314136125655 0 0
15 0.0366492146596859 0 0
16 0.0392670157068063 0 0
17 0.0418848167539267 0 0
18 0.0445026178010471 0 0
19 0.0471204188481675 0 0
20 0.049738219895288 0 0
21 0.0523560209424084 0 0
22 0.0549738219895288 0 0
23 0.0575916230366492 0 0
24 0.0602094240837696 0 0
25 0.0628272251308901 0 0
26 0.0654450261780105 0 0
27 0.0680628272251309 0 0
28 0.0706806282722513 0 0
29 0.0732984293193717 0 0
30 0.0759162303664921 0 0
31 0.0785340314136126 0 0
32 0.081151832460733 0 0
33 0.0837696335078534 0 0
34 0.0863874345549738 0 0
35 0.0890052356020943 0 0
36 0.0916230366492147 0 0
37 0.0942408376963351 0 0
38 0.0968586387434555 0 0
39 0.0994764397905759 0 0
40 0.102094240837696 0 0
41 0.104712041884817 0 0
42 0.107329842931937 0 0
43 0.109947643979058 0 0
44 0.112565445026178 0 0
45 0.115183246073298 0 0
46 0.117801047120419 0 0
47 0.120418848167539 0 0
48 0.12303664921466 0 0
49 0.12565445026178 0 0
50 0.1282722513089 0 0
51 0.130890052356021 0 0
52 0.133507853403141 0 0
53 0.136125654450262 0 0
54 0.138743455497382 0 0
55 0.141361256544503 0 0
56 0.143979057591623 0 0
57 0.146596858638743 0 0
58 0.149214659685864 0 0
59 0.151832460732984 0 0
60 0.154450261780105 0 0
61 0.157068062827225 0 0
62 0.159685863874346 0 0
63 0.162303664921466 0 0
64 0.164921465968586 0 0
65 0.167539267015707 0 0
66 0.170157068062827 0 0
67 0.172774869109948 0 0
68 0.175392670157068 0 0
69 0.178010471204189 0 0
70 0.180628272251309 0 0
71 0.183246073298429 0 0
72 0.18586387434555 0 0
73 0.18848167539267 0 0
74 0.191099476439791 0 0
75 0.193717277486911 0 0
76 0.196335078534031 0 0
77 0.198952879581152 0 0
78 0.201570680628272 0 0
79 0.204188481675393 0 0
80 0.206806282722513 0 0
81 0.209424083769634 0 0
82 0.212041884816754 0 0
83 0.214659685863874 0 0
84 0.217277486910995 0 0
85 0.219895287958115 0 0
86 0.222513089005236 0 0
87 0.225130890052356 0 0
88 0.227748691099477 0 0
89 0.230366492146597 0 0
90 0.232984293193717 0 0
91 0.235602094240838 0 0
92 0.238219895287958 0 0
93 0.240837696335079 0 0
94 0.243455497382199 0 0
95 0.246073298429319 0 0
96 0.24869109947644 0 0
97 0.25130890052356 0 0
98 0.253926701570681 0 0
99 0.256544502617801 0 0
100 0.259162303664921 0 0
101 0.261780104712042 0 0
102 0.264397905759162 0 0
103 0.267015706806283 0 0
104 0.269633507853403 0 0
105 0.272251308900524 0 0
106 0.274869109947644 0 0
107 0.277486910994764 0 0
108 0.280104712041885 0 0
109 0.282722513089005 0 0
110 0.285340314136126 0 0
111 0.287958115183246 0 0
112 0.290575916230366 0 0
113 0.293193717277487 0 0
114 0.295811518324607 0 0
115 0.298429319371728 0 0
116 0.301047120418848 0 0
117 0.303664921465969 0 0
118 0.306282722513089 0 0
119 0.308900523560209 0 0
120 0.31151832460733 0 0
121 0.31413612565445 0 0
122 0.316753926701571 0 0
123 0.319371727748691 0 0
124 0.321989528795811 0 0
125 0.324607329842932 0 0
126 0.327225130890052 0 0
127 0.329842931937173 0 0
128 0.332460732984293 0 0
129 0.335078534031414 0 0
130 0.337696335078534 0 0
131 0.340314136125654 0 0
132 0.342931937172775 0 0
133 0.345549738219895 0 0
134 0.348167539267016 0 0
135 0.350785340314136 0 0
136 0.353403141361257 0 0
137 0.356020942408377 0 0
138 0.358638743455497 0 0
139 0.361256544502618 0 0
140 0.363874345549738 0 0
141 0.366492146596859 0 0
142 0.369109947643979 0 0
143 0.371727748691099 0 0
144 0.37434554973822 0 0
145 0.37696335078534 0 0
146 0.379581151832461 0 0
147 0.382198952879581 0 0
148 0.384816753926702 0 0
149 0.387434554973822 0 0
150 0.390052356020942 0 0
151 0.392670157068063 0 0
152 0.395287958115183 0 0
153 0.397905759162304 0 0
154 0.400523560209424 0 0
155 0.403141361256544 0 0
156 0.405759162303665 0 0
157 0.408376963350785 0 0
158 0.410994764397906 0 0
159 0.413612565445026 0 0
160 0.416230366492147 0 0
161 0.418848167539267 0 0
162 0.421465968586387 0 0
163 0.424083769633508 0 0
164 0.426701570680628 0 0
165 0.429319371727749 0 0
166 0.431937172774869 0 0
167 0.434554973821989 0 0
168 0.43717277486911 0 0
169 0.43979057591623 0 0
170 0.442408376963351 0 0
171 0.445026178010471 0 0
172 0.447643979057592 0 0
173 0.450261780104712 0 0
174 0.452879581151833 0 0
175 0.455497382198953 0 0
176 0.458115183246073 0 0
177 0.460732984293194 0 0
178 0.463350785340314 0 0
179 0.465968586387435 0 0
180 0.468586387434555 0 0
181 0.471204188481675 0 0
182 0.473821989528796 0 0
183 0.476439790575916 0 0
184 0.479057591623037 0 0
185 0.481675392670157 0 0
186 0.484293193717278 0 0
187 0.486910994764398 0 0
188 0.489528795811518 0 0
189 0.492146596858639 0 0
190 0.494764397905759 0 0
191 0.49738219895288 0 0
192 0.5 0 0
193 0.502617801047121 0 0
194 0.505235602094241 0 0
195 0.507853403141361 0 0
196 0.510471204188482 0 0
197 0.513089005235602 0 0
198 0.515706806282723 0 0
199 0.518324607329843 0 0
200 0.520942408376963 0 0
201 0.523560209424084 0 0
202 0.526178010471204 0 0
203 0.528795811518325 0 0
204 0.531413612565445 0 0
205 0.534031413612565 0 0
206 0.536649214659686 0 0
207 0.539267015706806 0 0
208 0.541884816753927 0 0
209 0.544502617801047 0 0
210 0.547120418848168 0 0
211 0.549738219895288 0 0
212 0.552356020942408 0 0
213 0.554973821989529 0 0
214 0.557591623036649 0 0
215 0.56020942408377 0 0
216 0.56282722513089 0 0
217 0.565445026178011 0 0
218 0.568062827225131 0 0
219 0.570680628272251 0 0
220 0.573298429319372 0 0
221 0.575916230366492 0 0
222 0.578534031413613 0 0
223 0.581151832460733 0 0
224 0.583769633507853 0 0
225 0.586387434554974 0 0
226 0.589005235602094 0 0
227 0.591623036649215 0 0
228 0.594240837696335 0 0
229 0.596858638743456 0 0
230 0.599476439790576 0 0
231 0.602094240837696 0 0
232 0.604712041884817 0 0
233 0.607329842931937 0 0
234 0.609947643979058 0 0
235 0.612565445026178 0 0
236 0.615183246073298 0 0
237 0.617801047120419 0 0
238 0.620418848167539 0 0
239 0.62303664921466 0 0
240 0.62565445026178 0 0
241 0.628272251308901 0 0
242 0.630890052356021 0 0
243 0.633507853403141 0 0
244 0.636125654450262 0 0
245 0.638743455497382 0 0
246 0.641361256544503 0 0
247 0.643979057591623 0 0
248 0.646596858638743 0 0
249 0.649214659685864 0 0
250 0.651832460732984 0 0
251 0.654450261780105 0 0
252 0.657068062827225 0 0
253 0.659685863874346 0 0
254 0.662303664921466 0 0
255 0.664921465968586 0 0
256 0.667539267015707 0 0
257 0.670157068062827 0 0
258 0.672774869109948 0 0
259 0.675392670157068 0 0
260 0.678010471204189 0 0
261 0.680628272251309 0 0
262 0.683246073298429 0 0
263 0.68586387434555 0 0
264 0.68848167539267 0 0
265 0.691099476439791 0 0
266 0.693717277486911 0 0
267 0.696335078534031 0 0
268 0.698952879581152 0 0
269 0.701570680628272 0 0
270 0.704188481675393 0 0
271 0.706806282722513 0 0
272 0.709424083769634 0 0
273 0.712041884816754 0 0
274 0.714659685863874 0 0
275 0.717277486910995 0 0
276 0.719895287958115 0 0
277 0.722513089005236 0 0
278 0.725130890052356 0 0
279 0.727748691099476 0 0
280 0.730366492146597 0 0
281 0.732984293193717 0 0
282 0.735602094240838 0 0
283 0.738219895287958 0 0
284 0.740837696335079 0 0
285 0.743455497382199 0 0
286 0.746073298429319 0 0
287 0.74869109947644 0 0
288 0.75130890052356 0 0
289 0.753926701570681 0 0
290 0.756544502617801 0 0
291 0.759162303664922 0 0
292 0.761780104712042 0 0
293 0.764397905759162 0 0
294 0.767015706806283 0 0
295 0.769633507853403 0 0
296 0.772251308900524 0 0
297 0.774869109947644 0 0
298 0.777486910994765 0 0
299 0.780104712041885 0 0
300 0.782722513089005 0 0
301 0.785340314136126 0 0
302 0.787958115183246 0 0
303 0.790575916230366 0 0
304 0.793193717277487 0 0
305 0.795811518324607 0 0
306 0.798429319371728 0 0
307 0.801047120418848 0 0
308 0.803664921465969 0 0
309 0.806282722513089 0 0
310 0.808900523560209 0 0
311 0.81151832460733 0 0
312 0.81413612565445 0 0
313 0.816753926701571 0 0
314 0.819371727748691 0 0
315 0.821989528795812 0 0
316 0.824607329842932 0 0
317 0.827225130890052 0 0
318 0.829842931937173 0 0
319 0.832460732984293 0 0
320 0.835078534031414 0 0
321 0.837696335078534 0 0
322 0.840314136125655 0 0
323 0.842931937172775 0 0
324 0.845549738219895 0 0
325 0.848167539267016 0 0
326 0.850785340314136 0 0
327 0.853403141361257 0 0
328 0.856020942408377 0 0
329 0.858638743455497 0 0
330 0.861256544502618 0 0
331 0.863874345549738 0 0
332 0.866492146596859 0 0
333 0.869109947643979 0 0
334 0.8717277486911 0 0
335 0.87434554973822 0 0
336 0.87696335078534 0 0
337 0.879581151832461 0 0
338 0.882198952879581 0 0
339 0.884816753926702 0 0
340 0.887434554973822 0 0
341 0.890052356020942 0 0
342 0.892670157068063 0 0
343 0.895287958115183 0 0
344 0.897905759162304 0 0
345 0.900523560209424 0 0
346 0.903141361256545 0 0
347 0.905759162303665 0 0
348 0.908376963350785 0 0
349 0.910994764397906 0 0
350 0.913612565445026 0 0
351 0.916230366492147 0 0
352 0.918848167539267 0 0
353 0.921465968586388 0 0
354 0.924083769633508 0 0
355 0.926701570680628 0 0
356 0.929319371727749 0 0
357 0.931937172774869 0 0
358 0.93455497382199 0 0
359 0.93717277486911 0 0
360 0.93979057591623 0 0
361 0.942408376963351 0 0
362 0.945026178010471 0 0
363 0.947643979057592 0 0
364 0.950261780104712 0 0
365 0.952879581151832 0 0
366 0.955497382198953 0 0
367 0.958115183246073 0 0
368 0.960732984293194 0 0
369 0.963350785340314 0 0
370 0.965968586387435 0 0
371 0.968586387434555 0 0
372 0.971204188481675 0 0
373 0.973821989528796 0 0
374 0.976439790575916 0 0
375 0.979057591623037 0 0
376 0.981675392670157 0 0
377 0.984293193717278 0 0
378 0.986910994764398 0 0
379 0.989528795811518 0 0
380 0.992146596858639 0 0
381 0.994764397905759 0 0
382 0.99738219895288 0 0
383 1 0 0
