1 0 0 0
2 0.00523560209424084 0 0
3 0.0104712041884817 0 0
4 0.0157068062827225 0 0
5 0.0209424083769633 0 0
6 0.0261780104712042 0 0
7 0.031413612565445 0 0
8 0.0366492146596859 0 0
9 0.0418848167539267 0 0
10 0.0471204188481675 0 0
11 0.0523560209424084 0 0
12 0.0575916230366492 0 0
13 0.0628272251308901 0 0
14 0.0680628272251309 0 0
15 0.0732984293193717 0 0
16 0.0785340314136126 0 0
17 0.0837696335078534 0 0
18 0.0890052356020943 0 0
19 0.0942408376963351 0 0
20 0.0994764397905759 0 0
21 0.104712041884817 0 0
22 0.109947643979058 0 0
23 0.115183246073298 0 0
24 0.120418848167539 0 0
25 0.12565445026178 0 0
26 0.130890052356021 0 0
27 0.136125654450262 0 0
28 0.141361256544503 0 0
29 0.146596858638743 0 0
30 0.151832460732984 0 0
31 0.157068062827225 0 0
32 0.162303664921466 0 0
33 0.167539267015707 0 0
34 0.172774869109948 0 0
35 0.178010471204189 0 0
36 0.183246073298429 0 0
37 0.18848167539267 0 0
38 0.193717277486911 0 0
39 0.198952879581152 0 0
40 0.204188481675393 0 0
41 0.209424083769634 0 0
42 0.214659685863874 0 0
43 0.219895287958115 0 0
44 0.225130890052356 0 0
45 0.230366492146597 0 0
46 0.235602094240838 0 0
47 0.240837696335079 0 0
48 0.246073298429319 0 0
49 0.25130890052356 0 0
50 0.256544502617801 0 0
51 0.261780104712042 0 0
52 0.267015706806283 0 0
53 0.272251308900524 0 0
54 0.277486910994764 0 0
55 0.282722513089005 0 0
56 0.287958115183246 0 0
57 0.293193717277487 0 0
58 0.298429319371728 0 0
59 0.303664921465969 0 0
60 0.308900523560209 0 0
61 0.31413612565445 0 0
62 0.319371727748691 0 0
63 0.324607329842932 0 0
64 0.329842931937173 0 0
65 0.335078534031414 0 0
66 0.340314136125654 0 0
67 0.345549738219895 0 0
68 0.350785340314136 0 0
69 0.356020942408377 0 0
70 0.361256544502618 0 0
71 0.366492146596859 0 0
72 0.371727748691099 0 0
73 0.37696335078534 0 0
74 0.382198952879581 0 0
75 0.387434554973822 0 0
76 0.392670157068063 0 0
77 0.397905759162304 0 0
78 0.403141361256544 0 0
79 0.408376963350785 0 0
80 0.413612565445026 0 0
81 0.418848167539267 0 0
82 0.424083769633508 0 0
83 0.429319371727749 0 0
84 0.434554973821989 0 0
85 0.43979057591623 0 0
86 0.445026178010471 0 0
87 0.450261780104712 0 0
88 0.455497382198953 0 0
89 0.460732984293194 0 0
90 0.465968586387435 0 0
91 0.471204188481675 0 0
92 0.476439790575916 0 0
93 0.481675392670157 0 0
94 0.486910994764398 0 0
95 0.492146596858639 0 0
96 0.49738219895288 0 0
97 0.502617801047121 0 0
98 0.507853403141361 0 0
99 0.513089005235602 0 0
100 0.518324607329843 0 0
101 0.523560209424084 0 0
102 0.528795811518325 0 0
103 0.534031413612565 0 0
104 0.539267015706806 0 0
105 0.544502617801047 0 0
106 0.549738219895288 0 0
107 0.554973821989529 0 0
108 0.56020942408377 0 0
109 0.565445026178011 0 0
110 0.570680628272251 0 0
111 0.575916230366492 0 0
112 0.581151832460733 0 0
113 0.586387434554974 0 0
114 0.591623036649215 0 0
115 0.596858638743456 0 0
116 0.602094240837696 0 0
117 0.607329842931937 0 0
118 0.612565445026178 0 0
119 0.617801047120419 0 0
120 0.62303664921466 0 0
121 0.628272251308901 0 0
122 0.633507853403141 0 0
123 0.638743455497382 0 0
124 0.643979057591623 0 0
125 0.649214659685864 0 0
126 0.654450261780105 0 0
127 0.659685863874346 0 0
128 0.664921465968586 0 0
129 0.670157068062827 0 0
130 0.675392670157068 0 0
131 0.680628272251309 0 0
132 0.68586387434555 0 0
133 0.691099476439791 0 0
134 0.696335078534031 0 0
135 0.701570680628272 0 0
136 0.706806282722513 0 0
137 0.712041884816754 0 0
138 0.717277486910995 0 0
139 0.722513089005236 0 0
140 0.727748691099476 0 0
141 0.732984293193717 0 0
142 0.738219895287958 0 0
143 0.743455497382199 0 0
144 0.74869109947644 0 0
145 0.753926701570681 0 0
146 0.759162303664922 0 0
147 0.764397905759162 0 0
148 0.769633507853403 0 0
149 0.774869109947644 0 0
150 0.780104712041885 0 0
151 0.785340314136126 0 0
152 0.790575916230366 0 0
153 0.795811518324607 0 0
154 0.801047120418848 0 0
155 0.806282722513089 0 0
156 0.81151832460733 0 0
157 0.816753926701571 0 0
158 0.821989528795812 0 0
159 0.827225130890052 0 0
160 0.832460732984293 0 0
161 0.837696335078534 0 0
162 0.842931937172775 0 0
163 0.848167539267016 0 0
164 0.853403141361257 0 0
165 0.858638743455497 0 0
166 0.863874345549738 0 0
167 0.869109947643979 0 0
168 0.87434554973822 0 0
169 0.879581151832461 0 0
170 0.884816753926702 0 0
171 0.890052356020942 0 0
172 0.895287958115183 0 0
173 0.900523560209424 0 0
174 0.905759162303665 0 0
175 0.910994764397906 0 0
176 0.916230366492147 0 0
177 0.921465968586388 0 0
178 0.926701570680628 0 0
179 0.931937172774869 0 0
180 0.93717277486911 0 0
181 0.942408376963351 0 0
182 0.947643979057592 0 0
183 0.952879581151832 0 0
184 0.958115183246073 0 0
185 0.963350785340314 0 0
186 0.968586387434555 0 0
187 0.973821989528796 0 0
188 0.979057591623037 0 0
189 0.984293193717278 0 0
190 0.989528795811518 0 0
191 0.994764397905759 0 0
192 1 0 0
