1 0 0 0
2 0.000652741514360313 0 0
3 0.00130548302872063 0 0
4 0.00195822454308094 0 0
5 0.00261096605744125 0 0
6 0.00326370757180157 0 0
7 0.00391644908616188 0 0
8 0.00456919060052219 0 0
9 0.00522193211488251 0 0
10 0.00587467362924282 0 0
11 0.00652741514360313 0 0
12 0.00718015665796345 0 0
13 0.00783289817232376 0 0
14 0.00848563968668407 0 0
15 0.00913838120104439 0 0
16 0.0097911227154047 0 0
17 0.010443864229765 0 0
18 0.0110966057441253 0 0
19 0.0117493472584856 0 0
20 0.012402088772846 0 0
21 0.0130548302872063 0 0
22 0.0137075718015666 0 0
23 0.0143603133159269 0 0
24 0.0150130548302872 0 0
25 0.0156657963446475 0 0
26 0.0163185378590078 0 0
27 0.0169712793733682 0 0
28 0.0176240208877285 0 0
29 0.0182767624020888 0 0
30 0.0189295039164491 0 0
31 0.0195822454308094 0 0
32 0.0202349869451697 0 0
33 0.02088772845953 0 0
34 0.0215404699738903 0 0
35 0.0221932114882506 0 0
36 0.022845953002611 0 0
37 0.0234986945169713 0 0
38 0.0241514360313316 0 0
39 0.0248041775456919 0 0
40 0.0254569190600522 0 0
41 0.0261096605744125 0 0
42 0.0267624020887728 0 0
43 0.0274151436031332 0 0
44 0.0280678851174935 0 0
45 0.0287206266318538 0 0
46 0.0293733681462141 0 0
47 0.0300261096605744 0 0
48 0.0306788511749347 0 0
49 0.031331592689295 0 0
50 0.0319843342036554 0 0
51 0.0326370757180157 0 0
52 0.033289817232376 0 0
53 0.0339425587467363 0 0
54 0.0345953002610966 0 0
55 0.0352480417754569 0 0
56 0.0359007832898173 0 0
57 0.0365535248041775 0 0
58 0.0372062663185379 0 0
59 0.0378590078328982 0 0
60 0.0385117493472585 0 0
61 0.0391644908616188 0 0
62 0.0398172323759791 0 0
63 0.0404699738903394 0 0
64 0.0411227154046998 0 0
65 0.0417754569190601 0 0
66 0.0424281984334204 0 0
67 0.0430809399477807 0 0
68 0.043733681462141 0 0
69 0.0443864229765013 0 0
70 0.0450391644908616 0 0
71 0.0456919060052219 0 0
72 0.0463446475195822 0 0
73 0.0469973890339426 0 0
74 0.0476501305483029 0 0
75 0.0483028720626632 0 0
76 0.0489556135770235 0 0
77 0.0496083550913838 0 0
78 0.0502610966057441 0 0
79 0.0509138381201044 0 0
80 0.0515665796344648 0 0
81 0.0522193211488251 0 0
82 0.0528720626631854 0 0
83 0.0535248041775457 0 0
84 0.054177545691906 0 0
85 0.0548302872062663 0 0
86 0.0554830287206266 0 0
87 0.056135770234987 0 0
88 0.0567885117493473 0 0
89 0.0574412532637076 0 0
90 0.0580939947780679 0 0
91 0.0587467362924282 0 0
92 0.0593994778067885 0 0
93 0.0600522193211488 0 0
94 0.0607049608355091 0 0
95 0.0613577023498695 0 0
96 0.0620104438642298 0 0
97 0.0626631853785901 0 0
98 0.0633159268929504 0 0
99 0.0639686684073107 0 0
100 0.064621409921671 0 0
101 0.0652741514360313 0 0
102 0.0659268929503917 0 0
103 0.066579634464752 0 0
104 0.0672323759791123 0 0
105 0.0678851174934726 0 0
106 0.0685378590078329 0 0
107 0.0691906005221932 0 0
108 0.0698433420365535 0 0
109 0.0704960835509138 0 0
110 0.0711488250652742 0 0
111 0.0718015665796345 0 0
112 0.0724543080939948 0 0
113 0.0731070496083551 0 0
114 0.0737597911227154 0 0
115 0.0744125326370757 0 0
116 0.075065274151436 0 0
117 0.0757180156657963 0 0
118 0.0763707571801567 0 0
119 0.077023498694517 0 0
120 0.0776762402088773 0 0
121 0.0783289817232376 0 0
122 0.0789817232375979 0 0
123 0.0796344647519582 0 0
124 0.0802872062663186 0 0
125 0.0809399477806789 0 0
126 0.0815926892950392 0 0
127 0.0822454308093995 0 0
128 0.0828981723237598 0 0
129 0.0835509138381201 0 0
130 0.0842036553524804 0 0
131 0.0848563968668407 0 0
132 0.0855091383812011 0 0
133 0.0861618798955614 0 0
134 0.0868146214099217 0 0
135 0.087467362924282 0 0
136 0.0881201044386423 0 0
137 0.0887728459530026 0 0
138 0.0894255874673629 0 0
139 0.0900783289817232 0 0
140 0.0907310704960836 0 0
141 0.0913838120104439 0 0
142 0.0920365535248042 0 0
143 0.0926892950391645 0 0
144 0.0933420365535248 0 0
145 0.0939947780678851 0 0
146 0.0946475195822454 0 0
147 0.0953002610966057 0 0
148 0.0959530026109661 0 0
149 0.0966057441253264 0 0
150 0.0972584856396867 0 0
151 0.097911227154047 0 0
152 0.0985639686684073 0 0
153 0.0992167101827676 0 0
154 0.0998694516971279 0 0
155 0.100522193211488 0 0
156 0.101174934725849 0 0
157 0.101827676240209 0 0
158 0.102480417754569 0 0
159 0.10313315926893 0 0
160 0.10378590078329 0 0
161 0.10443864229765 0 0
162 0.10509138381201 0 0
163 0.105744125326371 0 0
164 0.106396866840731 0 0
165 0.107049608355091 0 0
166 0.107702349869452 0 0
167 0.108355091383812 0 0
168 0.109007832898172 0 0
169 0.109660574412533 0 0
170 0.110313315926893 0 0
171 0.110966057441253 0 0
172 0.111618798955614 0 0
173 0.112271540469974 0 0
174 0.112924281984334 0 0
175 0.113577023498695 0 0
176 0.114229765013055 0 0
177 0.114882506527415 0 0
178 0.115535248041776 0 0
179 0.116187989556136 0 0
180 0.116840731070496 0 0
181 0.117493472584856 0 0
182 0.118146214099217 0 0
183 0.118798955613577 0 0
184 0.119451697127937 0 0
185 0.120104438642298 0 0
186 0.120757180156658 0 0
187 0.121409921671018 0 0
188 0.122062663185379 0 0
189 0.122715404699739 0 0
190 0.123368146214099 0 0
191 0.124020887728459 0 0
192 0.12467362924282 0 0
193 0.12532637075718 0 0
194 0.12597911227154 0 0
195 0.126631853785901 0 0
196 0.127284595300261 0 0
197 0.127937336814621 0 0
198 0.128590078328982 0 0
199 0.129242819843342 0 0
200 0.129895561357702 0 0
201 0.130548302872063 0 0
202 0.131201044386423 0 0
203 0.131853785900783 0 0
204 0.132506527415144 0 0
205 0.133159268929504 0 0
206 0.133812010443864 0 0
207 0.134464751958224 0 0
208 0.135117493472585 0 0
209 0.135770234986945 0 0
210 0.136422976501305 0 0
211 0.137075718015666 0 0
212 0.137728459530026 0 0
213 0.138381201044386 0 0
214 0.139033942558747 0 0
215 0.139686684073107 0 0
216 0.140339425587467 0 0
217 0.140992167101828 0 0
218 0.141644908616188 0 0
219 0.142297650130548 0 0
220 0.142950391644909 0 0
221 0.143603133159269 0 0
222 0.144255874673629 0 0
223 0.14490861618799 0 0
224 0.14556135770235 0 0
225 0.14621409921671 0 0
226 0.146866840731071 0 0
227 0.147519582245431 0 0
228 0.148172323759791 0 0
229 0.148825065274151 0 0
230 0.149477806788512 0 0
231 0.150130548302872 0 0
232 0.150783289817232 0 0
233 0.151436031331593 0 0
234 0.152088772845953 0 0
235 0.152741514360313 0 0
236 0.153394255874674 0 0
237 0.154046997389034 0 0
238 0.154699738903394 0 0
239 0.155352480417755 0 0
240 0.156005221932115 0 0
241 0.156657963446475 0 0
242 0.157310704960835 0 0
243 0.157963446475196 0 0
244 0.158616187989556 0 0
245 0.159268929503916 0 0
246 0.159921671018277 0 0
247 0.160574412532637 0 0
248 0.161227154046997 0 0
249 0.161879895561358 0 0
250 0.162532637075718 0 0
251 0.163185378590078 0 0
252 0.163838120104439 0 0
253 0.164490861618799 0 0
254 0.165143603133159 0 0
255 0.16579634464752 0 0
256 0.16644908616188 0 0
257 0.16710182767624 0 0
258 0.1677545691906 0 0
259 0.168407310704961 0 0
260 0.169060052219321 0 0
261 0.169712793733682 0 0
262 0.170365535248042 0 0
263 0.171018276762402 0 0
264 0.171671018276762 0 0
265 0.172323759791123 0 0
266 0.172976501305483 0 0
267 0.173629242819843 0 0
268 0.174281984334204 0 0
269 0.174934725848564 0 0
270 0.175587467362924 0 0
271 0.176240208877285 0 0
272 0.176892950391645 0 0
273 0.177545691906005 0 0
274 0.178198433420366 0 0
275 0.178851174934726 0 0
276 0.179503916449086 0 0
277 0.180156657963446 0 0
278 0.180809399477807 0 0
279 0.181462140992167 0 0
280 0.182114882506527 0 0
281 0.182767624020888 0 0
282 0.183420365535248 0 0
283 0.184073107049608 0 0
284 0.184725848563969 0 0
285 0.185378590078329 0 0
286 0.186031331592689 0 0
287 0.18668407310705 0 0
288 0.18733681462141 0 0
289 0.18798955613577 0 0
290 0.18864229765013 0 0
291 0.189295039164491 0 0
292 0.189947780678851 0 0
293 0.190600522193211 0 0
294 0.191253263707572 0 0
295 0.191906005221932 0 0
296 0.192558746736292 0 0
297 0.193211488250653 0 0
298 0.193864229765013 0 0
299 0.194516971279373 0 0
300 0.195169712793734 0 0
301 0.195822454308094 0 0
302 0.196475195822454 0 0
303 0.197127937336815 0 0
304 0.197780678851175 0 0
305 0.198433420365535 0 0
306 0.199086161879896 0 0
307 0.199738903394256 0 0
308 0.200391644908616 0 0
309 0.201044386422977 0 0
310 0.201697127937337 0 0
311 0.202349869451697 0 0
312 0.203002610966058 0 0
313 0.203655352480418 0 0
314 0.204308093994778 0 0
315 0.204960835509138 0 0
316 0.205613577023499 0 0
317 0.206266318537859 0 0
318 0.206919060052219 0 0
319 0.20757180156658 0 0
320 0.20822454308094 0 0
321 0.2088772845953 0 0
322 0.209530026109661 0 0
323 0.210182767624021 0 0
324 0.210835509138381 0 0
325 0.211488250652741 0 0
326 0.212140992167102 0 0
327 0.212793733681462 0 0
328 0.213446475195822 0 0
329 0.214099216710183 0 0
330 0.214751958224543 0 0
331 0.215404699738903 0 0
332 0.216057441253264 0 0
333 0.216710182767624 0 0
334 0.217362924281984 0 0
335 0.218015665796345 0 0
336 0.218668407310705 0 0
337 0.219321148825065 0 0
338 0.219973890339426 0 0
339 0.220626631853786 0 0
340 0.221279373368146 0 0
341 0.221932114882506 0 0
342 0.222584856396867 0 0
343 0.223237597911227 0 0
344 0.223890339425588 0 0
345 0.224543080939948 0 0
346 0.225195822454308 0 0
347 0.225848563968668 0 0
348 0.226501305483029 0 0
349 0.227154046997389 0 0
350 0.227806788511749 0 0
351 0.22845953002611 0 0
352 0.22911227154047 0 0
353 0.22976501305483 0 0
354 0.230417754569191 0 0
355 0.231070496083551 0 0
356 0.231723237597911 0 0
357 0.232375979112272 0 0
358 0.233028720626632 0 0
359 0.233681462140992 0 0
360 0.234334203655353 0 0
361 0.234986945169713 0 0
362 0.235639686684073 0 0
363 0.236292428198433 0 0
364 0.236945169712794 0 0
365 0.237597911227154 0 0
366 0.238250652741514 0 0
367 0.238903394255875 0 0
368 0.239556135770235 0 0
369 0.240208877284595 0 0
370 0.240861618798956 0 0
371 0.241514360313316 0 0
372 0.242167101827676 0 0
373 0.242819843342036 0 0
374 0.243472584856397 0 0
375 0.244125326370757 0 0
376 0.244778067885117 0 0
377 0.245430809399478 0 0
378 0.246083550913838 0 0
379 0.246736292428198 0 0
380 0.247389033942559 0 0
381 0.248041775456919 0 0
382 0.248694516971279 0 0
383 0.24934725848564 0 0
384 0.25 0 0
385 0.25065274151436 0 0
386 0.251305483028721 0 0
387 0.251958224543081 0 0
388 0.252610966057441 0 0
389 0.253263707571802 0 0
390 0.253916449086162 0 0
391 0.254569190600522 0 0
392 0.255221932114882 0 0
393 0.255874673629243 0 0
394 0.256527415143603 0 0
395 0.257180156657964 0 0
396 0.257832898172324 0 0
397 0.258485639686684 0 0
398 0.259138381201044 0 0
399 0.259791122715405 0 0
400 0.260443864229765 0 0
401 0.261096605744125 0 0
402 0.261749347258486 0 0
403 0.262402088772846 0 0
404 0.263054830287206 0 0
405 0.263707571801567 0 0
406 0.264360313315927 0 0
407 0.265013054830287 0 0
408 0.265665796344648 0 0
409 0.266318537859008 0 0
410 0.266971279373368 0 0
411 0.267624020887729 0 0
412 0.268276762402089 0 0
413 0.268929503916449 0 0
414 0.269582245430809 0 0
415 0.27023498694517 0 0
416 0.27088772845953 0 0
417 0.27154046997389 0 0
418 0.272193211488251 0 0
419 0.272845953002611 0 0
420 0.273498694516971 0 0
421 0.274151436031332 0 0
422 0.274804177545692 0 0
423 0.275456919060052 0 0
424 0.276109660574413 0 0
425 0.276762402088773 0 0
426 0.277415143603133 0 0
427 0.278067885117493 0 0
428 0.278720626631854 0 0
429 0.279373368146214 0 0
430 0.280026109660575 0 0
431 0.280678851174935 0 0
432 0.281331592689295 0 0
433 0.281984334203655 0 0
434 0.282637075718016 0 0
435 0.283289817232376 0 0
436 0.283942558746736 0 0
437 0.284595300261097 0 0
438 0.285248041775457 0 0
439 0.285900783289817 0 0
440 0.286553524804178 0 0
441 0.287206266318538 0 0
442 0.287859007832898 0 0
443 0.288511749347258 0 0
444 0.289164490861619 0 0
445 0.289817232375979 0 0
446 0.29046997389034 0 0
447 0.2911227154047 0 0
448 0.29177545691906 0 0
449 0.29242819843342 0 0
450 0.293080939947781 0 0
451 0.293733681462141 0 0
452 0.294386422976501 0 0
453 0.295039164490862 0 0
454 0.295691906005222 0 0
455 0.296344647519582 0 0
456 0.296997389033943 0 0
457 0.297650130548303 0 0
458 0.298302872062663 0 0
459 0.298955613577023 0 0
460 0.299608355091384 0 0
461 0.300261096605744 0 0
462 0.300913838120105 0 0
463 0.301566579634465 0 0
464 0.302219321148825 0 0
465 0.302872062663185 0 0
466 0.303524804177546 0 0
467 0.304177545691906 0 0
468 0.304830287206266 0 0
469 0.305483028720627 0 0
470 0.306135770234987 0 0
471 0.306788511749347 0 0
472 0.307441253263708 0 0
473 0.308093994778068 0 0
474 0.308746736292428 0 0
475 0.309399477806789 0 0
476 0.310052219321149 0 0
477 0.310704960835509 0 0
478 0.311357702349869 0 0
479 0.31201044386423 0 0
480 0.31266318537859 0 0
481 0.31331592689295 0 0
482 0.313968668407311 0 0
483 0.314621409921671 0 0
484 0.315274151436031 0 0
485 0.315926892950392 0 0
486 0.316579634464752 0 0
487 0.317232375979112 0 0
488 0.317885117493472 0 0
489 0.318537859007833 0 0
490 0.319190600522193 0 0
491 0.319843342036554 0 0
492 0.320496083550914 0 0
493 0.321148825065274 0 0
494 0.321801566579634 0 0
495 0.322454308093995 0 0
496 0.323107049608355 0 0
497 0.323759791122715 0 0
498 0.324412532637076 0 0
499 0.325065274151436 0 0
500 0.325718015665796 0 0
501 0.326370757180157 0 0
502 0.327023498694517 0 0
503 0.327676240208877 0 0
504 0.328328981723237 0 0
505 0.328981723237598 0 0
506 0.329634464751958 0 0
507 0.330287206266319 0 0
508 0.330939947780679 0 0
509 0.331592689295039 0 0
510 0.3322454308094 0 0
511 0.33289817232376 0 0
512 0.33355091383812 0 0
513 0.33420365535248 0 0
514 0.334856396866841 0 0
515 0.335509138381201 0 0
516 0.336161879895562 0 0
517 0.336814621409922 0 0
518 0.337467362924282 0 0
519 0.338120104438642 0 0
520 0.338772845953003 0 0
521 0.339425587467363 0 0
522 0.340078328981723 0 0
523 0.340731070496083 0 0
524 0.341383812010444 0 0
525 0.342036553524804 0 0
526 0.342689295039165 0 0
527 0.343342036553525 0 0
528 0.343994778067885 0 0
529 0.344647519582245 0 0
530 0.345300261096606 0 0
531 0.345953002610966 0 0
532 0.346605744125326 0 0
533 0.347258485639687 0 0
534 0.347911227154047 0 0
535 0.348563968668407 0 0
536 0.349216710182768 0 0
537 0.349869451697128 0 0
538 0.350522193211488 0 0
539 0.351174934725848 0 0
540 0.351827676240209 0 0
541 0.352480417754569 0 0
542 0.35313315926893 0 0
543 0.35378590078329 0 0
544 0.35443864229765 0 0
545 0.35509138381201 0 0
546 0.355744125326371 0 0
547 0.356396866840731 0 0
548 0.357049608355091 0 0
549 0.357702349869452 0 0
550 0.358355091383812 0 0
551 0.359007832898172 0 0
552 0.359660574412533 0 0
553 0.360313315926893 0 0
554 0.360966057441253 0 0
555 0.361618798955614 0 0
556 0.362271540469974 0 0
557 0.362924281984334 0 0
558 0.363577023498694 0 0
559 0.364229765013055 0 0
560 0.364882506527415 0 0
561 0.365535248041776 0 0
562 0.366187989556136 0 0
563 0.366840731070496 0 0
564 0.367493472584856 0 0
565 0.368146214099217 0 0
566 0.368798955613577 0 0
567 0.369451697127937 0 0
568 0.370104438642298 0 0
569 0.370757180156658 0 0
570 0.371409921671018 0 0
571 0.372062663185379 0 0
572 0.372715404699739 0 0
573 0.373368146214099 0 0
574 0.374020887728459 0 0
575 0.37467362924282 0 0
576 0.37532637075718 0 0
577 0.375979112271541 0 0
578 0.376631853785901 0 0
579 0.377284595300261 0 0
580 0.377937336814621 0 0
581 0.378590078328982 0 0
582 0.379242819843342 0 0
583 0.379895561357702 0 0
584 0.380548302872063 0 0
585 0.381201044386423 0 0
586 0.381853785900783 0 0
587 0.382506527415144 0 0
588 0.383159268929504 0 0
589 0.383812010443864 0 0
590 0.384464751958224 0 0
591 0.385117493472585 0 0
592 0.385770234986945 0 0
593 0.386422976501306 0 0
594 0.387075718015666 0 0
595 0.387728459530026 0 0
596 0.388381201044386 0 0
597 0.389033942558747 0 0
598 0.389686684073107 0 0
599 0.390339425587467 0 0
600 0.390992167101828 0 0
601 0.391644908616188 0 0
602 0.392297650130548 0 0
603 0.392950391644909 0 0
604 0.393603133159269 0 0
605 0.394255874673629 0 0
606 0.39490861618799 0 0
607 0.39556135770235 0 0
608 0.39621409921671 0 0
609 0.39686684073107 0 0
610 0.397519582245431 0 0
611 0.398172323759791 0 0
612 0.398825065274152 0 0
613 0.399477806788512 0 0
614 0.400130548302872 0 0
615 0.400783289817232 0 0
616 0.401436031331593 0 0
617 0.402088772845953 0 0
618 0.402741514360313 0 0
619 0.403394255874674 0 0
620 0.404046997389034 0 0
621 0.404699738903394 0 0
622 0.405352480417755 0 0
623 0.406005221932115 0 0
624 0.406657963446475 0 0
625 0.407310704960835 0 0
626 0.407963446475196 0 0
627 0.408616187989556 0 0
628 0.409268929503917 0 0
629 0.409921671018277 0 0
630 0.410574412532637 0 0
631 0.411227154046997 0 0
632 0.411879895561358 0 0
633 0.412532637075718 0 0
634 0.413185378590078 0 0
635 0.413838120104439 0 0
636 0.414490861618799 0 0
637 0.415143603133159 0 0
638 0.41579634464752 0 0
639 0.41644908616188 0 0
640 0.41710182767624 0 0
641 0.4177545691906 0 0
642 0.418407310704961 0 0
643 0.419060052219321 0 0
644 0.419712793733681 0 0
645 0.420365535248042 0 0
646 0.421018276762402 0 0
647 0.421671018276763 0 0
648 0.422323759791123 0 0
649 0.422976501305483 0 0
650 0.423629242819843 0 0
651 0.424281984334204 0 0
652 0.424934725848564 0 0
653 0.425587467362924 0 0
654 0.426240208877285 0 0
655 0.426892950391645 0 0
656 0.427545691906005 0 0
657 0.428198433420366 0 0
658 0.428851174934726 0 0
659 0.429503916449086 0 0
660 0.430156657963446 0 0
661 0.430809399477807 0 0
662 0.431462140992167 0 0
663 0.432114882506527 0 0
664 0.432767624020888 0 0
665 0.433420365535248 0 0
666 0.434073107049608 0 0
667 0.434725848563969 0 0
668 0.435378590078329 0 0
669 0.436031331592689 0 0
670 0.43668407310705 0 0
671 0.43733681462141 0 0
672 0.43798955613577 0 0
673 0.438642297650131 0 0
674 0.439295039164491 0 0
675 0.439947780678851 0 0
676 0.440600522193211 0 0
677 0.441253263707572 0 0
678 0.441906005221932 0 0
679 0.442558746736292 0 0
680 0.443211488250653 0 0
681 0.443864229765013 0 0
682 0.444516971279373 0 0
683 0.445169712793734 0 0
684 0.445822454308094 0 0
685 0.446475195822454 0 0
686 0.447127937336815 0 0
687 0.447780678851175 0 0
688 0.448433420365535 0 0
689 0.449086161879896 0 0
690 0.449738903394256 0 0
691 0.450391644908616 0 0
692 0.451044386422977 0 0
693 0.451697127937337 0 0
694 0.452349869451697 0 0
695 0.453002610966057 0 0
696 0.453655352480418 0 0
697 0.454308093994778 0 0
698 0.454960835509138 0 0
699 0.455613577023499 0 0
700 0.456266318537859 0 0
701 0.456919060052219 0 0
702 0.45757180156658 0 0
703 0.45822454308094 0 0
704 0.4588772845953 0 0
705 0.459530026109661 0 0
706 0.460182767624021 0 0
707 0.460835509138381 0 0
708 0.461488250652742 0 0
709 0.462140992167102 0 0
710 0.462793733681462 0 0
711 0.463446475195822 0 0
712 0.464099216710183 0 0
713 0.464751958224543 0 0
714 0.465404699738903 0 0
715 0.466057441253264 0 0
716 0.466710182767624 0 0
717 0.467362924281984 0 0
718 0.468015665796345 0 0
719 0.468668407310705 0 0
720 0.469321148825065 0 0
721 0.469973890339426 0 0
722 0.470626631853786 0 0
723 0.471279373368146 0 0
724 0.471932114882507 0 0
725 0.472584856396867 0 0
726 0.473237597911227 0 0
727 0.473890339425587 0 0
728 0.474543080939948 0 0
729 0.475195822454308 0 0
730 0.475848563968668 0 0
731 0.476501305483029 0 0
732 0.477154046997389 0 0
733 0.477806788511749 0 0
734 0.47845953002611 0 0
735 0.47911227154047 0 0
736 0.47976501305483 0 0
737 0.480417754569191 0 0
738 0.481070496083551 0 0
739 0.481723237597911 0 0
740 0.482375979112272 0 0
741 0.483028720626632 0 0
742 0.483681462140992 0 0
743 0.484334203655353 0 0
744 0.484986945169713 0 0
745 0.485639686684073 0 0
746 0.486292428198433 0 0
747 0.486945169712794 0 0
748 0.487597911227154 0 0
749 0.488250652741514 0 0
750 0.488903394255875 0 0
751 0.489556135770235 0 0
752 0.490208877284595 0 0
753 0.490861618798956 0 0
754 0.491514360313316 0 0
755 0.492167101827676 0 0
756 0.492819843342037 0 0
757 0.493472584856397 0 0
758 0.494125326370757 0 0
759 0.494778067885118 0 0
760 0.495430809399478 0 0
761 0.496083550913838 0 0
762 0.496736292428198 0 0
763 0.497389033942559 0 0
764 0.498041775456919 0 0
765 0.498694516971279 0 0
766 0.49934725848564 0 0
767 0.5 0 0
768 0.50065274151436 0 0
769 0.501305483028721 0 0
770 0.501958224543081 0 0
771 0.502610966057441 0 0
772 0.503263707571801 0 0
773 0.503916449086162 0 0
774 0.504569190600522 0 0
775 0.505221932114883 0 0
776 0.505874673629243 0 0
777 0.506527415143603 0 0
778 0.507180156657963 0 0
779 0.507832898172324 0 0
780 0.508485639686684 0 0
781 0.509138381201044 0 0
782 0.509791122715405 0 0
783 0.510443864229765 0 0
784 0.511096605744125 0 0
785 0.511749347258486 0 0
786 0.512402088772846 0 0
787 0.513054830287206 0 0
788 0.513707571801567 0 0
789 0.514360313315927 0 0
790 0.515013054830287 0 0
791 0.515665796344648 0 0
792 0.516318537859008 0 0
793 0.516971279373368 0 0
794 0.517624020887729 0 0
795 0.518276762402089 0 0
796 0.518929503916449 0 0
797 0.519582245430809 0 0
798 0.52023498694517 0 0
799 0.52088772845953 0 0
800 0.52154046997389 0 0
801 0.522193211488251 0 0
802 0.522845953002611 0 0
803 0.523498694516971 0 0
804 0.524151436031332 0 0
805 0.524804177545692 0 0
806 0.525456919060052 0 0
807 0.526109660574413 0 0
808 0.526762402088773 0 0
809 0.527415143603133 0 0
810 0.528067885117493 0 0
811 0.528720626631854 0 0
812 0.529373368146214 0 0
813 0.530026109660574 0 0
814 0.530678851174935 0 0
815 0.531331592689295 0 0
816 0.531984334203655 0 0
817 0.532637075718016 0 0
818 0.533289817232376 0 0
819 0.533942558746736 0 0
820 0.534595300261097 0 0
821 0.535248041775457 0 0
822 0.535900783289817 0 0
823 0.536553524804178 0 0
824 0.537206266318538 0 0
825 0.537859007832898 0 0
826 0.538511749347259 0 0
827 0.539164490861619 0 0
828 0.539817232375979 0 0
829 0.540469973890339 0 0
830 0.5411227154047 0 0
831 0.54177545691906 0 0
832 0.54242819843342 0 0
833 0.543080939947781 0 0
834 0.543733681462141 0 0
835 0.544386422976501 0 0
836 0.545039164490862 0 0
837 0.545691906005222 0 0
838 0.546344647519582 0 0
839 0.546997389033943 0 0
840 0.547650130548303 0 0
841 0.548302872062663 0 0
842 0.548955613577023 0 0
843 0.549608355091384 0 0
844 0.550261096605744 0 0
845 0.550913838120104 0 0
846 0.551566579634465 0 0
847 0.552219321148825 0 0
848 0.552872062663185 0 0
849 0.553524804177546 0 0
850 0.554177545691906 0 0
851 0.554830287206266 0 0
852 0.555483028720627 0 0
853 0.556135770234987 0 0
854 0.556788511749347 0 0
855 0.557441253263708 0 0
856 0.558093994778068 0 0
857 0.558746736292428 0 0
858 0.559399477806789 0 0
859 0.560052219321149 0 0
860 0.560704960835509 0 0
861 0.561357702349869 0 0
862 0.56201044386423 0 0
863 0.56266318537859 0 0
864 0.563315926892951 0 0
865 0.563968668407311 0 0
866 0.564621409921671 0 0
867 0.565274151436031 0 0
868 0.565926892950392 0 0
869 0.566579634464752 0 0
870 0.567232375979112 0 0
871 0.567885117493472 0 0
872 0.568537859007833 0 0
873 0.569190600522193 0 0
874 0.569843342036554 0 0
875 0.570496083550914 0 0
876 0.571148825065274 0 0
877 0.571801566579634 0 0
878 0.572454308093995 0 0
879 0.573107049608355 0 0
880 0.573759791122715 0 0
881 0.574412532637076 0 0
882 0.575065274151436 0 0
883 0.575718015665796 0 0
884 0.576370757180157 0 0
885 0.577023498694517 0 0
886 0.577676240208877 0 0
887 0.578328981723238 0 0
888 0.578981723237598 0 0
889 0.579634464751958 0 0
890 0.580287206266319 0 0
891 0.580939947780679 0 0
892 0.581592689295039 0 0
893 0.5822454308094 0 0
894 0.58289817232376 0 0
895 0.58355091383812 0 0
896 0.584203655352481 0 0
897 0.584856396866841 0 0
898 0.585509138381201 0 0
899 0.586161879895561 0 0
900 0.586814621409922 0 0
901 0.587467362924282 0 0
902 0.588120104438642 0 0
903 0.588772845953003 0 0
904 0.589425587467363 0 0
905 0.590078328981723 0 0
906 0.590731070496084 0 0
907 0.591383812010444 0 0
908 0.592036553524804 0 0
909 0.592689295039164 0 0
910 0.593342036553525 0 0
911 0.593994778067885 0 0
912 0.594647519582245 0 0
913 0.595300261096606 0 0
914 0.595953002610966 0 0
915 0.596605744125326 0 0
916 0.597258485639687 0 0
917 0.597911227154047 0 0
918 0.598563968668407 0 0
919 0.599216710182768 0 0
920 0.599869451697128 0 0
921 0.600522193211488 0 0
922 0.601174934725849 0 0
923 0.601827676240209 0 0
924 0.602480417754569 0 0
925 0.60313315926893 0 0
926 0.60378590078329 0 0
927 0.60443864229765 0 0
928 0.605091383812011 0 0
929 0.605744125326371 0 0
930 0.606396866840731 0 0
931 0.607049608355091 0 0
932 0.607702349869452 0 0
933 0.608355091383812 0 0
934 0.609007832898172 0 0
935 0.609660574412533 0 0
936 0.610313315926893 0 0
937 0.610966057441253 0 0
938 0.611618798955614 0 0
939 0.612271540469974 0 0
940 0.612924281984334 0 0
941 0.613577023498694 0 0
942 0.614229765013055 0 0
943 0.614882506527415 0 0
944 0.615535248041776 0 0
945 0.616187989556136 0 0
946 0.616840731070496 0 0
947 0.617493472584856 0 0
948 0.618146214099217 0 0
949 0.618798955613577 0 0
950 0.619451697127937 0 0
951 0.620104438642298 0 0
952 0.620757180156658 0 0
953 0.621409921671018 0 0
954 0.622062663185379 0 0
955 0.622715404699739 0 0
956 0.623368146214099 0 0
957 0.62402088772846 0 0
958 0.62467362924282 0 0
959 0.62532637075718 0 0
960 0.625979112271541 0 0
961 0.626631853785901 0 0
962 0.627284595300261 0 0
963 0.627937336814621 0 0
964 0.628590078328982 0 0
965 0.629242819843342 0 0
966 0.629895561357702 0 0
967 0.630548302872063 0 0
968 0.631201044386423 0 0
969 0.631853785900783 0 0
970 0.632506527415144 0 0
971 0.633159268929504 0 0
972 0.633812010443864 0 0
973 0.634464751958225 0 0
974 0.635117493472585 0 0
975 0.635770234986945 0 0
976 0.636422976501305 0 0
977 0.637075718015666 0 0
978 0.637728459530026 0 0
979 0.638381201044386 0 0
980 0.639033942558747 0 0
981 0.639686684073107 0 0
982 0.640339425587467 0 0
983 0.640992167101828 0 0
984 0.641644908616188 0 0
985 0.642297650130548 0 0
986 0.642950391644909 0 0
987 0.643603133159269 0 0
988 0.644255874673629 0 0
989 0.64490861618799 0 0
990 0.64556135770235 0 0
991 0.64621409921671 0 0
992 0.646866840731071 0 0
993 0.647519582245431 0 0
994 0.648172323759791 0 0
995 0.648825065274152 0 0
996 0.649477806788512 0 0
997 0.650130548302872 0 0
998 0.650783289817232 0 0
999 0.651436031331593 0 0
1000 0.652088772845953 0 0
1001 0.652741514360313 0 0
1002 0.653394255874674 0 0
1003 0.654046997389034 0 0
1004 0.654699738903394 0 0
1005 0.655352480417755 0 0
1006 0.656005221932115 0 0
1007 0.656657963446475 0 0
1008 0.657310704960835 0 0
1009 0.657963446475196 0 0
1010 0.658616187989556 0 0
1011 0.659268929503916 0 0
1012 0.659921671018277 0 0
1013 0.660574412532637 0 0
1014 0.661227154046997 0 0
1015 0.661879895561358 0 0
1016 0.662532637075718 0 0
1017 0.663185378590078 0 0
1018 0.663838120104439 0 0
1019 0.664490861618799 0 0
1020 0.665143603133159 0 0
1021 0.66579634464752 0 0
1022 0.66644908616188 0 0
1023 0.66710182767624 0 0
1024 0.667754569190601 0 0
1025 0.668407310704961 0 0
1026 0.669060052219321 0 0
1027 0.669712793733682 0 0
1028 0.670365535248042 0 0
1029 0.671018276762402 0 0
1030 0.671671018276762 0 0
1031 0.672323759791123 0 0
1032 0.672976501305483 0 0
1033 0.673629242819843 0 0
1034 0.674281984334204 0 0
1035 0.674934725848564 0 0
1036 0.675587467362924 0 0
1037 0.676240208877285 0 0
1038 0.676892950391645 0 0
1039 0.677545691906005 0 0
1040 0.678198433420366 0 0
1041 0.678851174934726 0 0
1042 0.679503916449086 0 0
1043 0.680156657963446 0 0
1044 0.680809399477807 0 0
1045 0.681462140992167 0 0
1046 0.682114882506527 0 0
1047 0.682767624020888 0 0
1048 0.683420365535248 0 0
1049 0.684073107049608 0 0
1050 0.684725848563969 0 0
1051 0.685378590078329 0 0
1052 0.686031331592689 0 0
1053 0.68668407310705 0 0
1054 0.68733681462141 0 0
1055 0.68798955613577 0 0
1056 0.688642297650131 0 0
1057 0.689295039164491 0 0
1058 0.689947780678851 0 0
1059 0.690600522193212 0 0
1060 0.691253263707572 0 0
1061 0.691906005221932 0 0
1062 0.692558746736292 0 0
1063 0.693211488250653 0 0
1064 0.693864229765013 0 0
1065 0.694516971279373 0 0
1066 0.695169712793734 0 0
1067 0.695822454308094 0 0
1068 0.696475195822454 0 0
1069 0.697127937336815 0 0
1070 0.697780678851175 0 0
1071 0.698433420365535 0 0
1072 0.699086161879896 0 0
1073 0.699738903394256 0 0
1074 0.700391644908616 0 0
1075 0.701044386422977 0 0
1076 0.701697127937337 0 0
1077 0.702349869451697 0 0
1078 0.703002610966057 0 0
1079 0.703655352480418 0 0
1080 0.704308093994778 0 0
1081 0.704960835509138 0 0
1082 0.705613577023499 0 0
1083 0.706266318537859 0 0
1084 0.706919060052219 0 0
1085 0.70757180156658 0 0
1086 0.70822454308094 0 0
1087 0.7088772845953 0 0
1088 0.709530026109661 0 0
1089 0.710182767624021 0 0
1090 0.710835509138381 0 0
1091 0.711488250652742 0 0
1092 0.712140992167102 0 0
1093 0.712793733681462 0 0
1094 0.713446475195822 0 0
1095 0.714099216710183 0 0
1096 0.714751958224543 0 0
1097 0.715404699738903 0 0
1098 0.716057441253264 0 0
1099 0.716710182767624 0 0
1100 0.717362924281984 0 0
1101 0.718015665796345 0 0
1102 0.718668407310705 0 0
1103 0.719321148825065 0 0
1104 0.719973890339426 0 0
1105 0.720626631853786 0 0
1106 0.721279373368146 0 0
1107 0.721932114882507 0 0
1108 0.722584856396867 0 0
1109 0.723237597911227 0 0
1110 0.723890339425587 0 0
1111 0.724543080939948 0 0
1112 0.725195822454308 0 0
1113 0.725848563968668 0 0
1114 0.726501305483029 0 0
1115 0.727154046997389 0 0
1116 0.727806788511749 0 0
1117 0.72845953002611 0 0
1118 0.72911227154047 0 0
1119 0.72976501305483 0 0
1120 0.730417754569191 0 0
1121 0.731070496083551 0 0
1122 0.731723237597911 0 0
1123 0.732375979112272 0 0
1124 0.733028720626632 0 0
1125 0.733681462140992 0 0
1126 0.734334203655353 0 0
1127 0.734986945169713 0 0
1128 0.735639686684073 0 0
1129 0.736292428198433 0 0
1130 0.736945169712794 0 0
1131 0.737597911227154 0 0
1132 0.738250652741514 0 0
1133 0.738903394255875 0 0
1134 0.739556135770235 0 0
1135 0.740208877284595 0 0
1136 0.740861618798956 0 0
1137 0.741514360313316 0 0
1138 0.742167101827676 0 0
1139 0.742819843342037 0 0
1140 0.743472584856397 0 0
1141 0.744125326370757 0 0
1142 0.744778067885117 0 0
1143 0.745430809399478 0 0
1144 0.746083550913838 0 0
1145 0.746736292428198 0 0
1146 0.747389033942559 0 0
1147 0.748041775456919 0 0
1148 0.748694516971279 0 0
1149 0.74934725848564 0 0
1150 0.75 0 0
1151 0.75065274151436 0 0
1152 0.751305483028721 0 0
1153 0.751958224543081 0 0
1154 0.752610966057441 0 0
1155 0.753263707571802 0 0
1156 0.753916449086162 0 0
1157 0.754569190600522 0 0
1158 0.755221932114883 0 0
1159 0.755874673629243 0 0
1160 0.756527415143603 0 0
1161 0.757180156657963 0 0
1162 0.757832898172324 0 0
1163 0.758485639686684 0 0
1164 0.759138381201044 0 0
1165 0.759791122715405 0 0
1166 0.760443864229765 0 0
1167 0.761096605744125 0 0
1168 0.761749347258486 0 0
1169 0.762402088772846 0 0
1170 0.763054830287206 0 0
1171 0.763707571801567 0 0
1172 0.764360313315927 0 0
1173 0.765013054830287 0 0
1174 0.765665796344648 0 0
1175 0.766318537859008 0 0
1176 0.766971279373368 0 0
1177 0.767624020887729 0 0
1178 0.768276762402089 0 0
1179 0.768929503916449 0 0
1180 0.769582245430809 0 0
1181 0.77023498694517 0 0
1182 0.77088772845953 0 0
1183 0.77154046997389 0 0
1184 0.772193211488251 0 0
1185 0.772845953002611 0 0
1186 0.773498694516971 0 0
1187 0.774151436031332 0 0
1188 0.774804177545692 0 0
1189 0.775456919060052 0 0
1190 0.776109660574413 0 0
1191 0.776762402088773 0 0
1192 0.777415143603133 0 0
1193 0.778067885117493 0 0
1194 0.778720626631854 0 0
1195 0.779373368146214 0 0
1196 0.780026109660575 0 0
1197 0.780678851174935 0 0
1198 0.781331592689295 0 0
1199 0.781984334203655 0 0
1200 0.782637075718016 0 0
1201 0.783289817232376 0 0
1202 0.783942558746736 0 0
1203 0.784595300261097 0 0
1204 0.785248041775457 0 0
1205 0.785900783289817 0 0
1206 0.786553524804178 0 0
1207 0.787206266318538 0 0
1208 0.787859007832898 0 0
1209 0.788511749347259 0 0
1210 0.789164490861619 0 0
1211 0.789817232375979 0 0
1212 0.790469973890339 0 0
1213 0.7911227154047 0 0
1214 0.79177545691906 0 0
1215 0.79242819843342 0 0
1216 0.793080939947781 0 0
1217 0.793733681462141 0 0
1218 0.794386422976501 0 0
1219 0.795039164490862 0 0
1220 0.795691906005222 0 0
1221 0.796344647519582 0 0
1222 0.796997389033943 0 0
1223 0.797650130548303 0 0
1224 0.798302872062663 0 0
1225 0.798955613577023 0 0
1226 0.799608355091384 0 0
1227 0.800261096605744 0 0
1228 0.800913838120105 0 0
1229 0.801566579634465 0 0
1230 0.802219321148825 0 0
1231 0.802872062663185 0 0
1232 0.803524804177546 0 0
1233 0.804177545691906 0 0
1234 0.804830287206266 0 0
1235 0.805483028720627 0 0
1236 0.806135770234987 0 0
1237 0.806788511749347 0 0
1238 0.807441253263708 0 0
1239 0.808093994778068 0 0
1240 0.808746736292428 0 0
1241 0.809399477806789 0 0
1242 0.810052219321149 0 0
1243 0.810704960835509 0 0
1244 0.81135770234987 0 0
1245 0.81201044386423 0 0
1246 0.81266318537859 0 0
1247 0.81331592689295 0 0
1248 0.813968668407311 0 0
1249 0.814621409921671 0 0
1250 0.815274151436031 0 0
1251 0.815926892950392 0 0
1252 0.816579634464752 0 0
1253 0.817232375979112 0 0
1254 0.817885117493473 0 0
1255 0.818537859007833 0 0
1256 0.819190600522193 0 0
1257 0.819843342036554 0 0
1258 0.820496083550914 0 0
1259 0.821148825065274 0 0
1260 0.821801566579635 0 0
1261 0.822454308093995 0 0
1262 0.823107049608355 0 0
1263 0.823759791122715 0 0
1264 0.824412532637076 0 0
1265 0.825065274151436 0 0
1266 0.825718015665796 0 0
1267 0.826370757180157 0 0
1268 0.827023498694517 0 0
1269 0.827676240208877 0 0
1270 0.828328981723238 0 0
1271 0.828981723237598 0 0
1272 0.829634464751958 0 0
1273 0.830287206266319 0 0
1274 0.830939947780679 0 0
1275 0.831592689295039 0 0
1276 0.8322454308094 0 0
1277 0.83289817232376 0 0
1278 0.83355091383812 0 0
1279 0.83420365535248 0 0
1280 0.834856396866841 0 0
1281 0.835509138381201 0 0
1282 0.836161879895561 0 0
1283 0.836814621409922 0 0
1284 0.837467362924282 0 0
1285 0.838120104438642 0 0
1286 0.838772845953003 0 0
1287 0.839425587467363 0 0
1288 0.840078328981723 0 0
1289 0.840731070496084 0 0
1290 0.841383812010444 0 0
1291 0.842036553524804 0 0
1292 0.842689295039165 0 0
1293 0.843342036553525 0 0
1294 0.843994778067885 0 0
1295 0.844647519582245 0 0
1296 0.845300261096606 0 0
1297 0.845953002610966 0 0
1298 0.846605744125326 0 0
1299 0.847258485639687 0 0
1300 0.847911227154047 0 0
1301 0.848563968668407 0 0
1302 0.849216710182768 0 0
1303 0.849869451697128 0 0
1304 0.850522193211488 0 0
1305 0.851174934725849 0 0
1306 0.851827676240209 0 0
1307 0.852480417754569 0 0
1308 0.85313315926893 0 0
1309 0.85378590078329 0 0
1310 0.85443864229765 0 0
1311 0.855091383812011 0 0
1312 0.855744125326371 0 0
1313 0.856396866840731 0 0
1314 0.857049608355091 0 0
1315 0.857702349869452 0 0
1316 0.858355091383812 0 0
1317 0.859007832898172 0 0
1318 0.859660574412533 0 0
1319 0.860313315926893 0 0
1320 0.860966057441253 0 0
1321 0.861618798955614 0 0
1322 0.862271540469974 0 0
1323 0.862924281984334 0 0
1324 0.863577023498695 0 0
1325 0.864229765013055 0 0
1326 0.864882506527415 0 0
1327 0.865535248041776 0 0
1328 0.866187989556136 0 0
1329 0.866840731070496 0 0
1330 0.867493472584856 0 0
1331 0.868146214099217 0 0
1332 0.868798955613577 0 0
1333 0.869451697127937 0 0
1334 0.870104438642298 0 0
1335 0.870757180156658 0 0
1336 0.871409921671018 0 0
1337 0.872062663185379 0 0
1338 0.872715404699739 0 0
1339 0.873368146214099 0 0
1340 0.87402088772846 0 0
1341 0.87467362924282 0 0
1342 0.87532637075718 0 0
1343 0.875979112271541 0 0
1344 0.876631853785901 0 0
1345 0.877284595300261 0 0
1346 0.877937336814621 0 0
1347 0.878590078328982 0 0
1348 0.879242819843342 0 0
1349 0.879895561357702 0 0
1350 0.880548302872063 0 0
1351 0.881201044386423 0 0
1352 0.881853785900783 0 0
1353 0.882506527415144 0 0
1354 0.883159268929504 0 0
1355 0.883812010443864 0 0
1356 0.884464751958225 0 0
1357 0.885117493472585 0 0
1358 0.885770234986945 0 0
1359 0.886422976501306 0 0
1360 0.887075718015666 0 0
1361 0.887728459530026 0 0
1362 0.888381201044386 0 0
1363 0.889033942558747 0 0
1364 0.889686684073107 0 0
1365 0.890339425587467 0 0
1366 0.890992167101828 0 0
1367 0.891644908616188 0 0
1368 0.892297650130548 0 0
1369 0.892950391644909 0 0
1370 0.893603133159269 0 0
1371 0.894255874673629 0 0
1372 0.89490861618799 0 0
1373 0.89556135770235 0 0
1374 0.89621409921671 0 0
1375 0.896866840731071 0 0
1376 0.897519582245431 0 0
1377 0.898172323759791 0 0
1378 0.898825065274152 0 0
1379 0.899477806788512 0 0
1380 0.900130548302872 0 0
1381 0.900783289817232 0 0
1382 0.901436031331593 0 0
1383 0.902088772845953 0 0
1384 0.902741514360313 0 0
1385 0.903394255874674 0 0
1386 0.904046997389034 0 0
1387 0.904699738903394 0 0
1388 0.905352480417755 0 0
1389 0.906005221932115 0 0
1390 0.906657963446475 0 0
1391 0.907310704960836 0 0
1392 0.907963446475196 0 0
1393 0.908616187989556 0 0
1394 0.909268929503916 0 0
1395 0.909921671018277 0 0
1396 0.910574412532637 0 0
1397 0.911227154046997 0 0
1398 0.911879895561358 0 0
1399 0.912532637075718 0 0
1400 0.913185378590078 0 0
1401 0.913838120104439 0 0
1402 0.914490861618799 0 0
1403 0.915143603133159 0 0
1404 0.91579634464752 0 0
1405 0.91644908616188 0 0
1406 0.91710182767624 0 0
1407 0.917754569190601 0 0
1408 0.918407310704961 0 0
1409 0.919060052219321 0 0
1410 0.919712793733682 0 0
1411 0.920365535248042 0 0
1412 0.921018276762402 0 0
1413 0.921671018276762 0 0
1414 0.922323759791123 0 0
1415 0.922976501305483 0 0
1416 0.923629242819843 0 0
1417 0.924281984334204 0 0
1418 0.924934725848564 0 0
1419 0.925587467362924 0 0
1420 0.926240208877285 0 0
1421 0.926892950391645 0 0
1422 0.927545691906005 0 0
1423 0.928198433420366 0 0
1424 0.928851174934726 0 0
1425 0.929503916449086 0 0
1426 0.930156657963446 0 0
1427 0.930809399477807 0 0
1428 0.931462140992167 0 0
1429 0.932114882506527 0 0
1430 0.932767624020888 0 0
1431 0.933420365535248 0 0
1432 0.934073107049608 0 0
1433 0.934725848563969 0 0
1434 0.935378590078329 0 0
1435 0.936031331592689 0 0
1436 0.93668407310705 0 0
1437 0.93733681462141 0 0
1438 0.93798955613577 0 0
1439 0.938642297650131 0 0
1440 0.939295039164491 0 0
1441 0.939947780678851 0 0
1442 0.940600522193212 0 0
1443 0.941253263707572 0 0
1444 0.941906005221932 0 0
1445 0.942558746736292 0 0
1446 0.943211488250653 0 0
1447 0.943864229765013 0 0
1448 0.944516971279374 0 0
1449 0.945169712793734 0 0
1450 0.945822454308094 0 0
1451 0.946475195822454 0 0
1452 0.947127937336814 0 0
1453 0.947780678851175 0 0
1454 0.948433420365535 0 0
1455 0.949086161879896 0 0
1456 0.949738903394256 0 0
1457 0.950391644908616 0 0
1458 0.951044386422977 0 0
1459 0.951697127937337 0 0
1460 0.952349869451697 0 0
1461 0.953002610966057 0 0
1462 0.953655352480418 0 0
1463 0.954308093994778 0 0
1464 0.954960835509138 0 0
1465 0.955613577023499 0 0
1466 0.956266318537859 0 0
1467 0.956919060052219 0 0
1468 0.95757180156658 0 0
1469 0.95822454308094 0 0
1470 0.9588772845953 0 0
1471 0.959530026109661 0 0
1472 0.960182767624021 0 0
1473 0.960835509138381 0 0
1474 0.961488250652742 0 0
1475 0.962140992167102 0 0
1476 0.962793733681462 0 0
1477 0.963446475195822 0 0
1478 0.964099216710183 0 0
1479 0.964751958224543 0 0
1480 0.965404699738904 0 0
1481 0.966057441253264 0 0
1482 0.966710182767624 0 0
1483 0.967362924281984 0 0
1484 0.968015665796345 0 0
1485 0.968668407310705 0 0
1486 0.969321148825065 0 0
1487 0.969973890339425 0 0
1488 0.970626631853786 0 0
1489 0.971279373368146 0 0
1490 0.971932114882507 0 0
1491 0.972584856396867 0 0
1492 0.973237597911227 0 0
1493 0.973890339425587 0 0
1494 0.974543080939948 0 0
1495 0.975195822454308 0 0
1496 0.975848563968668 0 0
1497 0.976501305483029 0 0
1498 0.977154046997389 0 0
1499 0.977806788511749 0 0
1500 0.97845953002611 0 0
1501 0.97911227154047 0 0
1502 0.97976501305483 0 0
1503 0.980417754569191 0 0
1504 0.981070496083551 0 0
1505 0.981723237597911 0 0
1506 0.982375979112272 0 0
1507 0.983028720626632 0 0
1508 0.983681462140992 0 0
1509 0.984334203655353 0 0
1510 0.984986945169713 0 0
1511 0.985639686684073 0 0
1512 0.986292428198434 0 0
1513 0.986945169712794 0 0
1514 0.987597911227154 0 0
1515 0.988250652741514 0 0
1516 0.988903394255875 0 0
1517 0.989556135770235 0 0
1518 0.990208877284595 0 0
1519 0.990861618798956 0 0
1520 0.991514360313316 0 0
1521 0.992167101827676 0 0
1522 0.992819843342037 0 0
1523 0.993472584856397 0 0
1524 0.994125326370757 0 0
1525 0.994778067885117 0 0
1526 0.995430809399478 0 0
1527 0.996083550913838 0 0
1528 0.996736292428199 0 0
1529 0.997389033942559 0 0
1530 0.998041775456919 0 0
1531 0.998694516971279 0 0
1532 0.99934725848564 0 0
1533 1 0 0
