1 0 0 0
2 0.000434593654932638 0 0
3 0.000869187309865276 0 0
4 0.00130378096479791 0 0
5 0.00173837461973055 0 0
6 0.00217296827466319 0 0
7 0.00260756192959583 0 0
8 0.00304215558452847 0 0
9 0.0034767492394611 0 0
10 0.00391134289439374 0 0
11 0.00434593654932638 0 0
12 0.00478053020425902 0 0
13 0.00521512385919166 0 0
14 0.00564971751412429 0 0
15 0.00608431116905693 0 0
16 0.00651890482398957 0 0
17 0.00695349847892221 0 0
18 0.00738809213385485 0 0
19 0.00782268578878748 0 0
20 0.00825727944372012 0 0
21 0.00869187309865276 0 0
22 0.0091264667535854 0 0
23 0.00956106040851804 0 0
24 0.00999565406345067 0 0
25 0.0104302477183833 0 0
26 0.0108648413733159 0 0
27 0.0112994350282486 0 0
28 0.0117340286831812 0 0
29 0.0121686223381139 0 0
30 0.0126032159930465 0 0
31 0.0130378096479791 0 0
32 0.0134724033029118 0 0
33 0.0139069969578444 0 0
34 0.014341590612777 0 0
35 0.0147761842677097 0 0
36 0.0152107779226423 0 0
37 0.015645371577575 0 0
38 0.0160799652325076 0 0
39 0.0165145588874402 0 0
40 0.0169491525423729 0 0
41 0.0173837461973055 0 0
42 0.0178183398522382 0 0
43 0.0182529335071708 0 0
44 0.0186875271621034 0 0
45 0.0191221208170361 0 0
46 0.0195567144719687 0 0
47 0.0199913081269013 0 0
48 0.020425901781834 0 0
49 0.0208604954367666 0 0
50 0.0212950890916993 0 0
51 0.0217296827466319 0 0
52 0.0221642764015645 0 0
53 0.0225988700564972 0 0
54 0.0230334637114298 0 0
55 0.0234680573663625 0 0
56 0.0239026510212951 0 0
57 0.0243372446762277 0 0
58 0.0247718383311604 0 0
59 0.025206431986093 0 0
60 0.0256410256410256 0 0
61 0.0260756192959583 0 0
62 0.0265102129508909 0 0
63 0.0269448066058235 0 0
64 0.0273794002607562 0 0
65 0.0278139939156888 0 0
66 0.0282485875706215 0 0
67 0.0286831812255541 0 0
68 0.0291177748804867 0 0
69 0.0295523685354194 0 0
70 0.029986962190352 0 0
71 0.0304215558452847 0 0
72 0.0308561495002173 0 0
73 0.0312907431551499 0 0
74 0.0317253368100826 0 0
75 0.0321599304650152 0 0
76 0.0325945241199478 0 0
77 0.0330291177748805 0 0
78 0.0334637114298131 0 0
79 0.0338983050847458 0 0
80 0.0343328987396784 0 0
81 0.034767492394611 0 0
82 0.0352020860495437 0 0
83 0.0356366797044763 0 0
84 0.0360712733594089 0 0
85 0.0365058670143416 0 0
86 0.0369404606692742 0 0
87 0.0373750543242069 0 0
88 0.0378096479791395 0 0
89 0.0382442416340721 0 0
90 0.0386788352890048 0 0
91 0.0391134289439374 0 0
92 0.0395480225988701 0 0
93 0.0399826162538027 0 0
94 0.0404172099087353 0 0
95 0.040851803563668 0 0
96 0.0412863972186006 0 0
97 0.0417209908735333 0 0
98 0.0421555845284659 0 0
99 0.0425901781833985 0 0
100 0.0430247718383312 0 0
101 0.0434593654932638 0 0
102 0.0438939591481964 0 0
103 0.0443285528031291 0 0
104 0.0447631464580617 0 0
105 0.0451977401129944 0 0
106 0.045632333767927 0 0
107 0.0460669274228596 0 0
108 0.0465015210777923 0 0
109 0.0469361147327249 0 0
110 0.0473707083876575 0 0
111 0.0478053020425902 0 0
112 0.0482398956975228 0 0
113 0.0486744893524555 0 0
114 0.0491090830073881 0 0
115 0.0495436766623207 0 0
116 0.0499782703172534 0 0
117 0.050412863972186 0 0
118 0.0508474576271186 0 0
119 0.0512820512820513 0 0
120 0.0517166449369839 0 0
121 0.0521512385919166 0 0
122 0.0525858322468492 0 0
123 0.0530204259017818 0 0
124 0.0534550195567145 0 0
125 0.0538896132116471 0 0
126 0.0543242068665798 0 0
127 0.0547588005215124 0 0
128 0.055193394176445 0 0
129 0.0556279878313777 0 0
130 0.0560625814863103 0 0
131 0.0564971751412429 0 0
132 0.0569317687961756 0 0
133 0.0573663624511082 0 0
134 0.0578009561060409 0 0
135 0.0582355497609735 0 0
136 0.0586701434159061 0 0
137 0.0591047370708388 0 0
138 0.0595393307257714 0 0
139 0.059973924380704 0 0
140 0.0604085180356367 0 0
141 0.0608431116905693 0 0
142 0.061277705345502 0 0
143 0.0617122990004346 0 0
144 0.0621468926553672 0 0
145 0.0625814863102999 0 0
146 0.0630160799652325 0 0
147 0.0634506736201652 0 0
148 0.0638852672750978 0 0
149 0.0643198609300304 0 0
150 0.0647544545849631 0 0
151 0.0651890482398957 0 0
152 0.0656236418948283 0 0
153 0.066058235549761 0 0
154 0.0664928292046936 0 0
155 0.0669274228596262 0 0
156 0.0673620165145589 0 0
157 0.0677966101694915 0 0
158 0.0682312038244242 0 0
159 0.0686657974793568 0 0
160 0.0691003911342894 0 0
161 0.0695349847892221 0 0
162 0.0699695784441547 0 0
163 0.0704041720990874 0 0
164 0.07083876575402 0 0
165 0.0712733594089526 0 0
166 0.0717079530638853 0 0
167 0.0721425467188179 0 0
168 0.0725771403737505 0 0
169 0.0730117340286832 0 0
170 0.0734463276836158 0 0
171 0.0738809213385484 0 0
172 0.0743155149934811 0 0
173 0.0747501086484137 0 0
174 0.0751847023033464 0 0
175 0.075619295958279 0 0
176 0.0760538896132116 0 0
177 0.0764884832681443 0 0
178 0.0769230769230769 0 0
179 0.0773576705780096 0 0
180 0.0777922642329422 0 0
181 0.0782268578878748 0 0
182 0.0786614515428075 0 0
183 0.0790960451977401 0 0
184 0.0795306388526728 0 0
185 0.0799652325076054 0 0
186 0.080399826162538 0 0
187 0.0808344198174707 0 0
188 0.0812690134724033 0 0
189 0.0817036071273359 0 0
190 0.0821382007822686 0 0
191 0.0825727944372012 0 0
192 0.0830073880921338 0 0
193 0.0834419817470665 0 0
194 0.0838765754019991 0 0
195 0.0843111690569318 0 0
196 0.0847457627118644 0 0
197 0.085180356366797 0 0
198 0.0856149500217297 0 0
199 0.0860495436766623 0 0
200 0.0864841373315949 0 0
201 0.0869187309865276 0 0
202 0.0873533246414602 0 0
203 0.0877879182963929 0 0
204 0.0882225119513255 0 0
205 0.0886571056062581 0 0
206 0.0890916992611908 0 0
207 0.0895262929161234 0 0
208 0.0899608865710561 0 0
209 0.0903954802259887 0 0
210 0.0908300738809213 0 0
211 0.091264667535854 0 0
212 0.0916992611907866 0 0
213 0.0921338548457192 0 0
214 0.0925684485006519 0 0
215 0.0930030421555845 0 0
216 0.0934376358105172 0 0
217 0.0938722294654498 0 0
218 0.0943068231203824 0 0
219 0.0947414167753151 0 0
220 0.0951760104302477 0 0
221 0.0956106040851804 0 0
222 0.096045197740113 0 0
223 0.0964797913950456 0 0
224 0.0969143850499783 0 0
225 0.0973489787049109 0 0
226 0.0977835723598435 0 0
227 0.0982181660147762 0 0
228 0.0986527596697088 0 0
229 0.0990873533246415 0 0
230 0.0995219469795741 0 0
231 0.0999565406345067 0 0
232 0.100391134289439 0 0
233 0.100825727944372 0 0
234 0.101260321599305 0 0
235 0.101694915254237 0 0
236 0.10212950890917 0 0
237 0.102564102564103 0 0
238 0.102998696219035 0 0
239 0.103433289873968 0 0
240 0.103867883528901 0 0
241 0.104302477183833 0 0
242 0.104737070838766 0 0
243 0.105171664493698 0 0
244 0.105606258148631 0 0
245 0.106040851803564 0 0
246 0.106475445458496 0 0
247 0.106910039113429 0 0
248 0.107344632768362 0 0
249 0.107779226423294 0 0
250 0.108213820078227 0 0
251 0.10864841373316 0 0
252 0.109083007388092 0 0
253 0.109517601043025 0 0
254 0.109952194697957 0 0
255 0.11038678835289 0 0
256 0.110821382007823 0 0
257 0.111255975662755 0 0
258 0.111690569317688 0 0
259 0.112125162972621 0 0
260 0.112559756627553 0 0
261 0.112994350282486 0 0
262 0.113428943937418 0 0
263 0.113863537592351 0 0
264 0.114298131247284 0 0
265 0.114732724902216 0 0
266 0.115167318557149 0 0
267 0.115601912212082 0 0
268 0.116036505867014 0 0
269 0.116471099521947 0 0
270 0.11690569317688 0 0
271 0.117340286831812 0 0
272 0.117774880486745 0 0
273 0.118209474141677 0 0
274 0.11864406779661 0 0
275 0.119078661451543 0 0
276 0.119513255106475 0 0
277 0.119947848761408 0 0
278 0.120382442416341 0 0
279 0.120817036071273 0 0
280 0.121251629726206 0 0
281 0.121686223381139 0 0
282 0.122120817036071 0 0
283 0.122555410691004 0 0
284 0.122990004345937 0 0
285 0.123424598000869 0 0
286 0.123859191655802 0 0
287 0.124293785310734 0 0
288 0.124728378965667 0 0
289 0.1251629726206 0 0
290 0.125597566275532 0 0
291 0.126032159930465 0 0
292 0.126466753585398 0 0
293 0.12690134724033 0 0
294 0.127335940895263 0 0
295 0.127770534550196 0 0
296 0.128205128205128 0 0
297 0.128639721860061 0 0
298 0.129074315514993 0 0
299 0.129508909169926 0 0
300 0.129943502824859 0 0
301 0.130378096479791 0 0
302 0.130812690134724 0 0
303 0.131247283789657 0 0
304 0.131681877444589 0 0
305 0.132116471099522 0 0
306 0.132551064754455 0 0
307 0.132985658409387 0 0
308 0.13342025206432 0 0
309 0.133854845719252 0 0
310 0.134289439374185 0 0
311 0.134724033029118 0 0
312 0.13515862668405 0 0
313 0.135593220338983 0 0
314 0.136027813993916 0 0
315 0.136462407648848 0 0
316 0.136897001303781 0 0
317 0.137331594958714 0 0
318 0.137766188613646 0 0
319 0.138200782268579 0 0
320 0.138635375923511 0 0
321 0.139069969578444 0 0
322 0.139504563233377 0 0
323 0.139939156888309 0 0
324 0.140373750543242 0 0
325 0.140808344198175 0 0
326 0.141242937853107 0 0
327 0.14167753150804 0 0
328 0.142112125162973 0 0
329 0.142546718817905 0 0
330 0.142981312472838 0 0
331 0.14341590612777 0 0
332 0.143850499782703 0 0
333 0.144285093437636 0 0
334 0.144719687092568 0 0
335 0.145154280747501 0 0
336 0.145588874402434 0 0
337 0.146023468057366 0 0
338 0.146458061712299 0 0
339 0.146892655367232 0 0
340 0.147327249022164 0 0
341 0.147761842677097 0 0
342 0.14819643633203 0 0
343 0.148631029986962 0 0
344 0.149065623641895 0 0
345 0.149500217296827 0 0
346 0.14993481095176 0 0
347 0.150369404606693 0 0
348 0.150803998261625 0 0
349 0.151238591916558 0 0
350 0.151673185571491 0 0
351 0.152107779226423 0 0
352 0.152542372881356 0 0
353 0.152976966536289 0 0
354 0.153411560191221 0 0
355 0.153846153846154 0 0
356 0.154280747501087 0 0
357 0.154715341156019 0 0
358 0.155149934810952 0 0
359 0.155584528465884 0 0
360 0.156019122120817 0 0
361 0.15645371577575 0 0
362 0.156888309430682 0 0
363 0.157322903085615 0 0
364 0.157757496740548 0 0
365 0.15819209039548 0 0
366 0.158626684050413 0 0
367 0.159061277705346 0 0
368 0.159495871360278 0 0
369 0.159930465015211 0 0
370 0.160365058670143 0 0
371 0.160799652325076 0 0
372 0.161234245980009 0 0
373 0.161668839634941 0 0
374 0.162103433289874 0 0
375 0.162538026944807 0 0
376 0.162972620599739 0 0
377 0.163407214254672 0 0
378 0.163841807909605 0 0
379 0.164276401564537 0 0
380 0.16471099521947 0 0
381 0.165145588874402 0 0
382 0.165580182529335 0 0
383 0.166014776184268 0 0
384 0.1664493698392 0 0
385 0.166883963494133 0 0
386 0.167318557149066 0 0
387 0.167753150803998 0 0
388 0.168187744458931 0 0
389 0.168622338113864 0 0
390 0.169056931768796 0 0
391 0.169491525423729 0 0
392 0.169926119078662 0 0
393 0.170360712733594 0 0
394 0.170795306388527 0 0
395 0.171229900043459 0 0
396 0.171664493698392 0 0
397 0.172099087353325 0 0
398 0.172533681008257 0 0
399 0.17296827466319 0 0
400 0.173402868318122 0 0
401 0.173837461973055 0 0
402 0.174272055627988 0 0
403 0.174706649282921 0 0
404 0.175141242937853 0 0
405 0.175575836592786 0 0
406 0.176010430247718 0 0
407 0.176445023902651 0 0
408 0.176879617557584 0 0
409 0.177314211212516 0 0
410 0.177748804867449 0 0
411 0.178183398522382 0 0
412 0.178617992177314 0 0
413 0.179052585832247 0 0
414 0.179487179487179 0 0
415 0.179921773142112 0 0
416 0.180356366797045 0 0
417 0.180790960451977 0 0
418 0.18122555410691 0 0
419 0.181660147761843 0 0
420 0.182094741416775 0 0
421 0.182529335071708 0 0
422 0.182963928726641 0 0
423 0.183398522381573 0 0
424 0.183833116036506 0 0
425 0.184267709691438 0 0
426 0.184702303346371 0 0
427 0.185136897001304 0 0
428 0.185571490656236 0 0
429 0.186006084311169 0 0
430 0.186440677966102 0 0
431 0.186875271621034 0 0
432 0.187309865275967 0 0
433 0.1877444589309 0 0
434 0.188179052585832 0 0
435 0.188613646240765 0 0
436 0.189048239895697 0 0
437 0.18948283355063 0 0
438 0.189917427205563 0 0
439 0.190352020860495 0 0
440 0.190786614515428 0 0
441 0.191221208170361 0 0
442 0.191655801825293 0 0
443 0.192090395480226 0 0
444 0.192524989135159 0 0
445 0.192959582790091 0 0
446 0.193394176445024 0 0
447 0.193828770099957 0 0
448 0.194263363754889 0 0
449 0.194697957409822 0 0
450 0.195132551064754 0 0
451 0.195567144719687 0 0
452 0.19600173837462 0 0
453 0.196436332029552 0 0
454 0.196870925684485 0 0
455 0.197305519339418 0 0
456 0.19774011299435 0 0
457 0.198174706649283 0 0
458 0.198609300304216 0 0
459 0.199043893959148 0 0
460 0.199478487614081 0 0
461 0.199913081269013 0 0
462 0.200347674923946 0 0
463 0.200782268578879 0 0
464 0.201216862233811 0 0
465 0.201651455888744 0 0
466 0.202086049543677 0 0
467 0.202520643198609 0 0
468 0.202955236853542 0 0
469 0.203389830508475 0 0
470 0.203824424163407 0 0
471 0.20425901781834 0 0
472 0.204693611473273 0 0
473 0.205128205128205 0 0
474 0.205562798783138 0 0
475 0.20599739243807 0 0
476 0.206431986093003 0 0
477 0.206866579747936 0 0
478 0.207301173402868 0 0
479 0.207735767057801 0 0
480 0.208170360712734 0 0
481 0.208604954367666 0 0
482 0.209039548022599 0 0
483 0.209474141677532 0 0
484 0.209908735332464 0 0
485 0.210343328987397 0 0
486 0.210777922642329 0 0
487 0.211212516297262 0 0
488 0.211647109952195 0 0
489 0.212081703607127 0 0
490 0.21251629726206 0 0
491 0.212950890916993 0 0
492 0.213385484571925 0 0
493 0.213820078226858 0 0
494 0.214254671881791 0 0
495 0.214689265536723 0 0
496 0.215123859191656 0 0
497 0.215558452846588 0 0
498 0.215993046501521 0 0
499 0.216427640156454 0 0
500 0.216862233811386 0 0
501 0.217296827466319 0 0
502 0.217731421121252 0 0
503 0.218166014776184 0 0
504 0.218600608431117 0 0
505 0.21903520208605 0 0
506 0.219469795740982 0 0
507 0.219904389395915 0 0
508 0.220338983050848 0 0
509 0.22077357670578 0 0
510 0.221208170360713 0 0
511 0.221642764015645 0 0
512 0.222077357670578 0 0
513 0.222511951325511 0 0
514 0.222946544980443 0 0
515 0.223381138635376 0 0
516 0.223815732290309 0 0
517 0.224250325945241 0 0
518 0.224684919600174 0 0
519 0.225119513255107 0 0
520 0.225554106910039 0 0
521 0.225988700564972 0 0
522 0.226423294219904 0 0
523 0.226857887874837 0 0
524 0.22729248152977 0 0
525 0.227727075184702 0 0
526 0.228161668839635 0 0
527 0.228596262494568 0 0
528 0.2290308561495 0 0
529 0.229465449804433 0 0
530 0.229900043459365 0 0
531 0.230334637114298 0 0
532 0.230769230769231 0 0
533 0.231203824424163 0 0
534 0.231638418079096 0 0
535 0.232073011734029 0 0
536 0.232507605388961 0 0
537 0.232942199043894 0 0
538 0.233376792698827 0 0
539 0.233811386353759 0 0
540 0.234245980008692 0 0
541 0.234680573663624 0 0
542 0.235115167318557 0 0
543 0.23554976097349 0 0
544 0.235984354628422 0 0
545 0.236418948283355 0 0
546 0.236853541938288 0 0
547 0.23728813559322 0 0
548 0.237722729248153 0 0
549 0.238157322903086 0 0
550 0.238591916558018 0 0
551 0.239026510212951 0 0
552 0.239461103867884 0 0
553 0.239895697522816 0 0
554 0.240330291177749 0 0
555 0.240764884832681 0 0
556 0.241199478487614 0 0
557 0.241634072142547 0 0
558 0.242068665797479 0 0
559 0.242503259452412 0 0
560 0.242937853107345 0 0
561 0.243372446762277 0 0
562 0.24380704041721 0 0
563 0.244241634072143 0 0
564 0.244676227727075 0 0
565 0.245110821382008 0 0
566 0.24554541503694 0 0
567 0.245980008691873 0 0
568 0.246414602346806 0 0
569 0.246849196001738 0 0
570 0.247283789656671 0 0
571 0.247718383311604 0 0
572 0.248152976966536 0 0
573 0.248587570621469 0 0
574 0.249022164276402 0 0
575 0.249456757931334 0 0
576 0.249891351586267 0 0
577 0.250325945241199 0 0
578 0.250760538896132 0 0
579 0.251195132551065 0 0
580 0.251629726205997 0 0
581 0.25206431986093 0 0
582 0.252498913515863 0 0
583 0.252933507170795 0 0
584 0.253368100825728 0 0
585 0.253802694480661 0 0
586 0.254237288135593 0 0
587 0.254671881790526 0 0
588 0.255106475445459 0 0
589 0.255541069100391 0 0
590 0.255975662755324 0 0
591 0.256410256410256 0 0
592 0.256844850065189 0 0
593 0.257279443720122 0 0
594 0.257714037375054 0 0
595 0.258148631029987 0 0
596 0.25858322468492 0 0
597 0.259017818339852 0 0
598 0.259452411994785 0 0
599 0.259887005649718 0 0
600 0.26032159930465 0 0
601 0.260756192959583 0 0
602 0.261190786614515 0 0
603 0.261625380269448 0 0
604 0.262059973924381 0 0
605 0.262494567579313 0 0
606 0.262929161234246 0 0
607 0.263363754889179 0 0
608 0.263798348544111 0 0
609 0.264232942199044 0 0
610 0.264667535853977 0 0
611 0.265102129508909 0 0
612 0.265536723163842 0 0
613 0.265971316818775 0 0
614 0.266405910473707 0 0
615 0.26684050412864 0 0
616 0.267275097783572 0 0
617 0.267709691438505 0 0
618 0.268144285093438 0 0
619 0.26857887874837 0 0
620 0.269013472403303 0 0
621 0.269448066058236 0 0
622 0.269882659713168 0 0
623 0.270317253368101 0 0
624 0.270751847023034 0 0
625 0.271186440677966 0 0
626 0.271621034332899 0 0
627 0.272055627987831 0 0
628 0.272490221642764 0 0
629 0.272924815297697 0 0
630 0.273359408952629 0 0
631 0.273794002607562 0 0
632 0.274228596262495 0 0
633 0.274663189917427 0 0
634 0.27509778357236 0 0
635 0.275532377227293 0 0
636 0.275966970882225 0 0
637 0.276401564537158 0 0
638 0.27683615819209 0 0
639 0.277270751847023 0 0
640 0.277705345501956 0 0
641 0.278139939156888 0 0
642 0.278574532811821 0 0
643 0.279009126466754 0 0
644 0.279443720121686 0 0
645 0.279878313776619 0 0
646 0.280312907431552 0 0
647 0.280747501086484 0 0
648 0.281182094741417 0 0
649 0.281616688396349 0 0
650 0.282051282051282 0 0
651 0.282485875706215 0 0
652 0.282920469361147 0 0
653 0.28335506301608 0 0
654 0.283789656671013 0 0
655 0.284224250325945 0 0
656 0.284658843980878 0 0
657 0.285093437635811 0 0
658 0.285528031290743 0 0
659 0.285962624945676 0 0
660 0.286397218600609 0 0
661 0.286831812255541 0 0
662 0.287266405910474 0 0
663 0.287700999565406 0 0
664 0.288135593220339 0 0
665 0.288570186875272 0 0
666 0.289004780530204 0 0
667 0.289439374185137 0 0
668 0.28987396784007 0 0
669 0.290308561495002 0 0
670 0.290743155149935 0 0
671 0.291177748804868 0 0
672 0.2916123424598 0 0
673 0.292046936114733 0 0
674 0.292481529769665 0 0
675 0.292916123424598 0 0
676 0.293350717079531 0 0
677 0.293785310734463 0 0
678 0.294219904389396 0 0
679 0.294654498044328 0 0
680 0.295089091699261 0 0
681 0.295523685354194 0 0
682 0.295958279009127 0 0
683 0.296392872664059 0 0
684 0.296827466318992 0 0
685 0.297262059973924 0 0
686 0.297696653628857 0 0
687 0.29813124728379 0 0
688 0.298565840938722 0 0
689 0.299000434593655 0 0
690 0.299435028248588 0 0
691 0.29986962190352 0 0
692 0.300304215558453 0 0
693 0.300738809213386 0 0
694 0.301173402868318 0 0
695 0.301607996523251 0 0
696 0.302042590178183 0 0
697 0.302477183833116 0 0
698 0.302911777488049 0 0
699 0.303346371142981 0 0
700 0.303780964797914 0 0
701 0.304215558452847 0 0
702 0.304650152107779 0 0
703 0.305084745762712 0 0
704 0.305519339417644 0 0
705 0.305953933072577 0 0
706 0.30638852672751 0 0
707 0.306823120382442 0 0
708 0.307257714037375 0 0
709 0.307692307692308 0 0
710 0.30812690134724 0 0
711 0.308561495002173 0 0
712 0.308996088657106 0 0
713 0.309430682312038 0 0
714 0.309865275966971 0 0
715 0.310299869621903 0 0
716 0.310734463276836 0 0
717 0.311169056931769 0 0
718 0.311603650586701 0 0
719 0.312038244241634 0 0
720 0.312472837896567 0 0
721 0.312907431551499 0 0
722 0.313342025206432 0 0
723 0.313776618861365 0 0
724 0.314211212516297 0 0
725 0.31464580617123 0 0
726 0.315080399826162 0 0
727 0.315514993481095 0 0
728 0.315949587136028 0 0
729 0.31638418079096 0 0
730 0.316818774445893 0 0
731 0.317253368100826 0 0
732 0.317687961755758 0 0
733 0.318122555410691 0 0
734 0.318557149065624 0 0
735 0.318991742720556 0 0
736 0.319426336375489 0 0
737 0.319860930030421 0 0
738 0.320295523685354 0 0
739 0.320730117340287 0 0
740 0.321164710995219 0 0
741 0.321599304650152 0 0
742 0.322033898305085 0 0
743 0.322468491960017 0 0
744 0.32290308561495 0 0
745 0.323337679269883 0 0
746 0.323772272924815 0 0
747 0.324206866579748 0 0
748 0.32464146023468 0 0
749 0.325076053889613 0 0
750 0.325510647544546 0 0
751 0.325945241199478 0 0
752 0.326379834854411 0 0
753 0.326814428509344 0 0
754 0.327249022164276 0 0
755 0.327683615819209 0 0
756 0.328118209474142 0 0
757 0.328552803129074 0 0
758 0.328987396784007 0 0
759 0.32942199043894 0 0
760 0.329856584093872 0 0
761 0.330291177748805 0 0
762 0.330725771403737 0 0
763 0.33116036505867 0 0
764 0.331594958713603 0 0
765 0.332029552368535 0 0
766 0.332464146023468 0 0
767 0.332898739678401 0 0
768 0.333333333333333 0 0
769 0.333767926988266 0 0
770 0.334202520643199 0 0
771 0.334637114298131 0 0
772 0.335071707953064 0 0
773 0.335506301607996 0 0
774 0.335940895262929 0 0
775 0.336375488917862 0 0
776 0.336810082572794 0 0
777 0.337244676227727 0 0
778 0.33767926988266 0 0
779 0.338113863537592 0 0
780 0.338548457192525 0 0
781 0.338983050847458 0 0
782 0.33941764450239 0 0
783 0.339852238157323 0 0
784 0.340286831812256 0 0
785 0.340721425467188 0 0
786 0.341156019122121 0 0
787 0.341590612777053 0 0
788 0.342025206431986 0 0
789 0.342459800086919 0 0
790 0.342894393741851 0 0
791 0.343328987396784 0 0
792 0.343763581051717 0 0
793 0.344198174706649 0 0
794 0.344632768361582 0 0
795 0.345067362016515 0 0
796 0.345501955671447 0 0
797 0.34593654932638 0 0
798 0.346371142981312 0 0
799 0.346805736636245 0 0
800 0.347240330291178 0 0
801 0.34767492394611 0 0
802 0.348109517601043 0 0
803 0.348544111255976 0 0
804 0.348978704910908 0 0
805 0.349413298565841 0 0
806 0.349847892220774 0 0
807 0.350282485875706 0 0
808 0.350717079530639 0 0
809 0.351151673185572 0 0
810 0.351586266840504 0 0
811 0.352020860495437 0 0
812 0.352455454150369 0 0
813 0.352890047805302 0 0
814 0.353324641460235 0 0
815 0.353759235115167 0 0
816 0.3541938287701 0 0
817 0.354628422425033 0 0
818 0.355063016079965 0 0
819 0.355497609734898 0 0
820 0.355932203389831 0 0
821 0.356366797044763 0 0
822 0.356801390699696 0 0
823 0.357235984354628 0 0
824 0.357670578009561 0 0
825 0.358105171664494 0 0
826 0.358539765319426 0 0
827 0.358974358974359 0 0
828 0.359408952629292 0 0
829 0.359843546284224 0 0
830 0.360278139939157 0 0
831 0.36071273359409 0 0
832 0.361147327249022 0 0
833 0.361581920903955 0 0
834 0.362016514558887 0 0
835 0.36245110821382 0 0
836 0.362885701868753 0 0
837 0.363320295523685 0 0
838 0.363754889178618 0 0
839 0.364189482833551 0 0
840 0.364624076488483 0 0
841 0.365058670143416 0 0
842 0.365493263798349 0 0
843 0.365927857453281 0 0
844 0.366362451108214 0 0
845 0.366797044763147 0 0
846 0.367231638418079 0 0
847 0.367666232073012 0 0
848 0.368100825727944 0 0
849 0.368535419382877 0 0
850 0.36897001303781 0 0
851 0.369404606692742 0 0
852 0.369839200347675 0 0
853 0.370273794002608 0 0
854 0.37070838765754 0 0
855 0.371142981312473 0 0
856 0.371577574967406 0 0
857 0.372012168622338 0 0
858 0.372446762277271 0 0
859 0.372881355932203 0 0
860 0.373315949587136 0 0
861 0.373750543242069 0 0
862 0.374185136897001 0 0
863 0.374619730551934 0 0
864 0.375054324206867 0 0
865 0.375488917861799 0 0
866 0.375923511516732 0 0
867 0.376358105171665 0 0
868 0.376792698826597 0 0
869 0.37722729248153 0 0
870 0.377661886136462 0 0
871 0.378096479791395 0 0
872 0.378531073446328 0 0
873 0.37896566710126 0 0
874 0.379400260756193 0 0
875 0.379834854411126 0 0
876 0.380269448066058 0 0
877 0.380704041720991 0 0
878 0.381138635375924 0 0
879 0.381573229030856 0 0
880 0.382007822685789 0 0
881 0.382442416340721 0 0
882 0.382877009995654 0 0
883 0.383311603650587 0 0
884 0.383746197305519 0 0
885 0.384180790960452 0 0
886 0.384615384615385 0 0
887 0.385049978270317 0 0
888 0.38548457192525 0 0
889 0.385919165580183 0 0
890 0.386353759235115 0 0
891 0.386788352890048 0 0
892 0.38722294654498 0 0
893 0.387657540199913 0 0
894 0.388092133854846 0 0
895 0.388526727509778 0 0
896 0.388961321164711 0 0
897 0.389395914819644 0 0
898 0.389830508474576 0 0
899 0.390265102129509 0 0
900 0.390699695784442 0 0
901 0.391134289439374 0 0
902 0.391568883094307 0 0
903 0.39200347674924 0 0
904 0.392438070404172 0 0
905 0.392872664059105 0 0
906 0.393307257714037 0 0
907 0.39374185136897 0 0
908 0.394176445023903 0 0
909 0.394611038678835 0 0
910 0.395045632333768 0 0
911 0.395480225988701 0 0
912 0.395914819643633 0 0
913 0.396349413298566 0 0
914 0.396784006953499 0 0
915 0.397218600608431 0 0
916 0.397653194263364 0 0
917 0.398087787918296 0 0
918 0.398522381573229 0 0
919 0.398956975228162 0 0
920 0.399391568883094 0 0
921 0.399826162538027 0 0
922 0.40026075619296 0 0
923 0.400695349847892 0 0
924 0.401129943502825 0 0
925 0.401564537157757 0 0
926 0.40199913081269 0 0
927 0.402433724467623 0 0
928 0.402868318122555 0 0
929 0.403302911777488 0 0
930 0.403737505432421 0 0
931 0.404172099087353 0 0
932 0.404606692742286 0 0
933 0.405041286397219 0 0
934 0.405475880052151 0 0
935 0.405910473707084 0 0
936 0.406345067362016 0 0
937 0.406779661016949 0 0
938 0.407214254671882 0 0
939 0.407648848326814 0 0
940 0.408083441981747 0 0
941 0.40851803563668 0 0
942 0.408952629291612 0 0
943 0.409387222946545 0 0
944 0.409821816601478 0 0
945 0.41025641025641 0 0
946 0.410691003911343 0 0
947 0.411125597566275 0 0
948 0.411560191221208 0 0
949 0.411994784876141 0 0
950 0.412429378531073 0 0
951 0.412863972186006 0 0
952 0.413298565840939 0 0
953 0.413733159495871 0 0
954 0.414167753150804 0 0
955 0.414602346805737 0 0
956 0.415036940460669 0 0
957 0.415471534115602 0 0
958 0.415906127770534 0 0
959 0.416340721425467 0 0
960 0.4167753150804 0 0
961 0.417209908735332 0 0
962 0.417644502390265 0 0
963 0.418079096045198 0 0
964 0.41851368970013 0 0
965 0.418948283355063 0 0
966 0.419382877009996 0 0
967 0.419817470664928 0 0
968 0.420252064319861 0 0
969 0.420686657974794 0 0
970 0.421121251629726 0 0
971 0.421555845284659 0 0
972 0.421990438939591 0 0
973 0.422425032594524 0 0
974 0.422859626249457 0 0
975 0.423294219904389 0 0
976 0.423728813559322 0 0
977 0.424163407214255 0 0
978 0.424598000869187 0 0
979 0.42503259452412 0 0
980 0.425467188179053 0 0
981 0.425901781833985 0 0
982 0.426336375488918 0 0
983 0.42677096914385 0 0
984 0.427205562798783 0 0
985 0.427640156453716 0 0
986 0.428074750108648 0 0
987 0.428509343763581 0 0
988 0.428943937418514 0 0
989 0.429378531073446 0 0
990 0.429813124728379 0 0
991 0.430247718383312 0 0
992 0.430682312038244 0 0
993 0.431116905693177 0 0
994 0.431551499348109 0 0
995 0.431986093003042 0 0
996 0.432420686657975 0 0
997 0.432855280312907 0 0
998 0.43328987396784 0 0
999 0.433724467622773 0 0
1000 0.434159061277705 0 0
1001 0.434593654932638 0 0
1002 0.435028248587571 0 0
1003 0.435462842242503 0 0
1004 0.435897435897436 0 0
1005 0.436332029552368 0 0
1006 0.436766623207301 0 0
1007 0.437201216862234 0 0
1008 0.437635810517166 0 0
1009 0.438070404172099 0 0
1010 0.438504997827032 0 0
1011 0.438939591481964 0 0
1012 0.439374185136897 0 0
1013 0.43980877879183 0 0
1014 0.440243372446762 0 0
1015 0.440677966101695 0 0
1016 0.441112559756628 0 0
1017 0.44154715341156 0 0
1018 0.441981747066493 0 0
1019 0.442416340721425 0 0
1020 0.442850934376358 0 0
1021 0.443285528031291 0 0
1022 0.443720121686223 0 0
1023 0.444154715341156 0 0
1024 0.444589308996089 0 0
1025 0.445023902651021 0 0
1026 0.445458496305954 0 0
1027 0.445893089960887 0 0
1028 0.446327683615819 0 0
1029 0.446762277270752 0 0
1030 0.447196870925684 0 0
1031 0.447631464580617 0 0
1032 0.44806605823555 0 0
1033 0.448500651890482 0 0
1034 0.448935245545415 0 0
1035 0.449369839200348 0 0
1036 0.44980443285528 0 0
1037 0.450239026510213 0 0
1038 0.450673620165146 0 0
1039 0.451108213820078 0 0
1040 0.451542807475011 0 0
1041 0.451977401129944 0 0
1042 0.452411994784876 0 0
1043 0.452846588439809 0 0
1044 0.453281182094741 0 0
1045 0.453715775749674 0 0
1046 0.454150369404607 0 0
1047 0.454584963059539 0 0
1048 0.455019556714472 0 0
1049 0.455454150369405 0 0
1050 0.455888744024337 0 0
1051 0.45632333767927 0 0
1052 0.456757931334203 0 0
1053 0.457192524989135 0 0
1054 0.457627118644068 0 0
1055 0.458061712299 0 0
1056 0.458496305953933 0 0
1057 0.458930899608866 0 0
1058 0.459365493263798 0 0
1059 0.459800086918731 0 0
1060 0.460234680573664 0 0
1061 0.460669274228596 0 0
1062 0.461103867883529 0 0
1063 0.461538461538462 0 0
1064 0.461973055193394 0 0
1065 0.462407648848327 0 0
1066 0.462842242503259 0 0
1067 0.463276836158192 0 0
1068 0.463711429813125 0 0
1069 0.464146023468057 0 0
1070 0.46458061712299 0 0
1071 0.465015210777923 0 0
1072 0.465449804432855 0 0
1073 0.465884398087788 0 0
1074 0.466318991742721 0 0
1075 0.466753585397653 0 0
1076 0.467188179052586 0 0
1077 0.467622772707519 0 0
1078 0.468057366362451 0 0
1079 0.468491960017384 0 0
1080 0.468926553672316 0 0
1081 0.469361147327249 0 0
1082 0.469795740982182 0 0
1083 0.470230334637114 0 0
1084 0.470664928292047 0 0
1085 0.47109952194698 0 0
1086 0.471534115601912 0 0
1087 0.471968709256845 0 0
1088 0.472403302911778 0 0
1089 0.47283789656671 0 0
1090 0.473272490221643 0 0
1091 0.473707083876575 0 0
1092 0.474141677531508 0 0
1093 0.474576271186441 0 0
1094 0.475010864841373 0 0
1095 0.475445458496306 0 0
1096 0.475880052151239 0 0
1097 0.476314645806171 0 0
1098 0.476749239461104 0 0
1099 0.477183833116037 0 0
1100 0.477618426770969 0 0
1101 0.478053020425902 0 0
1102 0.478487614080834 0 0
1103 0.478922207735767 0 0
1104 0.4793568013907 0 0
1105 0.479791395045632 0 0
1106 0.480225988700565 0 0
1107 0.480660582355498 0 0
1108 0.48109517601043 0 0
1109 0.481529769665363 0 0
1110 0.481964363320296 0 0
1111 0.482398956975228 0 0
1112 0.482833550630161 0 0
1113 0.483268144285094 0 0
1114 0.483702737940026 0 0
1115 0.484137331594959 0 0
1116 0.484571925249891 0 0
1117 0.485006518904824 0 0
1118 0.485441112559757 0 0
1119 0.485875706214689 0 0
1120 0.486310299869622 0 0
1121 0.486744893524555 0 0
1122 0.487179487179487 0 0
1123 0.48761408083442 0 0
1124 0.488048674489353 0 0
1125 0.488483268144285 0 0
1126 0.488917861799218 0 0
1127 0.48935245545415 0 0
1128 0.489787049109083 0 0
1129 0.490221642764016 0 0
1130 0.490656236418948 0 0
1131 0.491090830073881 0 0
1132 0.491525423728814 0 0
1133 0.491960017383746 0 0
1134 0.492394611038679 0 0
1135 0.492829204693612 0 0
1136 0.493263798348544 0 0
1137 0.493698392003477 0 0
1138 0.494132985658409 0 0
1139 0.494567579313342 0 0
1140 0.495002172968275 0 0
1141 0.495436766623207 0 0
1142 0.49587136027814 0 0
1143 0.496305953933073 0 0
1144 0.496740547588005 0 0
1145 0.497175141242938 0 0
1146 0.497609734897871 0 0
1147 0.498044328552803 0 0
1148 0.498478922207736 0 0
1149 0.498913515862668 0 0
1150 0.499348109517601 0 0
1151 0.499782703172534 0 0
1152 0.500217296827466 0 0
1153 0.500651890482399 0 0
1154 0.501086484137332 0 0
1155 0.501521077792264 0 0
1156 0.501955671447197 0 0
1157 0.502390265102129 0 0
1158 0.502824858757062 0 0
1159 0.503259452411995 0 0
1160 0.503694046066927 0 0
1161 0.50412863972186 0 0
1162 0.504563233376793 0 0
1163 0.504997827031725 0 0
1164 0.505432420686658 0 0
1165 0.505867014341591 0 0
1166 0.506301607996523 0 0
1167 0.506736201651456 0 0
1168 0.507170795306389 0 0
1169 0.507605388961321 0 0
1170 0.508039982616254 0 0
1171 0.508474576271186 0 0
1172 0.508909169926119 0 0
1173 0.509343763581052 0 0
1174 0.509778357235984 0 0
1175 0.510212950890917 0 0
1176 0.51064754454585 0 0
1177 0.511082138200782 0 0
1178 0.511516731855715 0 0
1179 0.511951325510647 0 0
1180 0.51238591916558 0 0
1181 0.512820512820513 0 0
1182 0.513255106475445 0 0
1183 0.513689700130378 0 0
1184 0.514124293785311 0 0
1185 0.514558887440243 0 0
1186 0.514993481095176 0 0
1187 0.515428074750109 0 0
1188 0.515862668405041 0 0
1189 0.516297262059974 0 0
1190 0.516731855714907 0 0
1191 0.517166449369839 0 0
1192 0.517601043024772 0 0
1193 0.518035636679704 0 0
1194 0.518470230334637 0 0
1195 0.51890482398957 0 0
1196 0.519339417644502 0 0
1197 0.519774011299435 0 0
1198 0.520208604954368 0 0
1199 0.5206431986093 0 0
1200 0.521077792264233 0 0
1201 0.521512385919166 0 0
1202 0.521946979574098 0 0
1203 0.522381573229031 0 0
1204 0.522816166883963 0 0
1205 0.523250760538896 0 0
1206 0.523685354193829 0 0
1207 0.524119947848761 0 0
1208 0.524554541503694 0 0
1209 0.524989135158627 0 0
1210 0.525423728813559 0 0
1211 0.525858322468492 0 0
1212 0.526292916123425 0 0
1213 0.526727509778357 0 0
1214 0.52716210343329 0 0
1215 0.527596697088222 0 0
1216 0.528031290743155 0 0
1217 0.528465884398088 0 0
1218 0.52890047805302 0 0
1219 0.529335071707953 0 0
1220 0.529769665362886 0 0
1221 0.530204259017818 0 0
1222 0.530638852672751 0 0
1223 0.531073446327684 0 0
1224 0.531508039982616 0 0
1225 0.531942633637549 0 0
1226 0.532377227292481 0 0
1227 0.532811820947414 0 0
1228 0.533246414602347 0 0
1229 0.533681008257279 0 0
1230 0.534115601912212 0 0
1231 0.534550195567145 0 0
1232 0.534984789222077 0 0
1233 0.53541938287701 0 0
1234 0.535853976531943 0 0
1235 0.536288570186875 0 0
1236 0.536723163841808 0 0
1237 0.537157757496741 0 0
1238 0.537592351151673 0 0
1239 0.538026944806606 0 0
1240 0.538461538461538 0 0
1241 0.538896132116471 0 0
1242 0.539330725771404 0 0
1243 0.539765319426336 0 0
1244 0.540199913081269 0 0
1245 0.540634506736202 0 0
1246 0.541069100391134 0 0
1247 0.541503694046067 0 0
1248 0.541938287700999 0 0
1249 0.542372881355932 0 0
1250 0.542807475010865 0 0
1251 0.543242068665797 0 0
1252 0.54367666232073 0 0
1253 0.544111255975663 0 0
1254 0.544545849630595 0 0
1255 0.544980443285528 0 0
1256 0.545415036940461 0 0
1257 0.545849630595393 0 0
1258 0.546284224250326 0 0
1259 0.546718817905259 0 0
1260 0.547153411560191 0 0
1261 0.547588005215124 0 0
1262 0.548022598870056 0 0
1263 0.548457192524989 0 0
1264 0.548891786179922 0 0
1265 0.549326379834854 0 0
1266 0.549760973489787 0 0
1267 0.55019556714472 0 0
1268 0.550630160799652 0 0
1269 0.551064754454585 0 0
1270 0.551499348109518 0 0
1271 0.55193394176445 0 0
1272 0.552368535419383 0 0
1273 0.552803129074316 0 0
1274 0.553237722729248 0 0
1275 0.553672316384181 0 0
1276 0.554106910039113 0 0
1277 0.554541503694046 0 0
1278 0.554976097348979 0 0
1279 0.555410691003911 0 0
1280 0.555845284658844 0 0
1281 0.556279878313777 0 0
1282 0.556714471968709 0 0
1283 0.557149065623642 0 0
1284 0.557583659278574 0 0
1285 0.558018252933507 0 0
1286 0.55845284658844 0 0
1287 0.558887440243372 0 0
1288 0.559322033898305 0 0
1289 0.559756627553238 0 0
1290 0.56019122120817 0 0
1291 0.560625814863103 0 0
1292 0.561060408518036 0 0
1293 0.561495002172968 0 0
1294 0.561929595827901 0 0
1295 0.562364189482834 0 0
1296 0.562798783137766 0 0
1297 0.563233376792699 0 0
1298 0.563667970447631 0 0
1299 0.564102564102564 0 0
1300 0.564537157757497 0 0
1301 0.564971751412429 0 0
1302 0.565406345067362 0 0
1303 0.565840938722295 0 0
1304 0.566275532377227 0 0
1305 0.56671012603216 0 0
1306 0.567144719687093 0 0
1307 0.567579313342025 0 0
1308 0.568013906996958 0 0
1309 0.56844850065189 0 0
1310 0.568883094306823 0 0
1311 0.569317687961756 0 0
1312 0.569752281616688 0 0
1313 0.570186875271621 0 0
1314 0.570621468926554 0 0
1315 0.571056062581486 0 0
1316 0.571490656236419 0 0
1317 0.571925249891352 0 0
1318 0.572359843546284 0 0
1319 0.572794437201217 0 0
1320 0.573229030856149 0 0
1321 0.573663624511082 0 0
1322 0.574098218166015 0 0
1323 0.574532811820947 0 0
1324 0.57496740547588 0 0
1325 0.575401999130813 0 0
1326 0.575836592785745 0 0
1327 0.576271186440678 0 0
1328 0.576705780095611 0 0
1329 0.577140373750543 0 0
1330 0.577574967405476 0 0
1331 0.578009561060408 0 0
1332 0.578444154715341 0 0
1333 0.578878748370274 0 0
1334 0.579313342025206 0 0
1335 0.579747935680139 0 0
1336 0.580182529335072 0 0
1337 0.580617122990004 0 0
1338 0.581051716644937 0 0
1339 0.58148631029987 0 0
1340 0.581920903954802 0 0
1341 0.582355497609735 0 0
1342 0.582790091264668 0 0
1343 0.5832246849196 0 0
1344 0.583659278574533 0 0
1345 0.584093872229465 0 0
1346 0.584528465884398 0 0
1347 0.584963059539331 0 0
1348 0.585397653194263 0 0
1349 0.585832246849196 0 0
1350 0.586266840504129 0 0
1351 0.586701434159061 0 0
1352 0.587136027813994 0 0
1353 0.587570621468926 0 0
1354 0.588005215123859 0 0
1355 0.588439808778792 0 0
1356 0.588874402433724 0 0
1357 0.589308996088657 0 0
1358 0.58974358974359 0 0
1359 0.590178183398522 0 0
1360 0.590612777053455 0 0
1361 0.591047370708388 0 0
1362 0.59148196436332 0 0
1363 0.591916558018253 0 0
1364 0.592351151673186 0 0
1365 0.592785745328118 0 0
1366 0.593220338983051 0 0
1367 0.593654932637983 0 0
1368 0.594089526292916 0 0
1369 0.594524119947849 0 0
1370 0.594958713602781 0 0
1371 0.595393307257714 0 0
1372 0.595827900912647 0 0
1373 0.596262494567579 0 0
1374 0.596697088222512 0 0
1375 0.597131681877445 0 0
1376 0.597566275532377 0 0
1377 0.59800086918731 0 0
1378 0.598435462842242 0 0
1379 0.598870056497175 0 0
1380 0.599304650152108 0 0
1381 0.59973924380704 0 0
1382 0.600173837461973 0 0
1383 0.600608431116906 0 0
1384 0.601043024771838 0 0
1385 0.601477618426771 0 0
1386 0.601912212081704 0 0
1387 0.602346805736636 0 0
1388 0.602781399391569 0 0
1389 0.603215993046501 0 0
1390 0.603650586701434 0 0
1391 0.604085180356367 0 0
1392 0.604519774011299 0 0
1393 0.604954367666232 0 0
1394 0.605388961321165 0 0
1395 0.605823554976097 0 0
1396 0.60625814863103 0 0
1397 0.606692742285963 0 0
1398 0.607127335940895 0 0
1399 0.607561929595828 0 0
1400 0.60799652325076 0 0
1401 0.608431116905693 0 0
1402 0.608865710560626 0 0
1403 0.609300304215558 0 0
1404 0.609734897870491 0 0
1405 0.610169491525424 0 0
1406 0.610604085180356 0 0
1407 0.611038678835289 0 0
1408 0.611473272490222 0 0
1409 0.611907866145154 0 0
1410 0.612342459800087 0 0
1411 0.61277705345502 0 0
1412 0.613211647109952 0 0
1413 0.613646240764885 0 0
1414 0.614080834419817 0 0
1415 0.61451542807475 0 0
1416 0.614950021729683 0 0
1417 0.615384615384615 0 0
1418 0.615819209039548 0 0
1419 0.616253802694481 0 0
1420 0.616688396349413 0 0
1421 0.617122990004346 0 0
1422 0.617557583659278 0 0
1423 0.617992177314211 0 0
1424 0.618426770969144 0 0
1425 0.618861364624076 0 0
1426 0.619295958279009 0 0
1427 0.619730551933942 0 0
1428 0.620165145588874 0 0
1429 0.620599739243807 0 0
1430 0.62103433289874 0 0
1431 0.621468926553672 0 0
1432 0.621903520208605 0 0
1433 0.622338113863538 0 0
1434 0.62277270751847 0 0
1435 0.623207301173403 0 0
1436 0.623641894828335 0 0
1437 0.624076488483268 0 0
1438 0.624511082138201 0 0
1439 0.624945675793133 0 0
1440 0.625380269448066 0 0
1441 0.625814863102999 0 0
1442 0.626249456757931 0 0
1443 0.626684050412864 0 0
1444 0.627118644067797 0 0
1445 0.627553237722729 0 0
1446 0.627987831377662 0 0
1447 0.628422425032594 0 0
1448 0.628857018687527 0 0
1449 0.62929161234246 0 0
1450 0.629726205997392 0 0
1451 0.630160799652325 0 0
1452 0.630595393307258 0 0
1453 0.63102998696219 0 0
1454 0.631464580617123 0 0
1455 0.631899174272056 0 0
1456 0.632333767926988 0 0
1457 0.632768361581921 0 0
1458 0.633202955236853 0 0
1459 0.633637548891786 0 0
1460 0.634072142546719 0 0
1461 0.634506736201651 0 0
1462 0.634941329856584 0 0
1463 0.635375923511517 0 0
1464 0.635810517166449 0 0
1465 0.636245110821382 0 0
1466 0.636679704476315 0 0
1467 0.637114298131247 0 0
1468 0.63754889178618 0 0
1469 0.637983485441112 0 0
1470 0.638418079096045 0 0
1471 0.638852672750978 0 0
1472 0.63928726640591 0 0
1473 0.639721860060843 0 0
1474 0.640156453715776 0 0
1475 0.640591047370708 0 0
1476 0.641025641025641 0 0
1477 0.641460234680574 0 0
1478 0.641894828335506 0 0
1479 0.642329421990439 0 0
1480 0.642764015645372 0 0
1481 0.643198609300304 0 0
1482 0.643633202955237 0 0
1483 0.644067796610169 0 0
1484 0.644502390265102 0 0
1485 0.644936983920035 0 0
1486 0.645371577574967 0 0
1487 0.6458061712299 0 0
1488 0.646240764884833 0 0
1489 0.646675358539765 0 0
1490 0.647109952194698 0 0
1491 0.647544545849631 0 0
1492 0.647979139504563 0 0
1493 0.648413733159496 0 0
1494 0.648848326814428 0 0
1495 0.649282920469361 0 0
1496 0.649717514124294 0 0
1497 0.650152107779226 0 0
1498 0.650586701434159 0 0
1499 0.651021295089092 0 0
1500 0.651455888744024 0 0
1501 0.651890482398957 0 0
1502 0.65232507605389 0 0
1503 0.652759669708822 0 0
1504 0.653194263363755 0 0
1505 0.653628857018687 0 0
1506 0.65406345067362 0 0
1507 0.654498044328553 0 0
1508 0.654932637983485 0 0
1509 0.655367231638418 0 0
1510 0.655801825293351 0 0
1511 0.656236418948283 0 0
1512 0.656671012603216 0 0
1513 0.657105606258149 0 0
1514 0.657540199913081 0 0
1515 0.657974793568014 0 0
1516 0.658409387222947 0 0
1517 0.658843980877879 0 0
1518 0.659278574532812 0 0
1519 0.659713168187744 0 0
1520 0.660147761842677 0 0
1521 0.66058235549761 0 0
1522 0.661016949152542 0 0
1523 0.661451542807475 0 0
1524 0.661886136462408 0 0
1525 0.66232073011734 0 0
1526 0.662755323772273 0 0
1527 0.663189917427205 0 0
1528 0.663624511082138 0 0
1529 0.664059104737071 0 0
1530 0.664493698392003 0 0
1531 0.664928292046936 0 0
1532 0.665362885701869 0 0
1533 0.665797479356801 0 0
1534 0.666232073011734 0 0
1535 0.666666666666667 0 0
1536 0.667101260321599 0 0
1537 0.667535853976532 0 0
1538 0.667970447631465 0 0
1539 0.668405041286397 0 0
1540 0.66883963494133 0 0
1541 0.669274228596263 0 0
1542 0.669708822251195 0 0
1543 0.670143415906128 0 0
1544 0.67057800956106 0 0
1545 0.671012603215993 0 0
1546 0.671447196870926 0 0
1547 0.671881790525858 0 0
1548 0.672316384180791 0 0
1549 0.672750977835724 0 0
1550 0.673185571490656 0 0
1551 0.673620165145589 0 0
1552 0.674054758800521 0 0
1553 0.674489352455454 0 0
1554 0.674923946110387 0 0
1555 0.675358539765319 0 0
1556 0.675793133420252 0 0
1557 0.676227727075185 0 0
1558 0.676662320730117 0 0
1559 0.67709691438505 0 0
1560 0.677531508039983 0 0
1561 0.677966101694915 0 0
1562 0.678400695349848 0 0
1563 0.67883528900478 0 0
1564 0.679269882659713 0 0
1565 0.679704476314646 0 0
1566 0.680139069969579 0 0
1567 0.680573663624511 0 0
1568 0.681008257279444 0 0
1569 0.681442850934376 0 0
1570 0.681877444589309 0 0
1571 0.682312038244242 0 0
1572 0.682746631899174 0 0
1573 0.683181225554107 0 0
1574 0.683615819209039 0 0
1575 0.684050412863972 0 0
1576 0.684485006518905 0 0
1577 0.684919600173837 0 0
1578 0.68535419382877 0 0
1579 0.685788787483703 0 0
1580 0.686223381138635 0 0
1581 0.686657974793568 0 0
1582 0.687092568448501 0 0
1583 0.687527162103433 0 0
1584 0.687961755758366 0 0
1585 0.688396349413299 0 0
1586 0.688830943068231 0 0
1587 0.689265536723164 0 0
1588 0.689700130378096 0 0
1589 0.690134724033029 0 0
1590 0.690569317687962 0 0
1591 0.691003911342894 0 0
1592 0.691438504997827 0 0
1593 0.69187309865276 0 0
1594 0.692307692307692 0 0
1595 0.692742285962625 0 0
1596 0.693176879617557 0 0
1597 0.69361147327249 0 0
1598 0.694046066927423 0 0
1599 0.694480660582355 0 0
1600 0.694915254237288 0 0
1601 0.695349847892221 0 0
1602 0.695784441547153 0 0
1603 0.696219035202086 0 0
1604 0.696653628857019 0 0
1605 0.697088222511951 0 0
1606 0.697522816166884 0 0
1607 0.697957409821817 0 0
1608 0.698392003476749 0 0
1609 0.698826597131682 0 0
1610 0.699261190786615 0 0
1611 0.699695784441547 0 0
1612 0.70013037809648 0 0
1613 0.700564971751412 0 0
1614 0.700999565406345 0 0
1615 0.701434159061278 0 0
1616 0.70186875271621 0 0
1617 0.702303346371143 0 0
1618 0.702737940026076 0 0
1619 0.703172533681008 0 0
1620 0.703607127335941 0 0
1621 0.704041720990873 0 0
1622 0.704476314645806 0 0
1623 0.704910908300739 0 0
1624 0.705345501955671 0 0
1625 0.705780095610604 0 0
1626 0.706214689265537 0 0
1627 0.706649282920469 0 0
1628 0.707083876575402 0 0
1629 0.707518470230335 0 0
1630 0.707953063885267 0 0
1631 0.7083876575402 0 0
1632 0.708822251195132 0 0
1633 0.709256844850065 0 0
1634 0.709691438504998 0 0
1635 0.710126032159931 0 0
1636 0.710560625814863 0 0
1637 0.710995219469796 0 0
1638 0.711429813124728 0 0
1639 0.711864406779661 0 0
1640 0.712299000434594 0 0
1641 0.712733594089526 0 0
1642 0.713168187744459 0 0
1643 0.713602781399391 0 0
1644 0.714037375054324 0 0
1645 0.714471968709257 0 0
1646 0.714906562364189 0 0
1647 0.715341156019122 0 0
1648 0.715775749674055 0 0
1649 0.716210343328987 0 0
1650 0.71664493698392 0 0
1651 0.717079530638853 0 0
1652 0.717514124293785 0 0
1653 0.717948717948718 0 0
1654 0.718383311603651 0 0
1655 0.718817905258583 0 0
1656 0.719252498913516 0 0
1657 0.719687092568448 0 0
1658 0.720121686223381 0 0
1659 0.720556279878314 0 0
1660 0.720990873533246 0 0
1661 0.721425467188179 0 0
1662 0.721860060843112 0 0
1663 0.722294654498044 0 0
1664 0.722729248152977 0 0
1665 0.723163841807909 0 0
1666 0.723598435462842 0 0
1667 0.724033029117775 0 0
1668 0.724467622772708 0 0
1669 0.72490221642764 0 0
1670 0.725336810082573 0 0
1671 0.725771403737505 0 0
1672 0.726205997392438 0 0
1673 0.726640591047371 0 0
1674 0.727075184702303 0 0
1675 0.727509778357236 0 0
1676 0.727944372012169 0 0
1677 0.728378965667101 0 0
1678 0.728813559322034 0 0
1679 0.729248152976967 0 0
1680 0.729682746631899 0 0
1681 0.730117340286832 0 0
1682 0.730551933941764 0 0
1683 0.730986527596697 0 0
1684 0.73142112125163 0 0
1685 0.731855714906562 0 0
1686 0.732290308561495 0 0
1687 0.732724902216428 0 0
1688 0.73315949587136 0 0
1689 0.733594089526293 0 0
1690 0.734028683181225 0 0
1691 0.734463276836158 0 0
1692 0.734897870491091 0 0
1693 0.735332464146023 0 0
1694 0.735767057800956 0 0
1695 0.736201651455889 0 0
1696 0.736636245110821 0 0
1697 0.737070838765754 0 0
1698 0.737505432420687 0 0
1699 0.737940026075619 0 0
1700 0.738374619730552 0 0
1701 0.738809213385484 0 0
1702 0.739243807040417 0 0
1703 0.73967840069535 0 0
1704 0.740112994350283 0 0
1705 0.740547588005215 0 0
1706 0.740982181660148 0 0
1707 0.74141677531508 0 0
1708 0.741851368970013 0 0
1709 0.742285962624946 0 0
1710 0.742720556279878 0 0
1711 0.743155149934811 0 0
1712 0.743589743589744 0 0
1713 0.744024337244676 0 0
1714 0.744458930899609 0 0
1715 0.744893524554541 0 0
1716 0.745328118209474 0 0
1717 0.745762711864407 0 0
1718 0.746197305519339 0 0
1719 0.746631899174272 0 0
1720 0.747066492829205 0 0
1721 0.747501086484137 0 0
1722 0.74793568013907 0 0
1723 0.748370273794003 0 0
1724 0.748804867448935 0 0
1725 0.749239461103868 0 0
1726 0.7496740547588 0 0
1727 0.750108648413733 0 0
1728 0.750543242068666 0 0
1729 0.750977835723598 0 0
1730 0.751412429378531 0 0
1731 0.751847023033464 0 0
1732 0.752281616688396 0 0
1733 0.752716210343329 0 0
1734 0.753150803998262 0 0
1735 0.753585397653194 0 0
1736 0.754019991308127 0 0
1737 0.75445458496306 0 0
1738 0.754889178617992 0 0
1739 0.755323772272925 0 0
1740 0.755758365927857 0 0
1741 0.75619295958279 0 0
1742 0.756627553237723 0 0
1743 0.757062146892655 0 0
1744 0.757496740547588 0 0
1745 0.757931334202521 0 0
1746 0.758365927857453 0 0
1747 0.758800521512386 0 0
1748 0.759235115167319 0 0
1749 0.759669708822251 0 0
1750 0.760104302477184 0 0
1751 0.760538896132116 0 0
1752 0.760973489787049 0 0
1753 0.761408083441982 0 0
1754 0.761842677096914 0 0
1755 0.762277270751847 0 0
1756 0.76271186440678 0 0
1757 0.763146458061712 0 0
1758 0.763581051716645 0 0
1759 0.764015645371578 0 0
1760 0.76445023902651 0 0
1761 0.764884832681443 0 0
1762 0.765319426336376 0 0
1763 0.765754019991308 0 0
1764 0.766188613646241 0 0
1765 0.766623207301173 0 0
1766 0.767057800956106 0 0
1767 0.767492394611039 0 0
1768 0.767926988265971 0 0
1769 0.768361581920904 0 0
1770 0.768796175575836 0 0
1771 0.769230769230769 0 0
1772 0.769665362885702 0 0
1773 0.770099956540635 0 0
1774 0.770534550195567 0 0
1775 0.7709691438505 0 0
1776 0.771403737505432 0 0
1777 0.771838331160365 0 0
1778 0.772272924815298 0 0
1779 0.77270751847023 0 0
1780 0.773142112125163 0 0
1781 0.773576705780096 0 0
1782 0.774011299435028 0 0
1783 0.774445893089961 0 0
1784 0.774880486744894 0 0
1785 0.775315080399826 0 0
1786 0.775749674054759 0 0
1787 0.776184267709691 0 0
1788 0.776618861364624 0 0
1789 0.777053455019557 0 0
1790 0.777488048674489 0 0
1791 0.777922642329422 0 0
1792 0.778357235984355 0 0
1793 0.778791829639287 0 0
1794 0.77922642329422 0 0
1795 0.779661016949153 0 0
1796 0.780095610604085 0 0
1797 0.780530204259018 0 0
1798 0.78096479791395 0 0
1799 0.781399391568883 0 0
1800 0.781833985223816 0 0
1801 0.782268578878748 0 0
1802 0.782703172533681 0 0
1803 0.783137766188614 0 0
1804 0.783572359843546 0 0
1805 0.784006953498479 0 0
1806 0.784441547153412 0 0
1807 0.784876140808344 0 0
1808 0.785310734463277 0 0
1809 0.785745328118209 0 0
1810 0.786179921773142 0 0
1811 0.786614515428075 0 0
1812 0.787049109083007 0 0
1813 0.78748370273794 0 0
1814 0.787918296392873 0 0
1815 0.788352890047805 0 0
1816 0.788787483702738 0 0
1817 0.789222077357671 0 0
1818 0.789656671012603 0 0
1819 0.790091264667536 0 0
1820 0.790525858322468 0 0
1821 0.790960451977401 0 0
1822 0.791395045632334 0 0
1823 0.791829639287266 0 0
1824 0.792264232942199 0 0
1825 0.792698826597132 0 0
1826 0.793133420252064 0 0
1827 0.793568013906997 0 0
1828 0.79400260756193 0 0
1829 0.794437201216862 0 0
1830 0.794871794871795 0 0
1831 0.795306388526728 0 0
1832 0.79574098218166 0 0
1833 0.796175575836593 0 0
1834 0.796610169491525 0 0
1835 0.797044763146458 0 0
1836 0.797479356801391 0 0
1837 0.797913950456323 0 0
1838 0.798348544111256 0 0
1839 0.798783137766188 0 0
1840 0.799217731421121 0 0
1841 0.799652325076054 0 0
1842 0.800086918730987 0 0
1843 0.800521512385919 0 0
1844 0.800956106040852 0 0
1845 0.801390699695784 0 0
1846 0.801825293350717 0 0
1847 0.80225988700565 0 0
1848 0.802694480660582 0 0
1849 0.803129074315515 0 0
1850 0.803563667970448 0 0
1851 0.80399826162538 0 0
1852 0.804432855280313 0 0
1853 0.804867448935246 0 0
1854 0.805302042590178 0 0
1855 0.805736636245111 0 0
1856 0.806171229900043 0 0
1857 0.806605823554976 0 0
1858 0.807040417209909 0 0
1859 0.807475010864841 0 0
1860 0.807909604519774 0 0
1861 0.808344198174707 0 0
1862 0.808778791829639 0 0
1863 0.809213385484572 0 0
1864 0.809647979139505 0 0
1865 0.810082572794437 0 0
1866 0.81051716644937 0 0
1867 0.810951760104302 0 0
1868 0.811386353759235 0 0
1869 0.811820947414168 0 0
1870 0.8122555410691 0 0
1871 0.812690134724033 0 0
1872 0.813124728378966 0 0
1873 0.813559322033898 0 0
1874 0.813993915688831 0 0
1875 0.814428509343764 0 0
1876 0.814863102998696 0 0
1877 0.815297696653629 0 0
1878 0.815732290308561 0 0
1879 0.816166883963494 0 0
1880 0.816601477618427 0 0
1881 0.817036071273359 0 0
1882 0.817470664928292 0 0
1883 0.817905258583225 0 0
1884 0.818339852238157 0 0
1885 0.81877444589309 0 0
1886 0.819209039548023 0 0
1887 0.819643633202955 0 0
1888 0.820078226857888 0 0
1889 0.82051282051282 0 0
1890 0.820947414167753 0 0
1891 0.821382007822686 0 0
1892 0.821816601477618 0 0
1893 0.822251195132551 0 0
1894 0.822685788787484 0 0
1895 0.823120382442416 0 0
1896 0.823554976097349 0 0
1897 0.823989569752282 0 0
1898 0.824424163407214 0 0
1899 0.824858757062147 0 0
1900 0.82529335071708 0 0
1901 0.825727944372012 0 0
1902 0.826162538026945 0 0
1903 0.826597131681877 0 0
1904 0.82703172533681 0 0
1905 0.827466318991743 0 0
1906 0.827900912646675 0 0
1907 0.828335506301608 0 0
1908 0.82877009995654 0 0
1909 0.829204693611473 0 0
1910 0.829639287266406 0 0
1911 0.830073880921339 0 0
1912 0.830508474576271 0 0
1913 0.830943068231204 0 0
1914 0.831377661886136 0 0
1915 0.831812255541069 0 0
1916 0.832246849196002 0 0
1917 0.832681442850934 0 0
1918 0.833116036505867 0 0
1919 0.8335506301608 0 0
1920 0.833985223815732 0 0
1921 0.834419817470665 0 0
1922 0.834854411125598 0 0
1923 0.83528900478053 0 0
1924 0.835723598435463 0 0
1925 0.836158192090395 0 0
1926 0.836592785745328 0 0
1927 0.837027379400261 0 0
1928 0.837461973055193 0 0
1929 0.837896566710126 0 0
1930 0.838331160365059 0 0
1931 0.838765754019991 0 0
1932 0.839200347674924 0 0
1933 0.839634941329857 0 0
1934 0.840069534984789 0 0
1935 0.840504128639722 0 0
1936 0.840938722294654 0 0
1937 0.841373315949587 0 0
1938 0.84180790960452 0 0
1939 0.842242503259452 0 0
1940 0.842677096914385 0 0
1941 0.843111690569318 0 0
1942 0.84354628422425 0 0
1943 0.843980877879183 0 0
1944 0.844415471534116 0 0
1945 0.844850065189048 0 0
1946 0.845284658843981 0 0
1947 0.845719252498913 0 0
1948 0.846153846153846 0 0
1949 0.846588439808779 0 0
1950 0.847023033463711 0 0
1951 0.847457627118644 0 0
1952 0.847892220773577 0 0
1953 0.848326814428509 0 0
1954 0.848761408083442 0 0
1955 0.849196001738375 0 0
1956 0.849630595393307 0 0
1957 0.85006518904824 0 0
1958 0.850499782703173 0 0
1959 0.850934376358105 0 0
1960 0.851368970013038 0 0
1961 0.85180356366797 0 0
1962 0.852238157322903 0 0
1963 0.852672750977836 0 0
1964 0.853107344632768 0 0
1965 0.853541938287701 0 0
1966 0.853976531942634 0 0
1967 0.854411125597566 0 0
1968 0.854845719252499 0 0
1969 0.855280312907432 0 0
1970 0.855714906562364 0 0
1971 0.856149500217297 0 0
1972 0.856584093872229 0 0
1973 0.857018687527162 0 0
1974 0.857453281182095 0 0
1975 0.857887874837027 0 0
1976 0.85832246849196 0 0
1977 0.858757062146893 0 0
1978 0.859191655801825 0 0
1979 0.859626249456758 0 0
1980 0.860060843111691 0 0
1981 0.860495436766623 0 0
1982 0.860930030421556 0 0
1983 0.861364624076488 0 0
1984 0.861799217731421 0 0
1985 0.862233811386354 0 0
1986 0.862668405041286 0 0
1987 0.863102998696219 0 0
1988 0.863537592351152 0 0
1989 0.863972186006084 0 0
1990 0.864406779661017 0 0
1991 0.86484137331595 0 0
1992 0.865275966970882 0 0
1993 0.865710560625815 0 0
1994 0.866145154280747 0 0
1995 0.86657974793568 0 0
1996 0.867014341590613 0 0
1997 0.867448935245545 0 0
1998 0.867883528900478 0 0
1999 0.868318122555411 0 0
2000 0.868752716210343 0 0
2001 0.869187309865276 0 0
2002 0.869621903520209 0 0
2003 0.870056497175141 0 0
2004 0.870491090830074 0 0
2005 0.870925684485007 0 0
2006 0.871360278139939 0 0
2007 0.871794871794872 0 0
2008 0.872229465449804 0 0
2009 0.872664059104737 0 0
2010 0.87309865275967 0 0
2011 0.873533246414602 0 0
2012 0.873967840069535 0 0
2013 0.874402433724468 0 0
2014 0.8748370273794 0 0
2015 0.875271621034333 0 0
2016 0.875706214689265 0 0
2017 0.876140808344198 0 0
2018 0.876575401999131 0 0
2019 0.877009995654063 0 0
2020 0.877444589308996 0 0
2021 0.877879182963929 0 0
2022 0.878313776618861 0 0
2023 0.878748370273794 0 0
2024 0.879182963928727 0 0
2025 0.879617557583659 0 0
2026 0.880052151238592 0 0
2027 0.880486744893525 0 0
2028 0.880921338548457 0 0
2029 0.88135593220339 0 0
2030 0.881790525858322 0 0
2031 0.882225119513255 0 0
2032 0.882659713168188 0 0
2033 0.88309430682312 0 0
2034 0.883528900478053 0 0
2035 0.883963494132986 0 0
2036 0.884398087787918 0 0
2037 0.884832681442851 0 0
2038 0.885267275097784 0 0
2039 0.885701868752716 0 0
2040 0.886136462407649 0 0
2041 0.886571056062581 0 0
2042 0.887005649717514 0 0
2043 0.887440243372447 0 0
2044 0.887874837027379 0 0
2045 0.888309430682312 0 0
2046 0.888744024337245 0 0
2047 0.889178617992177 0 0
2048 0.88961321164711 0 0
2049 0.890047805302043 0 0
2050 0.890482398956975 0 0
2051 0.890916992611908 0 0
2052 0.89135158626684 0 0
2053 0.891786179921773 0 0
2054 0.892220773576706 0 0
2055 0.892655367231638 0 0
2056 0.893089960886571 0 0
2057 0.893524554541504 0 0
2058 0.893959148196436 0 0
2059 0.894393741851369 0 0
2060 0.894828335506302 0 0
2061 0.895262929161234 0 0
2062 0.895697522816167 0 0
2063 0.896132116471099 0 0
2064 0.896566710126032 0 0
2065 0.897001303780965 0 0
2066 0.897435897435897 0 0
2067 0.89787049109083 0 0
2068 0.898305084745763 0 0
2069 0.898739678400695 0 0
2070 0.899174272055628 0 0
2071 0.899608865710561 0 0
2072 0.900043459365493 0 0
2073 0.900478053020426 0 0
2074 0.900912646675359 0 0
2075 0.901347240330291 0 0
2076 0.901781833985224 0 0
2077 0.902216427640156 0 0
2078 0.902651021295089 0 0
2079 0.903085614950022 0 0
2080 0.903520208604954 0 0
2081 0.903954802259887 0 0
2082 0.90438939591482 0 0
2083 0.904823989569752 0 0
2084 0.905258583224685 0 0
2085 0.905693176879617 0 0
2086 0.90612777053455 0 0
2087 0.906562364189483 0 0
2088 0.906996957844415 0 0
2089 0.907431551499348 0 0
2090 0.907866145154281 0 0
2091 0.908300738809213 0 0
2092 0.908735332464146 0 0
2093 0.909169926119079 0 0
2094 0.909604519774011 0 0
2095 0.910039113428944 0 0
2096 0.910473707083877 0 0
2097 0.910908300738809 0 0
2098 0.911342894393742 0 0
2099 0.911777488048674 0 0
2100 0.912212081703607 0 0
2101 0.91264667535854 0 0
2102 0.913081269013472 0 0
2103 0.913515862668405 0 0
2104 0.913950456323338 0 0
2105 0.91438504997827 0 0
2106 0.914819643633203 0 0
2107 0.915254237288136 0 0
2108 0.915688830943068 0 0
2109 0.916123424598001 0 0
2110 0.916558018252933 0 0
2111 0.916992611907866 0 0
2112 0.917427205562799 0 0
2113 0.917861799217731 0 0
2114 0.918296392872664 0 0
2115 0.918730986527597 0 0
2116 0.919165580182529 0 0
2117 0.919600173837462 0 0
2118 0.920034767492395 0 0
2119 0.920469361147327 0 0
2120 0.92090395480226 0 0
2121 0.921338548457192 0 0
2122 0.921773142112125 0 0
2123 0.922207735767058 0 0
2124 0.92264232942199 0 0
2125 0.923076923076923 0 0
2126 0.923511516731856 0 0
2127 0.923946110386788 0 0
2128 0.924380704041721 0 0
2129 0.924815297696654 0 0
2130 0.925249891351586 0 0
2131 0.925684485006519 0 0
2132 0.926119078661451 0 0
2133 0.926553672316384 0 0
2134 0.926988265971317 0 0
2135 0.927422859626249 0 0
2136 0.927857453281182 0 0
2137 0.928292046936115 0 0
2138 0.928726640591047 0 0
2139 0.92916123424598 0 0
2140 0.929595827900913 0 0
2141 0.930030421555845 0 0
2142 0.930465015210778 0 0
2143 0.930899608865711 0 0
2144 0.931334202520643 0 0
2145 0.931768796175576 0 0
2146 0.932203389830508 0 0
2147 0.932637983485441 0 0
2148 0.933072577140374 0 0
2149 0.933507170795306 0 0
2150 0.933941764450239 0 0
2151 0.934376358105172 0 0
2152 0.934810951760104 0 0
2153 0.935245545415037 0 0
2154 0.935680139069969 0 0
2155 0.936114732724902 0 0
2156 0.936549326379835 0 0
2157 0.936983920034767 0 0
2158 0.9374185136897 0 0
2159 0.937853107344633 0 0
2160 0.938287700999565 0 0
2161 0.938722294654498 0 0
2162 0.939156888309431 0 0
2163 0.939591481964363 0 0
2164 0.940026075619296 0 0
2165 0.940460669274229 0 0
2166 0.940895262929161 0 0
2167 0.941329856584094 0 0
2168 0.941764450239026 0 0
2169 0.942199043893959 0 0
2170 0.942633637548892 0 0
2171 0.943068231203824 0 0
2172 0.943502824858757 0 0
2173 0.94393741851369 0 0
2174 0.944372012168622 0 0
2175 0.944806605823555 0 0
2176 0.945241199478488 0 0
2177 0.94567579313342 0 0
2178 0.946110386788353 0 0
2179 0.946544980443285 0 0
2180 0.946979574098218 0 0
2181 0.947414167753151 0 0
2182 0.947848761408083 0 0
2183 0.948283355063016 0 0
2184 0.948717948717949 0 0
2185 0.949152542372881 0 0
2186 0.949587136027814 0 0
2187 0.950021729682747 0 0
2188 0.950456323337679 0 0
2189 0.950890916992612 0 0
2190 0.951325510647544 0 0
2191 0.951760104302477 0 0
2192 0.95219469795741 0 0
2193 0.952629291612342 0 0
2194 0.953063885267275 0 0
2195 0.953498478922208 0 0
2196 0.95393307257714 0 0
2197 0.954367666232073 0 0
2198 0.954802259887006 0 0
2199 0.955236853541938 0 0
2200 0.955671447196871 0 0
2201 0.956106040851804 0 0
2202 0.956540634506736 0 0
2203 0.956975228161669 0 0
2204 0.957409821816601 0 0
2205 0.957844415471534 0 0
2206 0.958279009126467 0 0
2207 0.958713602781399 0 0
2208 0.959148196436332 0 0
2209 0.959582790091265 0 0
2210 0.960017383746197 0 0
2211 0.96045197740113 0 0
2212 0.960886571056063 0 0
2213 0.961321164710995 0 0
2214 0.961755758365928 0 0
2215 0.96219035202086 0 0
2216 0.962624945675793 0 0
2217 0.963059539330726 0 0
2218 0.963494132985658 0 0
2219 0.963928726640591 0 0
2220 0.964363320295524 0 0
2221 0.964797913950456 0 0
2222 0.965232507605389 0 0
2223 0.965667101260322 0 0
2224 0.966101694915254 0 0
2225 0.966536288570187 0 0
2226 0.966970882225119 0 0
2227 0.967405475880052 0 0
2228 0.967840069534985 0 0
2229 0.968274663189917 0 0
2230 0.96870925684485 0 0
2231 0.969143850499783 0 0
2232 0.969578444154715 0 0
2233 0.970013037809648 0 0
2234 0.970447631464581 0 0
2235 0.970882225119513 0 0
2236 0.971316818774446 0 0
2237 0.971751412429378 0 0
2238 0.972186006084311 0 0
2239 0.972620599739244 0 0
2240 0.973055193394176 0 0
2241 0.973489787049109 0 0
2242 0.973924380704042 0 0
2243 0.974358974358974 0 0
2244 0.974793568013907 0 0
2245 0.97522816166884 0 0
2246 0.975662755323772 0 0
2247 0.976097348978705 0 0
2248 0.976531942633638 0 0
2249 0.97696653628857 0 0
2250 0.977401129943503 0 0
2251 0.977835723598435 0 0
2252 0.978270317253368 0 0
2253 0.978704910908301 0 0
2254 0.979139504563233 0 0
2255 0.979574098218166 0 0
2256 0.980008691873099 0 0
2257 0.980443285528031 0 0
2258 0.980877879182964 0 0
2259 0.981312472837896 0 0
2260 0.981747066492829 0 0
2261 0.982181660147762 0 0
2262 0.982616253802694 0 0
2263 0.983050847457627 0 0
2264 0.98348544111256 0 0
2265 0.983920034767492 0 0
2266 0.984354628422425 0 0
2267 0.984789222077358 0 0
2268 0.98522381573229 0 0
2269 0.985658409387223 0 0
2270 0.986093003042156 0 0
2271 0.986527596697088 0 0
2272 0.986962190352021 0 0
2273 0.987396784006953 0 0
2274 0.987831377661886 0 0
2275 0.988265971316819 0 0
2276 0.988700564971751 0 0
2277 0.989135158626684 0 0
2278 0.989569752281617 0 0
2279 0.990004345936549 0 0
2280 0.990438939591482 0 0
2281 0.990873533246415 0 0
2282 0.991308126901347 0 0
2283 0.99174272055628 0 0
2284 0.992177314211212 0 0
2285 0.992611907866145 0 0
2286 0.993046501521078 0 0
2287 0.99348109517601 0 0
2288 0.993915688830943 0 0
2289 0.994350282485876 0 0
2290 0.994784876140808 0 0
2291 0.995219469795741 0 0
2292 0.995654063450674 0 0
2293 0.996088657105606 0 0
2294 0.996523250760539 0 0
2295 0.996957844415471 0 0
2296 0.997392438070404 0 0
2297 0.997827031725337 0 0
2298 0.998261625380269 0 0
2299 0.998696219035202 0 0
2300 0.999130812690135 0 0
2301 0.999565406345067 0 0
2302 1 0 0
