1 0 0 0
2 0.000325945241199478 0 0
3 0.000651890482398957 0 0
4 0.000977835723598436 0 0
5 0.00130378096479791 0 0
6 0.00162972620599739 0 0
7 0.00195567144719687 0 0
8 0.00228161668839635 0 0
9 0.00260756192959583 0 0
10 0.00293350717079531 0 0
11 0.00325945241199478 0 0
12 0.00358539765319426 0 0
13 0.00391134289439374 0 0
14 0.00423728813559322 0 0
15 0.0045632333767927 0 0
16 0.00488917861799218 0 0
17 0.00521512385919166 0 0
18 0.00554106910039113 0 0
19 0.00586701434159061 0 0
20 0.00619295958279009 0 0
21 0.00651890482398957 0 0
22 0.00684485006518905 0 0
23 0.00717079530638853 0 0
24 0.007496740547588 0 0
25 0.00782268578878748 0 0
26 0.00814863102998696 0 0
27 0.00847457627118644 0 0
28 0.00880052151238592 0 0
29 0.0091264667535854 0 0
30 0.00945241199478488 0 0
31 0.00977835723598435 0 0
32 0.0101043024771838 0 0
33 0.0104302477183833 0 0
34 0.0107561929595828 0 0
35 0.0110821382007823 0 0
36 0.0114080834419817 0 0
37 0.0117340286831812 0 0
38 0.0120599739243807 0 0
39 0.0123859191655802 0 0
40 0.0127118644067797 0 0
41 0.0130378096479791 0 0
42 0.0133637548891786 0 0
43 0.0136897001303781 0 0
44 0.0140156453715776 0 0
45 0.014341590612777 0 0
46 0.0146675358539765 0 0
47 0.014993481095176 0 0
48 0.0153194263363755 0 0
49 0.015645371577575 0 0
50 0.0159713168187744 0 0
51 0.0162972620599739 0 0
52 0.0166232073011734 0 0
53 0.0169491525423729 0 0
54 0.0172750977835724 0 0
55 0.0176010430247718 0 0
56 0.0179269882659713 0 0
57 0.0182529335071708 0 0
58 0.0185788787483703 0 0
59 0.0189048239895698 0 0
60 0.0192307692307692 0 0
61 0.0195567144719687 0 0
62 0.0198826597131682 0 0
63 0.0202086049543677 0 0
64 0.0205345501955671 0 0
65 0.0208604954367666 0 0
66 0.0211864406779661 0 0
67 0.0215123859191656 0 0
68 0.0218383311603651 0 0
69 0.0221642764015645 0 0
70 0.022490221642764 0 0
71 0.0228161668839635 0 0
72 0.023142112125163 0 0
73 0.0234680573663625 0 0
74 0.0237940026075619 0 0
75 0.0241199478487614 0 0
76 0.0244458930899609 0 0
77 0.0247718383311604 0 0
78 0.0250977835723598 0 0
79 0.0254237288135593 0 0
80 0.0257496740547588 0 0
81 0.0260756192959583 0 0
82 0.0264015645371578 0 0
83 0.0267275097783572 0 0
84 0.0270534550195567 0 0
85 0.0273794002607562 0 0
86 0.0277053455019557 0 0
87 0.0280312907431551 0 0
88 0.0283572359843546 0 0
89 0.0286831812255541 0 0
90 0.0290091264667536 0 0
91 0.0293350717079531 0 0
92 0.0296610169491525 0 0
93 0.029986962190352 0 0
94 0.0303129074315515 0 0
95 0.030638852672751 0 0
96 0.0309647979139504 0 0
97 0.0312907431551499 0 0
98 0.0316166883963494 0 0
99 0.0319426336375489 0 0
100 0.0322685788787484 0 0
101 0.0325945241199478 0 0
102 0.0329204693611473 0 0
103 0.0332464146023468 0 0
104 0.0335723598435463 0 0
105 0.0338983050847458 0 0
106 0.0342242503259452 0 0
107 0.0345501955671447 0 0
108 0.0348761408083442 0 0
109 0.0352020860495437 0 0
110 0.0355280312907432 0 0
111 0.0358539765319426 0 0
112 0.0361799217731421 0 0
113 0.0365058670143416 0 0
114 0.0368318122555411 0 0
115 0.0371577574967405 0 0
116 0.03748370273794 0 0
117 0.0378096479791395 0 0
118 0.038135593220339 0 0
119 0.0384615384615385 0 0
120 0.0387874837027379 0 0
121 0.0391134289439374 0 0
122 0.0394393741851369 0 0
123 0.0397653194263364 0 0
124 0.0400912646675358 0 0
125 0.0404172099087353 0 0
126 0.0407431551499348 0 0
127 0.0410691003911343 0 0
128 0.0413950456323338 0 0
129 0.0417209908735333 0 0
130 0.0420469361147327 0 0
131 0.0423728813559322 0 0
132 0.0426988265971317 0 0
133 0.0430247718383312 0 0
134 0.0433507170795306 0 0
135 0.0436766623207301 0 0
136 0.0440026075619296 0 0
137 0.0443285528031291 0 0
138 0.0446544980443285 0 0
139 0.044980443285528 0 0
140 0.0453063885267275 0 0
141 0.045632333767927 0 0
142 0.0459582790091265 0 0
143 0.046284224250326 0 0
144 0.0466101694915254 0 0
145 0.0469361147327249 0 0
146 0.0472620599739244 0 0
147 0.0475880052151239 0 0
148 0.0479139504563233 0 0
149 0.0482398956975228 0 0
150 0.0485658409387223 0 0
151 0.0488917861799218 0 0
152 0.0492177314211212 0 0
153 0.0495436766623207 0 0
154 0.0498696219035202 0 0
155 0.0501955671447197 0 0
156 0.0505215123859192 0 0
157 0.0508474576271186 0 0
158 0.0511734028683181 0 0
159 0.0514993481095176 0 0
160 0.0518252933507171 0 0
161 0.0521512385919166 0 0
162 0.052477183833116 0 0
163 0.0528031290743155 0 0
164 0.053129074315515 0 0
165 0.0534550195567145 0 0
166 0.053780964797914 0 0
167 0.0541069100391134 0 0
168 0.0544328552803129 0 0
169 0.0547588005215124 0 0
170 0.0550847457627119 0 0
171 0.0554106910039113 0 0
172 0.0557366362451108 0 0
173 0.0560625814863103 0 0
174 0.0563885267275098 0 0
175 0.0567144719687092 0 0
176 0.0570404172099087 0 0
177 0.0573663624511082 0 0
178 0.0576923076923077 0 0
179 0.0580182529335072 0 0
180 0.0583441981747066 0 0
181 0.0586701434159061 0 0
182 0.0589960886571056 0 0
183 0.0593220338983051 0 0
184 0.0596479791395046 0 0
185 0.059973924380704 0 0
186 0.0602998696219035 0 0
187 0.060625814863103 0 0
188 0.0609517601043025 0 0
189 0.061277705345502 0 0
190 0.0616036505867014 0 0
191 0.0619295958279009 0 0
192 0.0622555410691004 0 0
193 0.0625814863102999 0 0
194 0.0629074315514993 0 0
195 0.0632333767926988 0 0
196 0.0635593220338983 0 0
197 0.0638852672750978 0 0
198 0.0642112125162973 0 0
199 0.0645371577574967 0 0
200 0.0648631029986962 0 0
201 0.0651890482398957 0 0
202 0.0655149934810952 0 0
203 0.0658409387222947 0 0
204 0.0661668839634941 0 0
205 0.0664928292046936 0 0
206 0.0668187744458931 0 0
207 0.0671447196870926 0 0
208 0.067470664928292 0 0
209 0.0677966101694915 0 0
210 0.068122555410691 0 0
211 0.0684485006518905 0 0
212 0.06877444589309 0 0
213 0.0691003911342894 0 0
214 0.0694263363754889 0 0
215 0.0697522816166884 0 0
216 0.0700782268578879 0 0
217 0.0704041720990874 0 0
218 0.0707301173402868 0 0
219 0.0710560625814863 0 0
220 0.0713820078226858 0 0
221 0.0717079530638853 0 0
222 0.0720338983050847 0 0
223 0.0723598435462842 0 0
224 0.0726857887874837 0 0
225 0.0730117340286832 0 0
226 0.0733376792698826 0 0
227 0.0736636245110821 0 0
228 0.0739895697522816 0 0
229 0.0743155149934811 0 0
230 0.0746414602346806 0 0
231 0.07496740547588 0 0
232 0.0752933507170795 0 0
233 0.075619295958279 0 0
234 0.0759452411994785 0 0
235 0.076271186440678 0 0
236 0.0765971316818775 0 0
237 0.0769230769230769 0 0
238 0.0772490221642764 0 0
239 0.0775749674054759 0 0
240 0.0779009126466753 0 0
241 0.0782268578878748 0 0
242 0.0785528031290743 0 0
243 0.0788787483702738 0 0
244 0.0792046936114733 0 0
245 0.0795306388526728 0 0
246 0.0798565840938722 0 0
247 0.0801825293350717 0 0
248 0.0805084745762712 0 0
249 0.0808344198174707 0 0
250 0.0811603650586701 0 0
251 0.0814863102998696 0 0
252 0.0818122555410691 0 0
253 0.0821382007822686 0 0
254 0.082464146023468 0 0
255 0.0827900912646675 0 0
256 0.083116036505867 0 0
257 0.0834419817470665 0 0
258 0.083767926988266 0 0
259 0.0840938722294654 0 0
260 0.0844198174706649 0 0
261 0.0847457627118644 0 0
262 0.0850717079530639 0 0
263 0.0853976531942633 0 0
264 0.0857235984354628 0 0
265 0.0860495436766623 0 0
266 0.0863754889178618 0 0
267 0.0867014341590613 0 0
268 0.0870273794002607 0 0
269 0.0873533246414602 0 0
270 0.0876792698826597 0 0
271 0.0880052151238592 0 0
272 0.0883311603650586 0 0
273 0.0886571056062581 0 0
274 0.0889830508474576 0 0
275 0.0893089960886571 0 0
276 0.0896349413298566 0 0
277 0.0899608865710561 0 0
278 0.0902868318122555 0 0
279 0.090612777053455 0 0
280 0.0909387222946545 0 0
281 0.091264667535854 0 0
282 0.0915906127770535 0 0
283 0.0919165580182529 0 0
284 0.0922425032594524 0 0
285 0.0925684485006519 0 0
286 0.0928943937418514 0 0
287 0.0932203389830508 0 0
288 0.0935462842242503 0 0
289 0.0938722294654498 0 0
290 0.0941981747066493 0 0
291 0.0945241199478488 0 0
292 0.0948500651890482 0 0
293 0.0951760104302477 0 0
294 0.0955019556714472 0 0
295 0.0958279009126467 0 0
296 0.0961538461538461 0 0
297 0.0964797913950456 0 0
298 0.0968057366362451 0 0
299 0.0971316818774446 0 0
300 0.0974576271186441 0 0
301 0.0977835723598435 0 0
302 0.098109517601043 0 0
303 0.0984354628422425 0 0
304 0.098761408083442 0 0
305 0.0990873533246415 0 0
306 0.0994132985658409 0 0
307 0.0997392438070404 0 0
308 0.10006518904824 0 0
309 0.100391134289439 0 0
310 0.100717079530639 0 0
311 0.101043024771838 0 0
312 0.101368970013038 0 0
313 0.101694915254237 0 0
314 0.102020860495437 0 0
315 0.102346805736636 0 0
316 0.102672750977836 0 0
317 0.102998696219035 0 0
318 0.103324641460235 0 0
319 0.103650586701434 0 0
320 0.103976531942634 0 0
321 0.104302477183833 0 0
322 0.104628422425033 0 0
323 0.104954367666232 0 0
324 0.105280312907432 0 0
325 0.105606258148631 0 0
326 0.105932203389831 0 0
327 0.10625814863103 0 0
328 0.106584093872229 0 0
329 0.106910039113429 0 0
330 0.107235984354628 0 0
331 0.107561929595828 0 0
332 0.107887874837027 0 0
333 0.108213820078227 0 0
334 0.108539765319426 0 0
335 0.108865710560626 0 0
336 0.109191655801825 0 0
337 0.109517601043025 0 0
338 0.109843546284224 0 0
339 0.110169491525424 0 0
340 0.110495436766623 0 0
341 0.110821382007823 0 0
342 0.111147327249022 0 0
343 0.111473272490222 0 0
344 0.111799217731421 0 0
345 0.112125162972621 0 0
346 0.11245110821382 0 0
347 0.112777053455019 0 0
348 0.113102998696219 0 0
349 0.113428943937418 0 0
350 0.113754889178618 0 0
351 0.114080834419818 0 0
352 0.114406779661017 0 0
353 0.114732724902216 0 0
354 0.115058670143416 0 0
355 0.115384615384615 0 0
356 0.115710560625815 0 0
357 0.116036505867014 0 0
358 0.116362451108214 0 0
359 0.116688396349413 0 0
360 0.117014341590613 0 0
361 0.117340286831812 0 0
362 0.117666232073012 0 0
363 0.117992177314211 0 0
364 0.118318122555411 0 0
365 0.11864406779661 0 0
366 0.11897001303781 0 0
367 0.119295958279009 0 0
368 0.119621903520209 0 0
369 0.119947848761408 0 0
370 0.120273794002608 0 0
371 0.120599739243807 0 0
372 0.120925684485006 0 0
373 0.121251629726206 0 0
374 0.121577574967405 0 0
375 0.121903520208605 0 0
376 0.122229465449804 0 0
377 0.122555410691004 0 0
378 0.122881355932203 0 0
379 0.123207301173403 0 0
380 0.123533246414602 0 0
381 0.123859191655802 0 0
382 0.124185136897001 0 0
383 0.124511082138201 0 0
384 0.1248370273794 0 0
385 0.1251629726206 0 0
386 0.125488917861799 0 0
387 0.125814863102999 0 0
388 0.126140808344198 0 0
389 0.126466753585398 0 0
390 0.126792698826597 0 0
391 0.127118644067797 0 0
392 0.127444589308996 0 0
393 0.127770534550196 0 0
394 0.128096479791395 0 0
395 0.128422425032594 0 0
396 0.128748370273794 0 0
397 0.129074315514993 0 0
398 0.129400260756193 0 0
399 0.129726205997392 0 0
400 0.130052151238592 0 0
401 0.130378096479791 0 0
402 0.130704041720991 0 0
403 0.13102998696219 0 0
404 0.13135593220339 0 0
405 0.131681877444589 0 0
406 0.132007822685789 0 0
407 0.132333767926988 0 0
408 0.132659713168188 0 0
409 0.132985658409387 0 0
410 0.133311603650587 0 0
411 0.133637548891786 0 0
412 0.133963494132986 0 0
413 0.134289439374185 0 0
414 0.134615384615385 0 0
415 0.134941329856584 0 0
416 0.135267275097784 0 0
417 0.135593220338983 0 0
418 0.135919165580182 0 0
419 0.136245110821382 0 0
420 0.136571056062581 0 0
421 0.136897001303781 0 0
422 0.13722294654498 0 0
423 0.13754889178618 0 0
424 0.137874837027379 0 0
425 0.138200782268579 0 0
426 0.138526727509778 0 0
427 0.138852672750978 0 0
428 0.139178617992177 0 0
429 0.139504563233377 0 0
430 0.139830508474576 0 0
431 0.140156453715776 0 0
432 0.140482398956975 0 0
433 0.140808344198175 0 0
434 0.141134289439374 0 0
435 0.141460234680574 0 0
436 0.141786179921773 0 0
437 0.142112125162973 0 0
438 0.142438070404172 0 0
439 0.142764015645372 0 0
440 0.143089960886571 0 0
441 0.14341590612777 0 0
442 0.14374185136897 0 0
443 0.144067796610169 0 0
444 0.144393741851369 0 0
445 0.144719687092568 0 0
446 0.145045632333768 0 0
447 0.145371577574967 0 0
448 0.145697522816167 0 0
449 0.146023468057366 0 0
450 0.146349413298566 0 0
451 0.146675358539765 0 0
452 0.147001303780965 0 0
453 0.147327249022164 0 0
454 0.147653194263364 0 0
455 0.147979139504563 0 0
456 0.148305084745763 0 0
457 0.148631029986962 0 0
458 0.148956975228162 0 0
459 0.149282920469361 0 0
460 0.149608865710561 0 0
461 0.14993481095176 0 0
462 0.15026075619296 0 0
463 0.150586701434159 0 0
464 0.150912646675359 0 0
465 0.151238591916558 0 0
466 0.151564537157758 0 0
467 0.151890482398957 0 0
468 0.152216427640156 0 0
469 0.152542372881356 0 0
470 0.152868318122555 0 0
471 0.153194263363755 0 0
472 0.153520208604954 0 0
473 0.153846153846154 0 0
474 0.154172099087353 0 0
475 0.154498044328553 0 0
476 0.154823989569752 0 0
477 0.155149934810952 0 0
478 0.155475880052151 0 0
479 0.155801825293351 0 0
480 0.15612777053455 0 0
481 0.15645371577575 0 0
482 0.156779661016949 0 0
483 0.157105606258149 0 0
484 0.157431551499348 0 0
485 0.157757496740548 0 0
486 0.158083441981747 0 0
487 0.158409387222947 0 0
488 0.158735332464146 0 0
489 0.159061277705346 0 0
490 0.159387222946545 0 0
491 0.159713168187744 0 0
492 0.160039113428944 0 0
493 0.160365058670143 0 0
494 0.160691003911343 0 0
495 0.161016949152542 0 0
496 0.161342894393742 0 0
497 0.161668839634941 0 0
498 0.161994784876141 0 0
499 0.16232073011734 0 0
500 0.16264667535854 0 0
501 0.162972620599739 0 0
502 0.163298565840939 0 0
503 0.163624511082138 0 0
504 0.163950456323338 0 0
505 0.164276401564537 0 0
506 0.164602346805737 0 0
507 0.164928292046936 0 0
508 0.165254237288136 0 0
509 0.165580182529335 0 0
510 0.165906127770535 0 0
511 0.166232073011734 0 0
512 0.166558018252934 0 0
513 0.166883963494133 0 0
514 0.167209908735333 0 0
515 0.167535853976532 0 0
516 0.167861799217731 0 0
517 0.168187744458931 0 0
518 0.16851368970013 0 0
519 0.16883963494133 0 0
520 0.169165580182529 0 0
521 0.169491525423729 0 0
522 0.169817470664928 0 0
523 0.170143415906128 0 0
524 0.170469361147327 0 0
525 0.170795306388527 0 0
526 0.171121251629726 0 0
527 0.171447196870926 0 0
528 0.171773142112125 0 0
529 0.172099087353325 0 0
530 0.172425032594524 0 0
531 0.172750977835724 0 0
532 0.173076923076923 0 0
533 0.173402868318122 0 0
534 0.173728813559322 0 0
535 0.174054758800521 0 0
536 0.174380704041721 0 0
537 0.174706649282921 0 0
538 0.17503259452412 0 0
539 0.175358539765319 0 0
540 0.175684485006519 0 0
541 0.176010430247718 0 0
542 0.176336375488918 0 0
543 0.176662320730117 0 0
544 0.176988265971317 0 0
545 0.177314211212516 0 0
546 0.177640156453716 0 0
547 0.177966101694915 0 0
548 0.178292046936115 0 0
549 0.178617992177314 0 0
550 0.178943937418514 0 0
551 0.179269882659713 0 0
552 0.179595827900913 0 0
553 0.179921773142112 0 0
554 0.180247718383312 0 0
555 0.180573663624511 0 0
556 0.180899608865711 0 0
557 0.18122555410691 0 0
558 0.181551499348109 0 0
559 0.181877444589309 0 0
560 0.182203389830508 0 0
561 0.182529335071708 0 0
562 0.182855280312907 0 0
563 0.183181225554107 0 0
564 0.183507170795306 0 0
565 0.183833116036506 0 0
566 0.184159061277705 0 0
567 0.184485006518905 0 0
568 0.184810951760104 0 0
569 0.185136897001304 0 0
570 0.185462842242503 0 0
571 0.185788787483703 0 0
572 0.186114732724902 0 0
573 0.186440677966102 0 0
574 0.186766623207301 0 0
575 0.187092568448501 0 0
576 0.1874185136897 0 0
577 0.1877444589309 0 0
578 0.188070404172099 0 0
579 0.188396349413299 0 0
580 0.188722294654498 0 0
581 0.189048239895697 0 0
582 0.189374185136897 0 0
583 0.189700130378096 0 0
584 0.190026075619296 0 0
585 0.190352020860495 0 0
586 0.190677966101695 0 0
587 0.191003911342894 0 0
588 0.191329856584094 0 0
589 0.191655801825293 0 0
590 0.191981747066493 0 0
591 0.192307692307692 0 0
592 0.192633637548892 0 0
593 0.192959582790091 0 0
594 0.193285528031291 0 0
595 0.19361147327249 0 0
596 0.19393741851369 0 0
597 0.194263363754889 0 0
598 0.194589308996089 0 0
599 0.194915254237288 0 0
600 0.195241199478488 0 0
601 0.195567144719687 0 0
602 0.195893089960887 0 0
603 0.196219035202086 0 0
604 0.196544980443285 0 0
605 0.196870925684485 0 0
606 0.197196870925684 0 0
607 0.197522816166884 0 0
608 0.197848761408083 0 0
609 0.198174706649283 0 0
610 0.198500651890482 0 0
611 0.198826597131682 0 0
612 0.199152542372881 0 0
613 0.199478487614081 0 0
614 0.19980443285528 0 0
615 0.20013037809648 0 0
616 0.200456323337679 0 0
617 0.200782268578879 0 0
618 0.201108213820078 0 0
619 0.201434159061278 0 0
620 0.201760104302477 0 0
621 0.202086049543677 0 0
622 0.202411994784876 0 0
623 0.202737940026076 0 0
624 0.203063885267275 0 0
625 0.203389830508475 0 0
626 0.203715775749674 0 0
627 0.204041720990874 0 0
628 0.204367666232073 0 0
629 0.204693611473273 0 0
630 0.205019556714472 0 0
631 0.205345501955671 0 0
632 0.205671447196871 0 0
633 0.20599739243807 0 0
634 0.20632333767927 0 0
635 0.206649282920469 0 0
636 0.206975228161669 0 0
637 0.207301173402868 0 0
638 0.207627118644068 0 0
639 0.207953063885267 0 0
640 0.208279009126467 0 0
641 0.208604954367666 0 0
642 0.208930899608866 0 0
643 0.209256844850065 0 0
644 0.209582790091265 0 0
645 0.209908735332464 0 0
646 0.210234680573664 0 0
647 0.210560625814863 0 0
648 0.210886571056063 0 0
649 0.211212516297262 0 0
650 0.211538461538462 0 0
651 0.211864406779661 0 0
652 0.212190352020861 0 0
653 0.21251629726206 0 0
654 0.212842242503259 0 0
655 0.213168187744459 0 0
656 0.213494132985658 0 0
657 0.213820078226858 0 0
658 0.214146023468057 0 0
659 0.214471968709257 0 0
660 0.214797913950456 0 0
661 0.215123859191656 0 0
662 0.215449804432855 0 0
663 0.215775749674055 0 0
664 0.216101694915254 0 0
665 0.216427640156454 0 0
666 0.216753585397653 0 0
667 0.217079530638853 0 0
668 0.217405475880052 0 0
669 0.217731421121252 0 0
670 0.218057366362451 0 0
671 0.218383311603651 0 0
672 0.21870925684485 0 0
673 0.21903520208605 0 0
674 0.219361147327249 0 0
675 0.219687092568449 0 0
676 0.220013037809648 0 0
677 0.220338983050848 0 0
678 0.220664928292047 0 0
679 0.220990873533246 0 0
680 0.221316818774446 0 0
681 0.221642764015645 0 0
682 0.221968709256845 0 0
683 0.222294654498044 0 0
684 0.222620599739244 0 0
685 0.222946544980443 0 0
686 0.223272490221643 0 0
687 0.223598435462842 0 0
688 0.223924380704042 0 0
689 0.224250325945241 0 0
690 0.224576271186441 0 0
691 0.22490221642764 0 0
692 0.22522816166884 0 0
693 0.225554106910039 0 0
694 0.225880052151239 0 0
695 0.226205997392438 0 0
696 0.226531942633637 0 0
697 0.226857887874837 0 0
698 0.227183833116036 0 0
699 0.227509778357236 0 0
700 0.227835723598435 0 0
701 0.228161668839635 0 0
702 0.228487614080834 0 0
703 0.228813559322034 0 0
704 0.229139504563233 0 0
705 0.229465449804433 0 0
706 0.229791395045632 0 0
707 0.230117340286832 0 0
708 0.230443285528031 0 0
709 0.230769230769231 0 0
710 0.23109517601043 0 0
711 0.23142112125163 0 0
712 0.231747066492829 0 0
713 0.232073011734029 0 0
714 0.232398956975228 0 0
715 0.232724902216428 0 0
716 0.233050847457627 0 0
717 0.233376792698827 0 0
718 0.233702737940026 0 0
719 0.234028683181225 0 0
720 0.234354628422425 0 0
721 0.234680573663624 0 0
722 0.235006518904824 0 0
723 0.235332464146023 0 0
724 0.235658409387223 0 0
725 0.235984354628422 0 0
726 0.236310299869622 0 0
727 0.236636245110821 0 0
728 0.236962190352021 0 0
729 0.23728813559322 0 0
730 0.23761408083442 0 0
731 0.237940026075619 0 0
732 0.238265971316819 0 0
733 0.238591916558018 0 0
734 0.238917861799218 0 0
735 0.239243807040417 0 0
736 0.239569752281617 0 0
737 0.239895697522816 0 0
738 0.240221642764016 0 0
739 0.240547588005215 0 0
740 0.240873533246415 0 0
741 0.241199478487614 0 0
742 0.241525423728814 0 0
743 0.241851368970013 0 0
744 0.242177314211212 0 0
745 0.242503259452412 0 0
746 0.242829204693611 0 0
747 0.243155149934811 0 0
748 0.24348109517601 0 0
749 0.24380704041721 0 0
750 0.244132985658409 0 0
751 0.244458930899609 0 0
752 0.244784876140808 0 0
753 0.245110821382008 0 0
754 0.245436766623207 0 0
755 0.245762711864407 0 0
756 0.246088657105606 0 0
757 0.246414602346806 0 0
758 0.246740547588005 0 0
759 0.247066492829205 0 0
760 0.247392438070404 0 0
761 0.247718383311604 0 0
762 0.248044328552803 0 0
763 0.248370273794003 0 0
764 0.248696219035202 0 0
765 0.249022164276402 0 0
766 0.249348109517601 0 0
767 0.249674054758801 0 0
768 0.25 0 0
769 0.250325945241199 0 0
770 0.250651890482399 0 0
771 0.250977835723598 0 0
772 0.251303780964798 0 0
773 0.251629726205997 0 0
774 0.251955671447197 0 0
775 0.252281616688396 0 0
776 0.252607561929596 0 0
777 0.252933507170795 0 0
778 0.253259452411995 0 0
779 0.253585397653194 0 0
780 0.253911342894394 0 0
781 0.254237288135593 0 0
782 0.254563233376793 0 0
783 0.254889178617992 0 0
784 0.255215123859192 0 0
785 0.255541069100391 0 0
786 0.255867014341591 0 0
787 0.25619295958279 0 0
788 0.256518904823989 0 0
789 0.256844850065189 0 0
790 0.257170795306388 0 0
791 0.257496740547588 0 0
792 0.257822685788787 0 0
793 0.258148631029987 0 0
794 0.258474576271186 0 0
795 0.258800521512386 0 0
796 0.259126466753585 0 0
797 0.259452411994785 0 0
798 0.259778357235984 0 0
799 0.260104302477184 0 0
800 0.260430247718383 0 0
801 0.260756192959583 0 0
802 0.261082138200782 0 0
803 0.261408083441982 0 0
804 0.261734028683181 0 0
805 0.262059973924381 0 0
806 0.26238591916558 0 0
807 0.26271186440678 0 0
808 0.263037809647979 0 0
809 0.263363754889179 0 0
810 0.263689700130378 0 0
811 0.264015645371578 0 0
812 0.264341590612777 0 0
813 0.264667535853977 0 0
814 0.264993481095176 0 0
815 0.265319426336376 0 0
816 0.265645371577575 0 0
817 0.265971316818775 0 0
818 0.266297262059974 0 0
819 0.266623207301173 0 0
820 0.266949152542373 0 0
821 0.267275097783572 0 0
822 0.267601043024772 0 0
823 0.267926988265971 0 0
824 0.268252933507171 0 0
825 0.26857887874837 0 0
826 0.26890482398957 0 0
827 0.269230769230769 0 0
828 0.269556714471969 0 0
829 0.269882659713168 0 0
830 0.270208604954368 0 0
831 0.270534550195567 0 0
832 0.270860495436767 0 0
833 0.271186440677966 0 0
834 0.271512385919165 0 0
835 0.271838331160365 0 0
836 0.272164276401564 0 0
837 0.272490221642764 0 0
838 0.272816166883963 0 0
839 0.273142112125163 0 0
840 0.273468057366362 0 0
841 0.273794002607562 0 0
842 0.274119947848761 0 0
843 0.274445893089961 0 0
844 0.27477183833116 0 0
845 0.27509778357236 0 0
846 0.275423728813559 0 0
847 0.275749674054759 0 0
848 0.276075619295958 0 0
849 0.276401564537158 0 0
850 0.276727509778357 0 0
851 0.277053455019557 0 0
852 0.277379400260756 0 0
853 0.277705345501956 0 0
854 0.278031290743155 0 0
855 0.278357235984355 0 0
856 0.278683181225554 0 0
857 0.279009126466754 0 0
858 0.279335071707953 0 0
859 0.279661016949153 0 0
860 0.279986962190352 0 0
861 0.280312907431552 0 0
862 0.280638852672751 0 0
863 0.280964797913951 0 0
864 0.28129074315515 0 0
865 0.281616688396349 0 0
866 0.281942633637549 0 0
867 0.282268578878748 0 0
868 0.282594524119948 0 0
869 0.282920469361147 0 0
870 0.283246414602347 0 0
871 0.283572359843546 0 0
872 0.283898305084746 0 0
873 0.284224250325945 0 0
874 0.284550195567145 0 0
875 0.284876140808344 0 0
876 0.285202086049544 0 0
877 0.285528031290743 0 0
878 0.285853976531943 0 0
879 0.286179921773142 0 0
880 0.286505867014342 0 0
881 0.286831812255541 0 0
882 0.287157757496741 0 0
883 0.28748370273794 0 0
884 0.287809647979139 0 0
885 0.288135593220339 0 0
886 0.288461538461538 0 0
887 0.288787483702738 0 0
888 0.289113428943937 0 0
889 0.289439374185137 0 0
890 0.289765319426336 0 0
891 0.290091264667536 0 0
892 0.290417209908735 0 0
893 0.290743155149935 0 0
894 0.291069100391134 0 0
895 0.291395045632334 0 0
896 0.291720990873533 0 0
897 0.292046936114733 0 0
898 0.292372881355932 0 0
899 0.292698826597132 0 0
900 0.293024771838331 0 0
901 0.293350717079531 0 0
902 0.29367666232073 0 0
903 0.294002607561929 0 0
904 0.294328552803129 0 0
905 0.294654498044328 0 0
906 0.294980443285528 0 0
907 0.295306388526728 0 0
908 0.295632333767927 0 0
909 0.295958279009127 0 0
910 0.296284224250326 0 0
911 0.296610169491525 0 0
912 0.296936114732725 0 0
913 0.297262059973924 0 0
914 0.297588005215124 0 0
915 0.297913950456323 0 0
916 0.298239895697523 0 0
917 0.298565840938722 0 0
918 0.298891786179922 0 0
919 0.299217731421121 0 0
920 0.299543676662321 0 0
921 0.29986962190352 0 0
922 0.30019556714472 0 0
923 0.300521512385919 0 0
924 0.300847457627119 0 0
925 0.301173402868318 0 0
926 0.301499348109518 0 0
927 0.301825293350717 0 0
928 0.302151238591917 0 0
929 0.302477183833116 0 0
930 0.302803129074316 0 0
931 0.303129074315515 0 0
932 0.303455019556715 0 0
933 0.303780964797914 0 0
934 0.304106910039113 0 0
935 0.304432855280313 0 0
936 0.304758800521512 0 0
937 0.305084745762712 0 0
938 0.305410691003911 0 0
939 0.305736636245111 0 0
940 0.30606258148631 0 0
941 0.30638852672751 0 0
942 0.306714471968709 0 0
943 0.307040417209909 0 0
944 0.307366362451108 0 0
945 0.307692307692308 0 0
946 0.308018252933507 0 0
947 0.308344198174707 0 0
948 0.308670143415906 0 0
949 0.308996088657106 0 0
950 0.309322033898305 0 0
951 0.309647979139505 0 0
952 0.309973924380704 0 0
953 0.310299869621903 0 0
954 0.310625814863103 0 0
955 0.310951760104302 0 0
956 0.311277705345502 0 0
957 0.311603650586701 0 0
958 0.311929595827901 0 0
959 0.3122555410691 0 0
960 0.3125814863103 0 0
961 0.312907431551499 0 0
962 0.313233376792699 0 0
963 0.313559322033898 0 0
964 0.313885267275098 0 0
965 0.314211212516297 0 0
966 0.314537157757497 0 0
967 0.314863102998696 0 0
968 0.315189048239896 0 0
969 0.315514993481095 0 0
970 0.315840938722295 0 0
971 0.316166883963494 0 0
972 0.316492829204694 0 0
973 0.316818774445893 0 0
974 0.317144719687093 0 0
975 0.317470664928292 0 0
976 0.317796610169492 0 0
977 0.318122555410691 0 0
978 0.318448500651891 0 0
979 0.31877444589309 0 0
980 0.319100391134289 0 0
981 0.319426336375489 0 0
982 0.319752281616688 0 0
983 0.320078226857888 0 0
984 0.320404172099087 0 0
985 0.320730117340287 0 0
986 0.321056062581486 0 0
987 0.321382007822686 0 0
988 0.321707953063885 0 0
989 0.322033898305085 0 0
990 0.322359843546284 0 0
991 0.322685788787484 0 0
992 0.323011734028683 0 0
993 0.323337679269883 0 0
994 0.323663624511082 0 0
995 0.323989569752281 0 0
996 0.324315514993481 0 0
997 0.32464146023468 0 0
998 0.32496740547588 0 0
999 0.325293350717079 0 0
1000 0.325619295958279 0 0
1001 0.325945241199478 0 0
1002 0.326271186440678 0 0
1003 0.326597131681877 0 0
1004 0.326923076923077 0 0
1005 0.327249022164276 0 0
1006 0.327574967405476 0 0
1007 0.327900912646675 0 0
1008 0.328226857887875 0 0
1009 0.328552803129074 0 0
1010 0.328878748370274 0 0
1011 0.329204693611473 0 0
1012 0.329530638852673 0 0
1013 0.329856584093872 0 0
1014 0.330182529335072 0 0
1015 0.330508474576271 0 0
1016 0.330834419817471 0 0
1017 0.33116036505867 0 0
1018 0.33148631029987 0 0
1019 0.331812255541069 0 0
1020 0.332138200782269 0 0
1021 0.332464146023468 0 0
1022 0.332790091264668 0 0
1023 0.333116036505867 0 0
1024 0.333441981747067 0 0
1025 0.333767926988266 0 0
1026 0.334093872229466 0 0
1027 0.334419817470665 0 0
1028 0.334745762711865 0 0
1029 0.335071707953064 0 0
1030 0.335397653194263 0 0
1031 0.335723598435463 0 0
1032 0.336049543676662 0 0
1033 0.336375488917862 0 0
1034 0.336701434159061 0 0
1035 0.337027379400261 0 0
1036 0.33735332464146 0 0
1037 0.33767926988266 0 0
1038 0.338005215123859 0 0
1039 0.338331160365059 0 0
1040 0.338657105606258 0 0
1041 0.338983050847458 0 0
1042 0.339308996088657 0 0
1043 0.339634941329857 0 0
1044 0.339960886571056 0 0
1045 0.340286831812256 0 0
1046 0.340612777053455 0 0
1047 0.340938722294654 0 0
1048 0.341264667535854 0 0
1049 0.341590612777053 0 0
1050 0.341916558018253 0 0
1051 0.342242503259452 0 0
1052 0.342568448500652 0 0
1053 0.342894393741851 0 0
1054 0.343220338983051 0 0
1055 0.34354628422425 0 0
1056 0.34387222946545 0 0
1057 0.344198174706649 0 0
1058 0.344524119947849 0 0
1059 0.344850065189048 0 0
1060 0.345176010430248 0 0
1061 0.345501955671447 0 0
1062 0.345827900912647 0 0
1063 0.346153846153846 0 0
1064 0.346479791395046 0 0
1065 0.346805736636245 0 0
1066 0.347131681877445 0 0
1067 0.347457627118644 0 0
1068 0.347783572359844 0 0
1069 0.348109517601043 0 0
1070 0.348435462842243 0 0
1071 0.348761408083442 0 0
1072 0.349087353324641 0 0
1073 0.349413298565841 0 0
1074 0.34973924380704 0 0
1075 0.35006518904824 0 0
1076 0.350391134289439 0 0
1077 0.350717079530639 0 0
1078 0.351043024771838 0 0
1079 0.351368970013038 0 0
1080 0.351694915254237 0 0
1081 0.352020860495437 0 0
1082 0.352346805736636 0 0
1083 0.352672750977836 0 0
1084 0.352998696219035 0 0
1085 0.353324641460235 0 0
1086 0.353650586701434 0 0
1087 0.353976531942634 0 0
1088 0.354302477183833 0 0
1089 0.354628422425033 0 0
1090 0.354954367666232 0 0
1091 0.355280312907432 0 0
1092 0.355606258148631 0 0
1093 0.355932203389831 0 0
1094 0.35625814863103 0 0
1095 0.356584093872229 0 0
1096 0.356910039113429 0 0
1097 0.357235984354628 0 0
1098 0.357561929595828 0 0
1099 0.357887874837027 0 0
1100 0.358213820078227 0 0
1101 0.358539765319426 0 0
1102 0.358865710560626 0 0
1103 0.359191655801825 0 0
1104 0.359517601043025 0 0
1105 0.359843546284224 0 0
1106 0.360169491525424 0 0
1107 0.360495436766623 0 0
1108 0.360821382007823 0 0
1109 0.361147327249022 0 0
1110 0.361473272490222 0 0
1111 0.361799217731421 0 0
1112 0.362125162972621 0 0
1113 0.36245110821382 0 0
1114 0.362777053455019 0 0
1115 0.363102998696219 0 0
1116 0.363428943937418 0 0
1117 0.363754889178618 0 0
1118 0.364080834419817 0 0
1119 0.364406779661017 0 0
1120 0.364732724902216 0 0
1121 0.365058670143416 0 0
1122 0.365384615384615 0 0
1123 0.365710560625815 0 0
1124 0.366036505867014 0 0
1125 0.366362451108214 0 0
1126 0.366688396349413 0 0
1127 0.367014341590613 0 0
1128 0.367340286831812 0 0
1129 0.367666232073012 0 0
1130 0.367992177314211 0 0
1131 0.368318122555411 0 0
1132 0.36864406779661 0 0
1133 0.36897001303781 0 0
1134 0.369295958279009 0 0
1135 0.369621903520209 0 0
1136 0.369947848761408 0 0
1137 0.370273794002608 0 0
1138 0.370599739243807 0 0
1139 0.370925684485007 0 0
1140 0.371251629726206 0 0
1141 0.371577574967406 0 0
1142 0.371903520208605 0 0
1143 0.372229465449805 0 0
1144 0.372555410691004 0 0
1145 0.372881355932203 0 0
1146 0.373207301173403 0 0
1147 0.373533246414602 0 0
1148 0.373859191655802 0 0
1149 0.374185136897001 0 0
1150 0.374511082138201 0 0
1151 0.3748370273794 0 0
1152 0.3751629726206 0 0
1153 0.375488917861799 0 0
1154 0.375814863102999 0 0
1155 0.376140808344198 0 0
1156 0.376466753585398 0 0
1157 0.376792698826597 0 0
1158 0.377118644067797 0 0
1159 0.377444589308996 0 0
1160 0.377770534550196 0 0
1161 0.378096479791395 0 0
1162 0.378422425032594 0 0
1163 0.378748370273794 0 0
1164 0.379074315514993 0 0
1165 0.379400260756193 0 0
1166 0.379726205997392 0 0
1167 0.380052151238592 0 0
1168 0.380378096479791 0 0
1169 0.380704041720991 0 0
1170 0.38102998696219 0 0
1171 0.38135593220339 0 0
1172 0.381681877444589 0 0
1173 0.382007822685789 0 0
1174 0.382333767926988 0 0
1175 0.382659713168188 0 0
1176 0.382985658409387 0 0
1177 0.383311603650587 0 0
1178 0.383637548891786 0 0
1179 0.383963494132986 0 0
1180 0.384289439374185 0 0
1181 0.384615384615385 0 0
1182 0.384941329856584 0 0
1183 0.385267275097784 0 0
1184 0.385593220338983 0 0
1185 0.385919165580183 0 0
1186 0.386245110821382 0 0
1187 0.386571056062582 0 0
1188 0.386897001303781 0 0
1189 0.38722294654498 0 0
1190 0.38754889178618 0 0
1191 0.387874837027379 0 0
1192 0.388200782268579 0 0
1193 0.388526727509778 0 0
1194 0.388852672750978 0 0
1195 0.389178617992177 0 0
1196 0.389504563233377 0 0
1197 0.389830508474576 0 0
1198 0.390156453715776 0 0
1199 0.390482398956975 0 0
1200 0.390808344198175 0 0
1201 0.391134289439374 0 0
1202 0.391460234680574 0 0
1203 0.391786179921773 0 0
1204 0.392112125162973 0 0
1205 0.392438070404172 0 0
1206 0.392764015645372 0 0
1207 0.393089960886571 0 0
1208 0.39341590612777 0 0
1209 0.39374185136897 0 0
1210 0.394067796610169 0 0
1211 0.394393741851369 0 0
1212 0.394719687092568 0 0
1213 0.395045632333768 0 0
1214 0.395371577574967 0 0
1215 0.395697522816167 0 0
1216 0.396023468057366 0 0
1217 0.396349413298566 0 0
1218 0.396675358539765 0 0
1219 0.397001303780965 0 0
1220 0.397327249022164 0 0
1221 0.397653194263364 0 0
1222 0.397979139504563 0 0
1223 0.398305084745763 0 0
1224 0.398631029986962 0 0
1225 0.398956975228162 0 0
1226 0.399282920469361 0 0
1227 0.399608865710561 0 0
1228 0.39993481095176 0 0
1229 0.40026075619296 0 0
1230 0.400586701434159 0 0
1231 0.400912646675358 0 0
1232 0.401238591916558 0 0
1233 0.401564537157757 0 0
1234 0.401890482398957 0 0
1235 0.402216427640157 0 0
1236 0.402542372881356 0 0
1237 0.402868318122555 0 0
1238 0.403194263363755 0 0
1239 0.403520208604954 0 0
1240 0.403846153846154 0 0
1241 0.404172099087353 0 0
1242 0.404498044328553 0 0
1243 0.404823989569752 0 0
1244 0.405149934810952 0 0
1245 0.405475880052151 0 0
1246 0.405801825293351 0 0
1247 0.40612777053455 0 0
1248 0.40645371577575 0 0
1249 0.406779661016949 0 0
1250 0.407105606258149 0 0
1251 0.407431551499348 0 0
1252 0.407757496740548 0 0
1253 0.408083441981747 0 0
1254 0.408409387222947 0 0
1255 0.408735332464146 0 0
1256 0.409061277705345 0 0
1257 0.409387222946545 0 0
1258 0.409713168187744 0 0
1259 0.410039113428944 0 0
1260 0.410365058670143 0 0
1261 0.410691003911343 0 0
1262 0.411016949152542 0 0
1263 0.411342894393742 0 0
1264 0.411668839634941 0 0
1265 0.411994784876141 0 0
1266 0.41232073011734 0 0
1267 0.41264667535854 0 0
1268 0.412972620599739 0 0
1269 0.413298565840939 0 0
1270 0.413624511082138 0 0
1271 0.413950456323338 0 0
1272 0.414276401564537 0 0
1273 0.414602346805737 0 0
1274 0.414928292046936 0 0
1275 0.415254237288136 0 0
1276 0.415580182529335 0 0
1277 0.415906127770534 0 0
1278 0.416232073011734 0 0
1279 0.416558018252933 0 0
1280 0.416883963494133 0 0
1281 0.417209908735332 0 0
1282 0.417535853976532 0 0
1283 0.417861799217731 0 0
1284 0.418187744458931 0 0
1285 0.41851368970013 0 0
1286 0.41883963494133 0 0
1287 0.419165580182529 0 0
1288 0.419491525423729 0 0
1289 0.419817470664928 0 0
1290 0.420143415906128 0 0
1291 0.420469361147327 0 0
1292 0.420795306388527 0 0
1293 0.421121251629726 0 0
1294 0.421447196870926 0 0
1295 0.421773142112125 0 0
1296 0.422099087353325 0 0
1297 0.422425032594524 0 0
1298 0.422750977835724 0 0
1299 0.423076923076923 0 0
1300 0.423402868318123 0 0
1301 0.423728813559322 0 0
1302 0.424054758800522 0 0
1303 0.424380704041721 0 0
1304 0.424706649282921 0 0
1305 0.42503259452412 0 0
1306 0.425358539765319 0 0
1307 0.425684485006519 0 0
1308 0.426010430247718 0 0
1309 0.426336375488918 0 0
1310 0.426662320730117 0 0
1311 0.426988265971317 0 0
1312 0.427314211212516 0 0
1313 0.427640156453716 0 0
1314 0.427966101694915 0 0
1315 0.428292046936115 0 0
1316 0.428617992177314 0 0
1317 0.428943937418514 0 0
1318 0.429269882659713 0 0
1319 0.429595827900913 0 0
1320 0.429921773142112 0 0
1321 0.430247718383312 0 0
1322 0.430573663624511 0 0
1323 0.43089960886571 0 0
1324 0.43122555410691 0 0
1325 0.431551499348109 0 0
1326 0.431877444589309 0 0
1327 0.432203389830508 0 0
1328 0.432529335071708 0 0
1329 0.432855280312907 0 0
1330 0.433181225554107 0 0
1331 0.433507170795306 0 0
1332 0.433833116036506 0 0
1333 0.434159061277705 0 0
1334 0.434485006518905 0 0
1335 0.434810951760104 0 0
1336 0.435136897001304 0 0
1337 0.435462842242503 0 0
1338 0.435788787483703 0 0
1339 0.436114732724902 0 0
1340 0.436440677966102 0 0
1341 0.436766623207301 0 0
1342 0.437092568448501 0 0
1343 0.4374185136897 0 0
1344 0.4377444589309 0 0
1345 0.438070404172099 0 0
1346 0.438396349413299 0 0
1347 0.438722294654498 0 0
1348 0.439048239895697 0 0
1349 0.439374185136897 0 0
1350 0.439700130378097 0 0
1351 0.440026075619296 0 0
1352 0.440352020860496 0 0
1353 0.440677966101695 0 0
1354 0.441003911342894 0 0
1355 0.441329856584094 0 0
1356 0.441655801825293 0 0
1357 0.441981747066493 0 0
1358 0.442307692307692 0 0
1359 0.442633637548892 0 0
1360 0.442959582790091 0 0
1361 0.443285528031291 0 0
1362 0.44361147327249 0 0
1363 0.44393741851369 0 0
1364 0.444263363754889 0 0
1365 0.444589308996089 0 0
1366 0.444915254237288 0 0
1367 0.445241199478488 0 0
1368 0.445567144719687 0 0
1369 0.445893089960887 0 0
1370 0.446219035202086 0 0
1371 0.446544980443286 0 0
1372 0.446870925684485 0 0
1373 0.447196870925684 0 0
1374 0.447522816166884 0 0
1375 0.447848761408083 0 0
1376 0.448174706649283 0 0
1377 0.448500651890482 0 0
1378 0.448826597131682 0 0
1379 0.449152542372881 0 0
1380 0.449478487614081 0 0
1381 0.44980443285528 0 0
1382 0.45013037809648 0 0
1383 0.450456323337679 0 0
1384 0.450782268578879 0 0
1385 0.451108213820078 0 0
1386 0.451434159061278 0 0
1387 0.451760104302477 0 0
1388 0.452086049543677 0 0
1389 0.452411994784876 0 0
1390 0.452737940026076 0 0
1391 0.453063885267275 0 0
1392 0.453389830508474 0 0
1393 0.453715775749674 0 0
1394 0.454041720990873 0 0
1395 0.454367666232073 0 0
1396 0.454693611473272 0 0
1397 0.455019556714472 0 0
1398 0.455345501955671 0 0
1399 0.455671447196871 0 0
1400 0.45599739243807 0 0
1401 0.45632333767927 0 0
1402 0.456649282920469 0 0
1403 0.456975228161669 0 0
1404 0.457301173402868 0 0
1405 0.457627118644068 0 0
1406 0.457953063885267 0 0
1407 0.458279009126467 0 0
1408 0.458604954367666 0 0
1409 0.458930899608866 0 0
1410 0.459256844850065 0 0
1411 0.459582790091265 0 0
1412 0.459908735332464 0 0
1413 0.460234680573664 0 0
1414 0.460560625814863 0 0
1415 0.460886571056063 0 0
1416 0.461212516297262 0 0
1417 0.461538461538462 0 0
1418 0.461864406779661 0 0
1419 0.462190352020861 0 0
1420 0.46251629726206 0 0
1421 0.462842242503259 0 0
1422 0.463168187744459 0 0
1423 0.463494132985658 0 0
1424 0.463820078226858 0 0
1425 0.464146023468057 0 0
1426 0.464471968709257 0 0
1427 0.464797913950456 0 0
1428 0.465123859191656 0 0
1429 0.465449804432855 0 0
1430 0.465775749674055 0 0
1431 0.466101694915254 0 0
1432 0.466427640156454 0 0
1433 0.466753585397653 0 0
1434 0.467079530638853 0 0
1435 0.467405475880052 0 0
1436 0.467731421121252 0 0
1437 0.468057366362451 0 0
1438 0.46838331160365 0 0
1439 0.46870925684485 0 0
1440 0.469035202086049 0 0
1441 0.469361147327249 0 0
1442 0.469687092568448 0 0
1443 0.470013037809648 0 0
1444 0.470338983050847 0 0
1445 0.470664928292047 0 0
1446 0.470990873533246 0 0
1447 0.471316818774446 0 0
1448 0.471642764015645 0 0
1449 0.471968709256845 0 0
1450 0.472294654498044 0 0
1451 0.472620599739244 0 0
1452 0.472946544980443 0 0
1453 0.473272490221643 0 0
1454 0.473598435462842 0 0
1455 0.473924380704042 0 0
1456 0.474250325945241 0 0
1457 0.474576271186441 0 0
1458 0.47490221642764 0 0
1459 0.47522816166884 0 0
1460 0.475554106910039 0 0
1461 0.475880052151239 0 0
1462 0.476205997392438 0 0
1463 0.476531942633638 0 0
1464 0.476857887874837 0 0
1465 0.477183833116037 0 0
1466 0.477509778357236 0 0
1467 0.477835723598435 0 0
1468 0.478161668839635 0 0
1469 0.478487614080834 0 0
1470 0.478813559322034 0 0
1471 0.479139504563233 0 0
1472 0.479465449804433 0 0
1473 0.479791395045632 0 0
1474 0.480117340286832 0 0
1475 0.480443285528031 0 0
1476 0.480769230769231 0 0
1477 0.48109517601043 0 0
1478 0.48142112125163 0 0
1479 0.481747066492829 0 0
1480 0.482073011734029 0 0
1481 0.482398956975228 0 0
1482 0.482724902216428 0 0
1483 0.483050847457627 0 0
1484 0.483376792698826 0 0
1485 0.483702737940026 0 0
1486 0.484028683181225 0 0
1487 0.484354628422425 0 0
1488 0.484680573663624 0 0
1489 0.485006518904824 0 0
1490 0.485332464146023 0 0
1491 0.485658409387223 0 0
1492 0.485984354628422 0 0
1493 0.486310299869622 0 0
1494 0.486636245110821 0 0
1495 0.486962190352021 0 0
1496 0.48728813559322 0 0
1497 0.48761408083442 0 0
1498 0.487940026075619 0 0
1499 0.488265971316819 0 0
1500 0.488591916558018 0 0
1501 0.488917861799218 0 0
1502 0.489243807040417 0 0
1503 0.489569752281617 0 0
1504 0.489895697522816 0 0
1505 0.490221642764016 0 0
1506 0.490547588005215 0 0
1507 0.490873533246415 0 0
1508 0.491199478487614 0 0
1509 0.491525423728814 0 0
1510 0.491851368970013 0 0
1511 0.492177314211213 0 0
1512 0.492503259452412 0 0
1513 0.492829204693612 0 0
1514 0.493155149934811 0 0
1515 0.49348109517601 0 0
1516 0.49380704041721 0 0
1517 0.494132985658409 0 0
1518 0.494458930899609 0 0
1519 0.494784876140808 0 0
1520 0.495110821382008 0 0
1521 0.495436766623207 0 0
1522 0.495762711864407 0 0
1523 0.496088657105606 0 0
1524 0.496414602346806 0 0
1525 0.496740547588005 0 0
1526 0.497066492829205 0 0
1527 0.497392438070404 0 0
1528 0.497718383311604 0 0
1529 0.498044328552803 0 0
1530 0.498370273794003 0 0
1531 0.498696219035202 0 0
1532 0.499022164276401 0 0
1533 0.499348109517601 0 0
1534 0.4996740547588 0 0
1535 0.5 0 0
1536 0.500325945241199 0 0
1537 0.500651890482399 0 0
1538 0.500977835723598 0 0
1539 0.501303780964798 0 0
1540 0.501629726205997 0 0
1541 0.501955671447197 0 0
1542 0.502281616688396 0 0
1543 0.502607561929596 0 0
1544 0.502933507170795 0 0
1545 0.503259452411995 0 0
1546 0.503585397653194 0 0
1547 0.503911342894394 0 0
1548 0.504237288135593 0 0
1549 0.504563233376793 0 0
1550 0.504889178617992 0 0
1551 0.505215123859192 0 0
1552 0.505541069100391 0 0
1553 0.505867014341591 0 0
1554 0.50619295958279 0 0
1555 0.50651890482399 0 0
1556 0.506844850065189 0 0
1557 0.507170795306389 0 0
1558 0.507496740547588 0 0
1559 0.507822685788787 0 0
1560 0.508148631029987 0 0
1561 0.508474576271186 0 0
1562 0.508800521512386 0 0
1563 0.509126466753585 0 0
1564 0.509452411994785 0 0
1565 0.509778357235984 0 0
1566 0.510104302477184 0 0
1567 0.510430247718383 0 0
1568 0.510756192959583 0 0
1569 0.511082138200782 0 0
1570 0.511408083441982 0 0
1571 0.511734028683181 0 0
1572 0.512059973924381 0 0
1573 0.51238591916558 0 0
1574 0.51271186440678 0 0
1575 0.513037809647979 0 0
1576 0.513363754889179 0 0
1577 0.513689700130378 0 0
1578 0.514015645371578 0 0
1579 0.514341590612777 0 0
1580 0.514667535853976 0 0
1581 0.514993481095176 0 0
1582 0.515319426336375 0 0
1583 0.515645371577575 0 0
1584 0.515971316818774 0 0
1585 0.516297262059974 0 0
1586 0.516623207301173 0 0
1587 0.516949152542373 0 0
1588 0.517275097783572 0 0
1589 0.517601043024772 0 0
1590 0.517926988265971 0 0
1591 0.518252933507171 0 0
1592 0.51857887874837 0 0
1593 0.51890482398957 0 0
1594 0.519230769230769 0 0
1595 0.519556714471969 0 0
1596 0.519882659713168 0 0
1597 0.520208604954368 0 0
1598 0.520534550195567 0 0
1599 0.520860495436767 0 0
1600 0.521186440677966 0 0
1601 0.521512385919166 0 0
1602 0.521838331160365 0 0
1603 0.522164276401564 0 0
1604 0.522490221642764 0 0
1605 0.522816166883963 0 0
1606 0.523142112125163 0 0
1607 0.523468057366362 0 0
1608 0.523794002607562 0 0
1609 0.524119947848761 0 0
1610 0.524445893089961 0 0
1611 0.52477183833116 0 0
1612 0.52509778357236 0 0
1613 0.525423728813559 0 0
1614 0.525749674054759 0 0
1615 0.526075619295958 0 0
1616 0.526401564537158 0 0
1617 0.526727509778357 0 0
1618 0.527053455019557 0 0
1619 0.527379400260756 0 0
1620 0.527705345501956 0 0
1621 0.528031290743155 0 0
1622 0.528357235984355 0 0
1623 0.528683181225554 0 0
1624 0.529009126466753 0 0
1625 0.529335071707953 0 0
1626 0.529661016949152 0 0
1627 0.529986962190352 0 0
1628 0.530312907431551 0 0
1629 0.530638852672751 0 0
1630 0.53096479791395 0 0
1631 0.53129074315515 0 0
1632 0.531616688396349 0 0
1633 0.531942633637549 0 0
1634 0.532268578878748 0 0
1635 0.532594524119948 0 0
1636 0.532920469361147 0 0
1637 0.533246414602347 0 0
1638 0.533572359843546 0 0
1639 0.533898305084746 0 0
1640 0.534224250325945 0 0
1641 0.534550195567145 0 0
1642 0.534876140808344 0 0
1643 0.535202086049544 0 0
1644 0.535528031290743 0 0
1645 0.535853976531943 0 0
1646 0.536179921773142 0 0
1647 0.536505867014342 0 0
1648 0.536831812255541 0 0
1649 0.537157757496741 0 0
1650 0.53748370273794 0 0
1651 0.537809647979139 0 0
1652 0.538135593220339 0 0
1653 0.538461538461538 0 0
1654 0.538787483702738 0 0
1655 0.539113428943937 0 0
1656 0.539439374185137 0 0
1657 0.539765319426336 0 0
1658 0.540091264667536 0 0
1659 0.540417209908735 0 0
1660 0.540743155149935 0 0
1661 0.541069100391134 0 0
1662 0.541395045632334 0 0
1663 0.541720990873533 0 0
1664 0.542046936114733 0 0
1665 0.542372881355932 0 0
1666 0.542698826597132 0 0
1667 0.543024771838331 0 0
1668 0.543350717079531 0 0
1669 0.54367666232073 0 0
1670 0.54400260756193 0 0
1671 0.544328552803129 0 0
1672 0.544654498044328 0 0
1673 0.544980443285528 0 0
1674 0.545306388526727 0 0
1675 0.545632333767927 0 0
1676 0.545958279009126 0 0
1677 0.546284224250326 0 0
1678 0.546610169491525 0 0
1679 0.546936114732725 0 0
1680 0.547262059973924 0 0
1681 0.547588005215124 0 0
1682 0.547913950456323 0 0
1683 0.548239895697523 0 0
1684 0.548565840938722 0 0
1685 0.548891786179922 0 0
1686 0.549217731421121 0 0
1687 0.549543676662321 0 0
1688 0.54986962190352 0 0
1689 0.55019556714472 0 0
1690 0.550521512385919 0 0
1691 0.550847457627119 0 0
1692 0.551173402868318 0 0
1693 0.551499348109518 0 0
1694 0.551825293350717 0 0
1695 0.552151238591917 0 0
1696 0.552477183833116 0 0
1697 0.552803129074316 0 0
1698 0.553129074315515 0 0
1699 0.553455019556714 0 0
1700 0.553780964797914 0 0
1701 0.554106910039113 0 0
1702 0.554432855280313 0 0
1703 0.554758800521512 0 0
1704 0.555084745762712 0 0
1705 0.555410691003911 0 0
1706 0.555736636245111 0 0
1707 0.55606258148631 0 0
1708 0.55638852672751 0 0
1709 0.556714471968709 0 0
1710 0.557040417209909 0 0
1711 0.557366362451108 0 0
1712 0.557692307692308 0 0
1713 0.558018252933507 0 0
1714 0.558344198174707 0 0
1715 0.558670143415906 0 0
1716 0.558996088657105 0 0
1717 0.559322033898305 0 0
1718 0.559647979139504 0 0
1719 0.559973924380704 0 0
1720 0.560299869621903 0 0
1721 0.560625814863103 0 0
1722 0.560951760104302 0 0
1723 0.561277705345502 0 0
1724 0.561603650586701 0 0
1725 0.561929595827901 0 0
1726 0.5622555410691 0 0
1727 0.5625814863103 0 0
1728 0.562907431551499 0 0
1729 0.563233376792699 0 0
1730 0.563559322033898 0 0
1731 0.563885267275098 0 0
1732 0.564211212516297 0 0
1733 0.564537157757497 0 0
1734 0.564863102998696 0 0
1735 0.565189048239896 0 0
1736 0.565514993481095 0 0
1737 0.565840938722295 0 0
1738 0.566166883963494 0 0
1739 0.566492829204694 0 0
1740 0.566818774445893 0 0
1741 0.567144719687093 0 0
1742 0.567470664928292 0 0
1743 0.567796610169491 0 0
1744 0.568122555410691 0 0
1745 0.56844850065189 0 0
1746 0.56877444589309 0 0
1747 0.569100391134289 0 0
1748 0.569426336375489 0 0
1749 0.569752281616688 0 0
1750 0.570078226857888 0 0
1751 0.570404172099087 0 0
1752 0.570730117340287 0 0
1753 0.571056062581486 0 0
1754 0.571382007822686 0 0
1755 0.571707953063885 0 0
1756 0.572033898305085 0 0
1757 0.572359843546284 0 0
1758 0.572685788787484 0 0
1759 0.573011734028683 0 0
1760 0.573337679269883 0 0
1761 0.573663624511082 0 0
1762 0.573989569752282 0 0
1763 0.574315514993481 0 0
1764 0.57464146023468 0 0
1765 0.57496740547588 0 0
1766 0.575293350717079 0 0
1767 0.575619295958279 0 0
1768 0.575945241199478 0 0
1769 0.576271186440678 0 0
1770 0.576597131681877 0 0
1771 0.576923076923077 0 0
1772 0.577249022164276 0 0
1773 0.577574967405476 0 0
1774 0.577900912646675 0 0
1775 0.578226857887875 0 0
1776 0.578552803129074 0 0
1777 0.578878748370274 0 0
1778 0.579204693611473 0 0
1779 0.579530638852673 0 0
1780 0.579856584093872 0 0
1781 0.580182529335072 0 0
1782 0.580508474576271 0 0
1783 0.580834419817471 0 0
1784 0.58116036505867 0 0
1785 0.58148631029987 0 0
1786 0.581812255541069 0 0
1787 0.582138200782269 0 0
1788 0.582464146023468 0 0
1789 0.582790091264668 0 0
1790 0.583116036505867 0 0
1791 0.583441981747066 0 0
1792 0.583767926988266 0 0
1793 0.584093872229465 0 0
1794 0.584419817470665 0 0
1795 0.584745762711864 0 0
1796 0.585071707953064 0 0
1797 0.585397653194263 0 0
1798 0.585723598435463 0 0
1799 0.586049543676662 0 0
1800 0.586375488917862 0 0
1801 0.586701434159061 0 0
1802 0.587027379400261 0 0
1803 0.58735332464146 0 0
1804 0.58767926988266 0 0
1805 0.588005215123859 0 0
1806 0.588331160365059 0 0
1807 0.588657105606258 0 0
1808 0.588983050847458 0 0
1809 0.589308996088657 0 0
1810 0.589634941329856 0 0
1811 0.589960886571056 0 0
1812 0.590286831812255 0 0
1813 0.590612777053455 0 0
1814 0.590938722294654 0 0
1815 0.591264667535854 0 0
1816 0.591590612777053 0 0
1817 0.591916558018253 0 0
1818 0.592242503259452 0 0
1819 0.592568448500652 0 0
1820 0.592894393741851 0 0
1821 0.593220338983051 0 0
1822 0.59354628422425 0 0
1823 0.59387222946545 0 0
1824 0.594198174706649 0 0
1825 0.594524119947849 0 0
1826 0.594850065189048 0 0
1827 0.595176010430248 0 0
1828 0.595501955671447 0 0
1829 0.595827900912647 0 0
1830 0.596153846153846 0 0
1831 0.596479791395046 0 0
1832 0.596805736636245 0 0
1833 0.597131681877445 0 0
1834 0.597457627118644 0 0
1835 0.597783572359843 0 0
1836 0.598109517601043 0 0
1837 0.598435462842242 0 0
1838 0.598761408083442 0 0
1839 0.599087353324641 0 0
1840 0.599413298565841 0 0
1841 0.59973924380704 0 0
1842 0.60006518904824 0 0
1843 0.600391134289439 0 0
1844 0.600717079530639 0 0
1845 0.601043024771838 0 0
1846 0.601368970013038 0 0
1847 0.601694915254237 0 0
1848 0.602020860495437 0 0
1849 0.602346805736636 0 0
1850 0.602672750977836 0 0
1851 0.602998696219035 0 0
1852 0.603324641460235 0 0
1853 0.603650586701434 0 0
1854 0.603976531942634 0 0
1855 0.604302477183833 0 0
1856 0.604628422425032 0 0
1857 0.604954367666232 0 0
1858 0.605280312907431 0 0
1859 0.605606258148631 0 0
1860 0.60593220338983 0 0
1861 0.60625814863103 0 0
1862 0.606584093872229 0 0
1863 0.606910039113429 0 0
1864 0.607235984354628 0 0
1865 0.607561929595828 0 0
1866 0.607887874837027 0 0
1867 0.608213820078227 0 0
1868 0.608539765319426 0 0
1869 0.608865710560626 0 0
1870 0.609191655801825 0 0
1871 0.609517601043025 0 0
1872 0.609843546284224 0 0
1873 0.610169491525424 0 0
1874 0.610495436766623 0 0
1875 0.610821382007823 0 0
1876 0.611147327249022 0 0
1877 0.611473272490222 0 0
1878 0.611799217731421 0 0
1879 0.612125162972621 0 0
1880 0.61245110821382 0 0
1881 0.61277705345502 0 0
1882 0.613102998696219 0 0
1883 0.613428943937418 0 0
1884 0.613754889178618 0 0
1885 0.614080834419817 0 0
1886 0.614406779661017 0 0
1887 0.614732724902216 0 0
1888 0.615058670143416 0 0
1889 0.615384615384615 0 0
1890 0.615710560625815 0 0
1891 0.616036505867014 0 0
1892 0.616362451108214 0 0
1893 0.616688396349413 0 0
1894 0.617014341590613 0 0
1895 0.617340286831812 0 0
1896 0.617666232073012 0 0
1897 0.617992177314211 0 0
1898 0.618318122555411 0 0
1899 0.61864406779661 0 0
1900 0.61897001303781 0 0
1901 0.619295958279009 0 0
1902 0.619621903520209 0 0
1903 0.619947848761408 0 0
1904 0.620273794002608 0 0
1905 0.620599739243807 0 0
1906 0.620925684485007 0 0
1907 0.621251629726206 0 0
1908 0.621577574967405 0 0
1909 0.621903520208605 0 0
1910 0.622229465449804 0 0
1911 0.622555410691004 0 0
1912 0.622881355932203 0 0
1913 0.623207301173403 0 0
1914 0.623533246414602 0 0
1915 0.623859191655802 0 0
1916 0.624185136897001 0 0
1917 0.624511082138201 0 0
1918 0.6248370273794 0 0
1919 0.6251629726206 0 0
1920 0.625488917861799 0 0
1921 0.625814863102999 0 0
1922 0.626140808344198 0 0
1923 0.626466753585398 0 0
1924 0.626792698826597 0 0
1925 0.627118644067797 0 0
1926 0.627444589308996 0 0
1927 0.627770534550195 0 0
1928 0.628096479791395 0 0
1929 0.628422425032594 0 0
1930 0.628748370273794 0 0
1931 0.629074315514993 0 0
1932 0.629400260756193 0 0
1933 0.629726205997392 0 0
1934 0.630052151238592 0 0
1935 0.630378096479791 0 0
1936 0.630704041720991 0 0
1937 0.63102998696219 0 0
1938 0.63135593220339 0 0
1939 0.631681877444589 0 0
1940 0.632007822685789 0 0
1941 0.632333767926988 0 0
1942 0.632659713168188 0 0
1943 0.632985658409387 0 0
1944 0.633311603650587 0 0
1945 0.633637548891786 0 0
1946 0.633963494132986 0 0
1947 0.634289439374185 0 0
1948 0.634615384615384 0 0
1949 0.634941329856584 0 0
1950 0.635267275097783 0 0
1951 0.635593220338983 0 0
1952 0.635919165580182 0 0
1953 0.636245110821382 0 0
1954 0.636571056062581 0 0
1955 0.636897001303781 0 0
1956 0.63722294654498 0 0
1957 0.63754889178618 0 0
1958 0.637874837027379 0 0
1959 0.638200782268579 0 0
1960 0.638526727509778 0 0
1961 0.638852672750978 0 0
1962 0.639178617992177 0 0
1963 0.639504563233377 0 0
1964 0.639830508474576 0 0
1965 0.640156453715776 0 0
1966 0.640482398956975 0 0
1967 0.640808344198175 0 0
1968 0.641134289439374 0 0
1969 0.641460234680574 0 0
1970 0.641786179921773 0 0
1971 0.642112125162973 0 0
1972 0.642438070404172 0 0
1973 0.642764015645372 0 0
1974 0.643089960886571 0 0
1975 0.64341590612777 0 0
1976 0.64374185136897 0 0
1977 0.644067796610169 0 0
1978 0.644393741851369 0 0
1979 0.644719687092568 0 0
1980 0.645045632333768 0 0
1981 0.645371577574967 0 0
1982 0.645697522816167 0 0
1983 0.646023468057366 0 0
1984 0.646349413298566 0 0
1985 0.646675358539765 0 0
1986 0.647001303780965 0 0
1987 0.647327249022164 0 0
1988 0.647653194263364 0 0
1989 0.647979139504563 0 0
1990 0.648305084745763 0 0
1991 0.648631029986962 0 0
1992 0.648956975228162 0 0
1993 0.649282920469361 0 0
1994 0.649608865710561 0 0
1995 0.64993481095176 0 0
1996 0.650260756192959 0 0
1997 0.650586701434159 0 0
1998 0.650912646675359 0 0
1999 0.651238591916558 0 0
2000 0.651564537157757 0 0
2001 0.651890482398957 0 0
2002 0.652216427640156 0 0
2003 0.652542372881356 0 0
2004 0.652868318122555 0 0
2005 0.653194263363755 0 0
2006 0.653520208604954 0 0
2007 0.653846153846154 0 0
2008 0.654172099087353 0 0
2009 0.654498044328553 0 0
2010 0.654823989569752 0 0
2011 0.655149934810952 0 0
2012 0.655475880052151 0 0
2013 0.655801825293351 0 0
2014 0.65612777053455 0 0
2015 0.65645371577575 0 0
2016 0.656779661016949 0 0
2017 0.657105606258149 0 0
2018 0.657431551499348 0 0
2019 0.657757496740548 0 0
2020 0.658083441981747 0 0
2021 0.658409387222947 0 0
2022 0.658735332464146 0 0
2023 0.659061277705345 0 0
2024 0.659387222946545 0 0
2025 0.659713168187744 0 0
2026 0.660039113428944 0 0
2027 0.660365058670143 0 0
2028 0.660691003911343 0 0
2029 0.661016949152542 0 0
2030 0.661342894393742 0 0
2031 0.661668839634941 0 0
2032 0.661994784876141 0 0
2033 0.66232073011734 0 0
2034 0.66264667535854 0 0
2035 0.662972620599739 0 0
2036 0.663298565840939 0 0
2037 0.663624511082138 0 0
2038 0.663950456323338 0 0
2039 0.664276401564537 0 0
2040 0.664602346805736 0 0
2041 0.664928292046936 0 0
2042 0.665254237288135 0 0
2043 0.665580182529335 0 0
2044 0.665906127770534 0 0
2045 0.666232073011734 0 0
2046 0.666558018252933 0 0
2047 0.666883963494133 0 0
2048 0.667209908735332 0 0
2049 0.667535853976532 0 0
2050 0.667861799217731 0 0
2051 0.668187744458931 0 0
2052 0.66851368970013 0 0
2053 0.66883963494133 0 0
2054 0.669165580182529 0 0
2055 0.669491525423729 0 0
2056 0.669817470664928 0 0
2057 0.670143415906128 0 0
2058 0.670469361147327 0 0
2059 0.670795306388527 0 0
2060 0.671121251629726 0 0
2061 0.671447196870926 0 0
2062 0.671773142112125 0 0
2063 0.672099087353325 0 0
2064 0.672425032594524 0 0
2065 0.672750977835724 0 0
2066 0.673076923076923 0 0
2067 0.673402868318122 0 0
2068 0.673728813559322 0 0
2069 0.674054758800521 0 0
2070 0.674380704041721 0 0
2071 0.67470664928292 0 0
2072 0.67503259452412 0 0
2073 0.675358539765319 0 0
2074 0.675684485006519 0 0
2075 0.676010430247718 0 0
2076 0.676336375488918 0 0
2077 0.676662320730117 0 0
2078 0.676988265971317 0 0
2079 0.677314211212516 0 0
2080 0.677640156453716 0 0
2081 0.677966101694915 0 0
2082 0.678292046936115 0 0
2083 0.678617992177314 0 0
2084 0.678943937418514 0 0
2085 0.679269882659713 0 0
2086 0.679595827900913 0 0
2087 0.679921773142112 0 0
2088 0.680247718383312 0 0
2089 0.680573663624511 0 0
2090 0.680899608865711 0 0
2091 0.68122555410691 0 0
2092 0.681551499348109 0 0
2093 0.681877444589309 0 0
2094 0.682203389830508 0 0
2095 0.682529335071708 0 0
2096 0.682855280312907 0 0
2097 0.683181225554107 0 0
2098 0.683507170795306 0 0
2099 0.683833116036506 0 0
2100 0.684159061277705 0 0
2101 0.684485006518905 0 0
2102 0.684810951760104 0 0
2103 0.685136897001304 0 0
2104 0.685462842242503 0 0
2105 0.685788787483703 0 0
2106 0.686114732724902 0 0
2107 0.686440677966102 0 0
2108 0.686766623207301 0 0
2109 0.687092568448501 0 0
2110 0.6874185136897 0 0
2111 0.6877444589309 0 0
2112 0.688070404172099 0 0
2113 0.688396349413299 0 0
2114 0.688722294654498 0 0
2115 0.689048239895697 0 0
2116 0.689374185136897 0 0
2117 0.689700130378096 0 0
2118 0.690026075619296 0 0
2119 0.690352020860495 0 0
2120 0.690677966101695 0 0
2121 0.691003911342894 0 0
2122 0.691329856584094 0 0
2123 0.691655801825293 0 0
2124 0.691981747066493 0 0
2125 0.692307692307692 0 0
2126 0.692633637548892 0 0
2127 0.692959582790091 0 0
2128 0.693285528031291 0 0
2129 0.69361147327249 0 0
2130 0.69393741851369 0 0
2131 0.694263363754889 0 0
2132 0.694589308996089 0 0
2133 0.694915254237288 0 0
2134 0.695241199478488 0 0
2135 0.695567144719687 0 0
2136 0.695893089960886 0 0
2137 0.696219035202086 0 0
2138 0.696544980443285 0 0
2139 0.696870925684485 0 0
2140 0.697196870925684 0 0
2141 0.697522816166884 0 0
2142 0.697848761408083 0 0
2143 0.698174706649283 0 0
2144 0.698500651890482 0 0
2145 0.698826597131682 0 0
2146 0.699152542372881 0 0
2147 0.699478487614081 0 0
2148 0.69980443285528 0 0
2149 0.70013037809648 0 0
2150 0.700456323337679 0 0
2151 0.700782268578879 0 0
2152 0.701108213820078 0 0
2153 0.701434159061278 0 0
2154 0.701760104302477 0 0
2155 0.702086049543677 0 0
2156 0.702411994784876 0 0
2157 0.702737940026076 0 0
2158 0.703063885267275 0 0
2159 0.703389830508474 0 0
2160 0.703715775749674 0 0
2161 0.704041720990873 0 0
2162 0.704367666232073 0 0
2163 0.704693611473272 0 0
2164 0.705019556714472 0 0
2165 0.705345501955671 0 0
2166 0.705671447196871 0 0
2167 0.70599739243807 0 0
2168 0.70632333767927 0 0
2169 0.706649282920469 0 0
2170 0.706975228161669 0 0
2171 0.707301173402868 0 0
2172 0.707627118644068 0 0
2173 0.707953063885267 0 0
2174 0.708279009126467 0 0
2175 0.708604954367666 0 0
2176 0.708930899608866 0 0
2177 0.709256844850065 0 0
2178 0.709582790091265 0 0
2179 0.709908735332464 0 0
2180 0.710234680573663 0 0
2181 0.710560625814863 0 0
2182 0.710886571056063 0 0
2183 0.711212516297262 0 0
2184 0.711538461538461 0 0
2185 0.711864406779661 0 0
2186 0.71219035202086 0 0
2187 0.71251629726206 0 0
2188 0.712842242503259 0 0
2189 0.713168187744459 0 0
2190 0.713494132985658 0 0
2191 0.713820078226858 0 0
2192 0.714146023468057 0 0
2193 0.714471968709257 0 0
2194 0.714797913950456 0 0
2195 0.715123859191656 0 0
2196 0.715449804432855 0 0
2197 0.715775749674055 0 0
2198 0.716101694915254 0 0
2199 0.716427640156454 0 0
2200 0.716753585397653 0 0
2201 0.717079530638853 0 0
2202 0.717405475880052 0 0
2203 0.717731421121252 0 0
2204 0.718057366362451 0 0
2205 0.718383311603651 0 0
2206 0.71870925684485 0 0
2207 0.719035202086049 0 0
2208 0.719361147327249 0 0
2209 0.719687092568448 0 0
2210 0.720013037809648 0 0
2211 0.720338983050847 0 0
2212 0.720664928292047 0 0
2213 0.720990873533246 0 0
2214 0.721316818774446 0 0
2215 0.721642764015645 0 0
2216 0.721968709256845 0 0
2217 0.722294654498044 0 0
2218 0.722620599739244 0 0
2219 0.722946544980443 0 0
2220 0.723272490221643 0 0
2221 0.723598435462842 0 0
2222 0.723924380704042 0 0
2223 0.724250325945241 0 0
2224 0.724576271186441 0 0
2225 0.72490221642764 0 0
2226 0.72522816166884 0 0
2227 0.725554106910039 0 0
2228 0.725880052151239 0 0
2229 0.726205997392438 0 0
2230 0.726531942633638 0 0
2231 0.726857887874837 0 0
2232 0.727183833116036 0 0
2233 0.727509778357236 0 0
2234 0.727835723598435 0 0
2235 0.728161668839635 0 0
2236 0.728487614080834 0 0
2237 0.728813559322034 0 0
2238 0.729139504563233 0 0
2239 0.729465449804433 0 0
2240 0.729791395045632 0 0
2241 0.730117340286832 0 0
2242 0.730443285528031 0 0
2243 0.730769230769231 0 0
2244 0.73109517601043 0 0
2245 0.73142112125163 0 0
2246 0.731747066492829 0 0
2247 0.732073011734029 0 0
2248 0.732398956975228 0 0
2249 0.732724902216428 0 0
2250 0.733050847457627 0 0
2251 0.733376792698826 0 0
2252 0.733702737940026 0 0
2253 0.734028683181225 0 0
2254 0.734354628422425 0 0
2255 0.734680573663624 0 0
2256 0.735006518904824 0 0
2257 0.735332464146023 0 0
2258 0.735658409387223 0 0
2259 0.735984354628422 0 0
2260 0.736310299869622 0 0
2261 0.736636245110821 0 0
2262 0.736962190352021 0 0
2263 0.73728813559322 0 0
2264 0.73761408083442 0 0
2265 0.737940026075619 0 0
2266 0.738265971316819 0 0
2267 0.738591916558018 0 0
2268 0.738917861799218 0 0
2269 0.739243807040417 0 0
2270 0.739569752281617 0 0
2271 0.739895697522816 0 0
2272 0.740221642764016 0 0
2273 0.740547588005215 0 0
2274 0.740873533246415 0 0
2275 0.741199478487614 0 0
2276 0.741525423728813 0 0
2277 0.741851368970013 0 0
2278 0.742177314211212 0 0
2279 0.742503259452412 0 0
2280 0.742829204693611 0 0
2281 0.743155149934811 0 0
2282 0.74348109517601 0 0
2283 0.74380704041721 0 0
2284 0.744132985658409 0 0
2285 0.744458930899609 0 0
2286 0.744784876140808 0 0
2287 0.745110821382008 0 0
2288 0.745436766623207 0 0
2289 0.745762711864407 0 0
2290 0.746088657105606 0 0
2291 0.746414602346806 0 0
2292 0.746740547588005 0 0
2293 0.747066492829205 0 0
2294 0.747392438070404 0 0
2295 0.747718383311604 0 0
2296 0.748044328552803 0 0
2297 0.748370273794003 0 0
2298 0.748696219035202 0 0
2299 0.749022164276401 0 0
2300 0.749348109517601 0 0
2301 0.7496740547588 0 0
2302 0.75 0 0
2303 0.750325945241199 0 0
2304 0.750651890482399 0 0
2305 0.750977835723598 0 0
2306 0.751303780964798 0 0
2307 0.751629726205997 0 0
2308 0.751955671447197 0 0
2309 0.752281616688396 0 0
2310 0.752607561929596 0 0
2311 0.752933507170795 0 0
2312 0.753259452411995 0 0
2313 0.753585397653194 0 0
2314 0.753911342894394 0 0
2315 0.754237288135593 0 0
2316 0.754563233376793 0 0
2317 0.754889178617992 0 0
2318 0.755215123859192 0 0
2319 0.755541069100391 0 0
2320 0.755867014341591 0 0
2321 0.75619295958279 0 0
2322 0.75651890482399 0 0
2323 0.756844850065189 0 0
2324 0.757170795306388 0 0
2325 0.757496740547588 0 0
2326 0.757822685788787 0 0
2327 0.758148631029987 0 0
2328 0.758474576271186 0 0
2329 0.758800521512386 0 0
2330 0.759126466753585 0 0
2331 0.759452411994785 0 0
2332 0.759778357235984 0 0
2333 0.760104302477184 0 0
2334 0.760430247718383 0 0
2335 0.760756192959583 0 0
2336 0.761082138200782 0 0
2337 0.761408083441982 0 0
2338 0.761734028683181 0 0
2339 0.762059973924381 0 0
2340 0.76238591916558 0 0
2341 0.76271186440678 0 0
2342 0.763037809647979 0 0
2343 0.763363754889179 0 0
2344 0.763689700130378 0 0
2345 0.764015645371578 0 0
2346 0.764341590612777 0 0
2347 0.764667535853977 0 0
2348 0.764993481095176 0 0
2349 0.765319426336376 0 0
2350 0.765645371577575 0 0
2351 0.765971316818774 0 0
2352 0.766297262059974 0 0
2353 0.766623207301173 0 0
2354 0.766949152542373 0 0
2355 0.767275097783572 0 0
2356 0.767601043024772 0 0
2357 0.767926988265971 0 0
2358 0.768252933507171 0 0
2359 0.76857887874837 0 0
2360 0.76890482398957 0 0
2361 0.769230769230769 0 0
2362 0.769556714471969 0 0
2363 0.769882659713168 0 0
2364 0.770208604954367 0 0
2365 0.770534550195567 0 0
2366 0.770860495436767 0 0
2367 0.771186440677966 0 0
2368 0.771512385919165 0 0
2369 0.771838331160365 0 0
2370 0.772164276401564 0 0
2371 0.772490221642764 0 0
2372 0.772816166883963 0 0
2373 0.773142112125163 0 0
2374 0.773468057366362 0 0
2375 0.773794002607562 0 0
2376 0.774119947848761 0 0
2377 0.774445893089961 0 0
2378 0.77477183833116 0 0
2379 0.77509778357236 0 0
2380 0.775423728813559 0 0
2381 0.775749674054759 0 0
2382 0.776075619295958 0 0
2383 0.776401564537158 0 0
2384 0.776727509778357 0 0
2385 0.777053455019557 0 0
2386 0.777379400260756 0 0
2387 0.777705345501956 0 0
2388 0.778031290743155 0 0
2389 0.778357235984355 0 0
2390 0.778683181225554 0 0
2391 0.779009126466754 0 0
2392 0.779335071707953 0 0
2393 0.779661016949153 0 0
2394 0.779986962190352 0 0
2395 0.780312907431551 0 0
2396 0.780638852672751 0 0
2397 0.78096479791395 0 0
2398 0.78129074315515 0 0
2399 0.781616688396349 0 0
2400 0.781942633637549 0 0
2401 0.782268578878748 0 0
2402 0.782594524119948 0 0
2403 0.782920469361147 0 0
2404 0.783246414602347 0 0
2405 0.783572359843546 0 0
2406 0.783898305084746 0 0
2407 0.784224250325945 0 0
2408 0.784550195567145 0 0
2409 0.784876140808344 0 0
2410 0.785202086049544 0 0
2411 0.785528031290743 0 0
2412 0.785853976531943 0 0
2413 0.786179921773142 0 0
2414 0.786505867014342 0 0
2415 0.786831812255541 0 0
2416 0.78715775749674 0 0
2417 0.78748370273794 0 0
2418 0.787809647979139 0 0
2419 0.788135593220339 0 0
2420 0.788461538461538 0 0
2421 0.788787483702738 0 0
2422 0.789113428943937 0 0
2423 0.789439374185137 0 0
2424 0.789765319426336 0 0
2425 0.790091264667536 0 0
2426 0.790417209908735 0 0
2427 0.790743155149935 0 0
2428 0.791069100391134 0 0
2429 0.791395045632334 0 0
2430 0.791720990873533 0 0
2431 0.792046936114733 0 0
2432 0.792372881355932 0 0
2433 0.792698826597132 0 0
2434 0.793024771838331 0 0
2435 0.793350717079531 0 0
2436 0.79367666232073 0 0
2437 0.79400260756193 0 0
2438 0.794328552803129 0 0
2439 0.794654498044328 0 0
2440 0.794980443285528 0 0
2441 0.795306388526728 0 0
2442 0.795632333767927 0 0
2443 0.795958279009126 0 0
2444 0.796284224250326 0 0
2445 0.796610169491525 0 0
2446 0.796936114732725 0 0
2447 0.797262059973924 0 0
2448 0.797588005215124 0 0
2449 0.797913950456323 0 0
2450 0.798239895697523 0 0
2451 0.798565840938722 0 0
2452 0.798891786179922 0 0
2453 0.799217731421121 0 0
2454 0.799543676662321 0 0
2455 0.79986962190352 0 0
2456 0.80019556714472 0 0
2457 0.800521512385919 0 0
2458 0.800847457627119 0 0
2459 0.801173402868318 0 0
2460 0.801499348109518 0 0
2461 0.801825293350717 0 0
2462 0.802151238591917 0 0
2463 0.802477183833116 0 0
2464 0.802803129074315 0 0
2465 0.803129074315515 0 0
2466 0.803455019556714 0 0
2467 0.803780964797914 0 0
2468 0.804106910039113 0 0
2469 0.804432855280313 0 0
2470 0.804758800521512 0 0
2471 0.805084745762712 0 0
2472 0.805410691003911 0 0
2473 0.805736636245111 0 0
2474 0.80606258148631 0 0
2475 0.80638852672751 0 0
2476 0.806714471968709 0 0
2477 0.807040417209909 0 0
2478 0.807366362451108 0 0
2479 0.807692307692308 0 0
2480 0.808018252933507 0 0
2481 0.808344198174707 0 0
2482 0.808670143415906 0 0
2483 0.808996088657105 0 0
2484 0.809322033898305 0 0
2485 0.809647979139505 0 0
2486 0.809973924380704 0 0
2487 0.810299869621903 0 0
2488 0.810625814863103 0 0
2489 0.810951760104302 0 0
2490 0.811277705345502 0 0
2491 0.811603650586701 0 0
2492 0.811929595827901 0 0
2493 0.8122555410691 0 0
2494 0.8125814863103 0 0
2495 0.812907431551499 0 0
2496 0.813233376792699 0 0
2497 0.813559322033898 0 0
2498 0.813885267275098 0 0
2499 0.814211212516297 0 0
2500 0.814537157757497 0 0
2501 0.814863102998696 0 0
2502 0.815189048239896 0 0
2503 0.815514993481095 0 0
2504 0.815840938722295 0 0
2505 0.816166883963494 0 0
2506 0.816492829204694 0 0
2507 0.816818774445893 0 0
2508 0.817144719687092 0 0
2509 0.817470664928292 0 0
2510 0.817796610169491 0 0
2511 0.818122555410691 0 0
2512 0.81844850065189 0 0
2513 0.81877444589309 0 0
2514 0.819100391134289 0 0
2515 0.819426336375489 0 0
2516 0.819752281616688 0 0
2517 0.820078226857888 0 0
2518 0.820404172099087 0 0
2519 0.820730117340287 0 0
2520 0.821056062581486 0 0
2521 0.821382007822686 0 0
2522 0.821707953063885 0 0
2523 0.822033898305085 0 0
2524 0.822359843546284 0 0
2525 0.822685788787484 0 0
2526 0.823011734028683 0 0
2527 0.823337679269883 0 0
2528 0.823663624511082 0 0
2529 0.823989569752282 0 0
2530 0.824315514993481 0 0
2531 0.824641460234681 0 0
2532 0.82496740547588 0 0
2533 0.82529335071708 0 0
2534 0.825619295958279 0 0
2535 0.825945241199478 0 0
2536 0.826271186440678 0 0
2537 0.826597131681877 0 0
2538 0.826923076923077 0 0
2539 0.827249022164276 0 0
2540 0.827574967405476 0 0
2541 0.827900912646675 0 0
2542 0.828226857887875 0 0
2543 0.828552803129074 0 0
2544 0.828878748370274 0 0
2545 0.829204693611473 0 0
2546 0.829530638852673 0 0
2547 0.829856584093872 0 0
2548 0.830182529335072 0 0
2549 0.830508474576271 0 0
2550 0.830834419817471 0 0
2551 0.83116036505867 0 0
2552 0.83148631029987 0 0
2553 0.831812255541069 0 0
2554 0.832138200782269 0 0
2555 0.832464146023468 0 0
2556 0.832790091264667 0 0
2557 0.833116036505867 0 0
2558 0.833441981747066 0 0
2559 0.833767926988266 0 0
2560 0.834093872229465 0 0
2561 0.834419817470665 0 0
2562 0.834745762711864 0 0
2563 0.835071707953064 0 0
2564 0.835397653194263 0 0
2565 0.835723598435463 0 0
2566 0.836049543676662 0 0
2567 0.836375488917862 0 0
2568 0.836701434159061 0 0
2569 0.837027379400261 0 0
2570 0.83735332464146 0 0
2571 0.83767926988266 0 0
2572 0.838005215123859 0 0
2573 0.838331160365059 0 0
2574 0.838657105606258 0 0
2575 0.838983050847458 0 0
2576 0.839308996088657 0 0
2577 0.839634941329857 0 0
2578 0.839960886571056 0 0
2579 0.840286831812255 0 0
2580 0.840612777053455 0 0
2581 0.840938722294654 0 0
2582 0.841264667535854 0 0
2583 0.841590612777053 0 0
2584 0.841916558018253 0 0
2585 0.842242503259452 0 0
2586 0.842568448500652 0 0
2587 0.842894393741851 0 0
2588 0.843220338983051 0 0
2589 0.84354628422425 0 0
2590 0.84387222946545 0 0
2591 0.844198174706649 0 0
2592 0.844524119947849 0 0
2593 0.844850065189048 0 0
2594 0.845176010430248 0 0
2595 0.845501955671447 0 0
2596 0.845827900912647 0 0
2597 0.846153846153846 0 0
2598 0.846479791395046 0 0
2599 0.846805736636245 0 0
2600 0.847131681877444 0 0
2601 0.847457627118644 0 0
2602 0.847783572359843 0 0
2603 0.848109517601043 0 0
2604 0.848435462842242 0 0
2605 0.848761408083442 0 0
2606 0.849087353324641 0 0
2607 0.849413298565841 0 0
2608 0.84973924380704 0 0
2609 0.85006518904824 0 0
2610 0.850391134289439 0 0
2611 0.850717079530639 0 0
2612 0.851043024771838 0 0
2613 0.851368970013038 0 0
2614 0.851694915254237 0 0
2615 0.852020860495437 0 0
2616 0.852346805736636 0 0
2617 0.852672750977836 0 0
2618 0.852998696219035 0 0
2619 0.853324641460235 0 0
2620 0.853650586701434 0 0
2621 0.853976531942634 0 0
2622 0.854302477183833 0 0
2623 0.854628422425032 0 0
2624 0.854954367666232 0 0
2625 0.855280312907432 0 0
2626 0.855606258148631 0 0
2627 0.85593220338983 0 0
2628 0.85625814863103 0 0
2629 0.856584093872229 0 0
2630 0.856910039113429 0 0
2631 0.857235984354628 0 0
2632 0.857561929595828 0 0
2633 0.857887874837027 0 0
2634 0.858213820078227 0 0
2635 0.858539765319426 0 0
2636 0.858865710560626 0 0
2637 0.859191655801825 0 0
2638 0.859517601043025 0 0
2639 0.859843546284224 0 0
2640 0.860169491525424 0 0
2641 0.860495436766623 0 0
2642 0.860821382007823 0 0
2643 0.861147327249022 0 0
2644 0.861473272490222 0 0
2645 0.861799217731421 0 0
2646 0.862125162972621 0 0
2647 0.86245110821382 0 0
2648 0.862777053455019 0 0
2649 0.863102998696219 0 0
2650 0.863428943937418 0 0
2651 0.863754889178618 0 0
2652 0.864080834419817 0 0
2653 0.864406779661017 0 0
2654 0.864732724902216 0 0
2655 0.865058670143416 0 0
2656 0.865384615384615 0 0
2657 0.865710560625815 0 0
2658 0.866036505867014 0 0
2659 0.866362451108214 0 0
2660 0.866688396349413 0 0
2661 0.867014341590613 0 0
2662 0.867340286831812 0 0
2663 0.867666232073012 0 0
2664 0.867992177314211 0 0
2665 0.868318122555411 0 0
2666 0.86864406779661 0 0
2667 0.86897001303781 0 0
2668 0.869295958279009 0 0
2669 0.869621903520209 0 0
2670 0.869947848761408 0 0
2671 0.870273794002608 0 0
2672 0.870599739243807 0 0
2673 0.870925684485007 0 0
2674 0.871251629726206 0 0
2675 0.871577574967405 0 0
2676 0.871903520208605 0 0
2677 0.872229465449804 0 0
2678 0.872555410691004 0 0
2679 0.872881355932203 0 0
2680 0.873207301173403 0 0
2681 0.873533246414602 0 0
2682 0.873859191655802 0 0
2683 0.874185136897001 0 0
2684 0.874511082138201 0 0
2685 0.8748370273794 0 0
2686 0.8751629726206 0 0
2687 0.875488917861799 0 0
2688 0.875814863102999 0 0
2689 0.876140808344198 0 0
2690 0.876466753585398 0 0
2691 0.876792698826597 0 0
2692 0.877118644067796 0 0
2693 0.877444589308996 0 0
2694 0.877770534550195 0 0
2695 0.878096479791395 0 0
2696 0.878422425032594 0 0
2697 0.878748370273794 0 0
2698 0.879074315514993 0 0
2699 0.879400260756193 0 0
2700 0.879726205997392 0 0
2701 0.880052151238592 0 0
2702 0.880378096479791 0 0
2703 0.880704041720991 0 0
2704 0.88102998696219 0 0
2705 0.88135593220339 0 0
2706 0.881681877444589 0 0
2707 0.882007822685789 0 0
2708 0.882333767926988 0 0
2709 0.882659713168188 0 0
2710 0.882985658409387 0 0
2711 0.883311603650587 0 0
2712 0.883637548891786 0 0
2713 0.883963494132986 0 0
2714 0.884289439374185 0 0
2715 0.884615384615385 0 0
2716 0.884941329856584 0 0
2717 0.885267275097784 0 0
2718 0.885593220338983 0 0
2719 0.885919165580182 0 0
2720 0.886245110821382 0 0
2721 0.886571056062581 0 0
2722 0.886897001303781 0 0
2723 0.88722294654498 0 0
2724 0.88754889178618 0 0
2725 0.887874837027379 0 0
2726 0.888200782268579 0 0
2727 0.888526727509778 0 0
2728 0.888852672750978 0 0
2729 0.889178617992177 0 0
2730 0.889504563233377 0 0
2731 0.889830508474576 0 0
2732 0.890156453715776 0 0
2733 0.890482398956975 0 0
2734 0.890808344198175 0 0
2735 0.891134289439374 0 0
2736 0.891460234680574 0 0
2737 0.891786179921773 0 0
2738 0.892112125162973 0 0
2739 0.892438070404172 0 0
2740 0.892764015645371 0 0
2741 0.893089960886571 0 0
2742 0.89341590612777 0 0
2743 0.89374185136897 0 0
2744 0.894067796610169 0 0
2745 0.894393741851369 0 0
2746 0.894719687092568 0 0
2747 0.895045632333768 0 0
2748 0.895371577574967 0 0
2749 0.895697522816167 0 0
2750 0.896023468057366 0 0
2751 0.896349413298566 0 0
2752 0.896675358539765 0 0
2753 0.897001303780965 0 0
2754 0.897327249022164 0 0
2755 0.897653194263364 0 0
2756 0.897979139504563 0 0
2757 0.898305084745763 0 0
2758 0.898631029986962 0 0
2759 0.898956975228162 0 0
2760 0.899282920469361 0 0
2761 0.899608865710561 0 0
2762 0.89993481095176 0 0
2763 0.90026075619296 0 0
2764 0.900586701434159 0 0
2765 0.900912646675359 0 0
2766 0.901238591916558 0 0
2767 0.901564537157757 0 0
2768 0.901890482398957 0 0
2769 0.902216427640156 0 0
2770 0.902542372881356 0 0
2771 0.902868318122555 0 0
2772 0.903194263363755 0 0
2773 0.903520208604954 0 0
2774 0.903846153846154 0 0
2775 0.904172099087353 0 0
2776 0.904498044328553 0 0
2777 0.904823989569752 0 0
2778 0.905149934810952 0 0
2779 0.905475880052151 0 0
2780 0.905801825293351 0 0
2781 0.90612777053455 0 0
2782 0.90645371577575 0 0
2783 0.906779661016949 0 0
2784 0.907105606258149 0 0
2785 0.907431551499348 0 0
2786 0.907757496740548 0 0
2787 0.908083441981747 0 0
2788 0.908409387222946 0 0
2789 0.908735332464146 0 0
2790 0.909061277705345 0 0
2791 0.909387222946545 0 0
2792 0.909713168187744 0 0
2793 0.910039113428944 0 0
2794 0.910365058670143 0 0
2795 0.910691003911343 0 0
2796 0.911016949152542 0 0
2797 0.911342894393742 0 0
2798 0.911668839634941 0 0
2799 0.911994784876141 0 0
2800 0.91232073011734 0 0
2801 0.91264667535854 0 0
2802 0.912972620599739 0 0
2803 0.913298565840939 0 0
2804 0.913624511082138 0 0
2805 0.913950456323338 0 0
2806 0.914276401564537 0 0
2807 0.914602346805736 0 0
2808 0.914928292046936 0 0
2809 0.915254237288136 0 0
2810 0.915580182529335 0 0
2811 0.915906127770534 0 0
2812 0.916232073011734 0 0
2813 0.916558018252933 0 0
2814 0.916883963494133 0 0
2815 0.917209908735332 0 0
2816 0.917535853976532 0 0
2817 0.917861799217731 0 0
2818 0.918187744458931 0 0
2819 0.91851368970013 0 0
2820 0.91883963494133 0 0
2821 0.919165580182529 0 0
2822 0.919491525423729 0 0
2823 0.919817470664928 0 0
2824 0.920143415906128 0 0
2825 0.920469361147327 0 0
2826 0.920795306388527 0 0
2827 0.921121251629726 0 0
2828 0.921447196870926 0 0
2829 0.921773142112125 0 0
2830 0.922099087353325 0 0
2831 0.922425032594524 0 0
2832 0.922750977835723 0 0
2833 0.923076923076923 0 0
2834 0.923402868318122 0 0
2835 0.923728813559322 0 0
2836 0.924054758800521 0 0
2837 0.924380704041721 0 0
2838 0.92470664928292 0 0
2839 0.92503259452412 0 0
2840 0.925358539765319 0 0
2841 0.925684485006519 0 0
2842 0.926010430247718 0 0
2843 0.926336375488918 0 0
2844 0.926662320730117 0 0
2845 0.926988265971317 0 0
2846 0.927314211212516 0 0
2847 0.927640156453716 0 0
2848 0.927966101694915 0 0
2849 0.928292046936115 0 0
2850 0.928617992177314 0 0
2851 0.928943937418514 0 0
2852 0.929269882659713 0 0
2853 0.929595827900913 0 0
2854 0.929921773142112 0 0
2855 0.930247718383312 0 0
2856 0.930573663624511 0 0
2857 0.930899608865711 0 0
2858 0.93122555410691 0 0
2859 0.931551499348109 0 0
2860 0.931877444589309 0 0
2861 0.932203389830508 0 0
2862 0.932529335071708 0 0
2863 0.932855280312907 0 0
2864 0.933181225554107 0 0
2865 0.933507170795306 0 0
2866 0.933833116036506 0 0
2867 0.934159061277705 0 0
2868 0.934485006518905 0 0
2869 0.934810951760104 0 0
2870 0.935136897001304 0 0
2871 0.935462842242503 0 0
2872 0.935788787483703 0 0
2873 0.936114732724902 0 0
2874 0.936440677966102 0 0
2875 0.936766623207301 0 0
2876 0.937092568448501 0 0
2877 0.9374185136897 0 0
2878 0.9377444589309 0 0
2879 0.938070404172099 0 0
2880 0.938396349413298 0 0
2881 0.938722294654498 0 0
2882 0.939048239895697 0 0
2883 0.939374185136897 0 0
2884 0.939700130378096 0 0
2885 0.940026075619296 0 0
2886 0.940352020860495 0 0
2887 0.940677966101695 0 0
2888 0.941003911342894 0 0
2889 0.941329856584094 0 0
2890 0.941655801825293 0 0
2891 0.941981747066493 0 0
2892 0.942307692307692 0 0
2893 0.942633637548892 0 0
2894 0.942959582790091 0 0
2895 0.943285528031291 0 0
2896 0.94361147327249 0 0
2897 0.94393741851369 0 0
2898 0.944263363754889 0 0
2899 0.944589308996089 0 0
2900 0.944915254237288 0 0
2901 0.945241199478488 0 0
2902 0.945567144719687 0 0
2903 0.945893089960887 0 0
2904 0.946219035202086 0 0
2905 0.946544980443285 0 0
2906 0.946870925684485 0 0
2907 0.947196870925684 0 0
2908 0.947522816166884 0 0
2909 0.947848761408083 0 0
2910 0.948174706649283 0 0
2911 0.948500651890482 0 0
2912 0.948826597131682 0 0
2913 0.949152542372881 0 0
2914 0.949478487614081 0 0
2915 0.94980443285528 0 0
2916 0.95013037809648 0 0
2917 0.950456323337679 0 0
2918 0.950782268578879 0 0
2919 0.951108213820078 0 0
2920 0.951434159061278 0 0
2921 0.951760104302477 0 0
2922 0.952086049543677 0 0
2923 0.952411994784876 0 0
2924 0.952737940026075 0 0
2925 0.953063885267275 0 0
2926 0.953389830508474 0 0
2927 0.953715775749674 0 0
2928 0.954041720990873 0 0
2929 0.954367666232073 0 0
2930 0.954693611473272 0 0
2931 0.955019556714472 0 0
2932 0.955345501955671 0 0
2933 0.955671447196871 0 0
2934 0.95599739243807 0 0
2935 0.95632333767927 0 0
2936 0.956649282920469 0 0
2937 0.956975228161669 0 0
2938 0.957301173402868 0 0
2939 0.957627118644068 0 0
2940 0.957953063885267 0 0
2941 0.958279009126467 0 0
2942 0.958604954367666 0 0
2943 0.958930899608866 0 0
2944 0.959256844850065 0 0
2945 0.959582790091265 0 0
2946 0.959908735332464 0 0
2947 0.960234680573664 0 0
2948 0.960560625814863 0 0
2949 0.960886571056063 0 0
2950 0.961212516297262 0 0
2951 0.961538461538461 0 0
2952 0.961864406779661 0 0
2953 0.96219035202086 0 0
2954 0.96251629726206 0 0
2955 0.962842242503259 0 0
2956 0.963168187744459 0 0
2957 0.963494132985658 0 0
2958 0.963820078226858 0 0
2959 0.964146023468057 0 0
2960 0.964471968709257 0 0
2961 0.964797913950456 0 0
2962 0.965123859191656 0 0
2963 0.965449804432855 0 0
2964 0.965775749674055 0 0
2965 0.966101694915254 0 0
2966 0.966427640156454 0 0
2967 0.966753585397653 0 0
2968 0.967079530638853 0 0
2969 0.967405475880052 0 0
2970 0.967731421121252 0 0
2971 0.968057366362451 0 0
2972 0.96838331160365 0 0
2973 0.96870925684485 0 0
2974 0.969035202086049 0 0
2975 0.969361147327249 0 0
2976 0.969687092568448 0 0
2977 0.970013037809648 0 0
2978 0.970338983050847 0 0
2979 0.970664928292047 0 0
2980 0.970990873533246 0 0
2981 0.971316818774446 0 0
2982 0.971642764015645 0 0
2983 0.971968709256845 0 0
2984 0.972294654498044 0 0
2985 0.972620599739244 0 0
2986 0.972946544980443 0 0
2987 0.973272490221643 0 0
2988 0.973598435462842 0 0
2989 0.973924380704042 0 0
2990 0.974250325945241 0 0
2991 0.974576271186441 0 0
2992 0.97490221642764 0 0
2993 0.97522816166884 0 0
2994 0.975554106910039 0 0
2995 0.975880052151239 0 0
2996 0.976205997392438 0 0
2997 0.976531942633638 0 0
2998 0.976857887874837 0 0
2999 0.977183833116036 0 0
3000 0.977509778357236 0 0
3001 0.977835723598435 0 0
3002 0.978161668839635 0 0
3003 0.978487614080834 0 0
3004 0.978813559322034 0 0
3005 0.979139504563233 0 0
3006 0.979465449804433 0 0
3007 0.979791395045632 0 0
3008 0.980117340286832 0 0
3009 0.980443285528031 0 0
3010 0.980769230769231 0 0
3011 0.98109517601043 0 0
3012 0.98142112125163 0 0
3013 0.981747066492829 0 0
3014 0.982073011734029 0 0
3015 0.982398956975228 0 0
3016 0.982724902216427 0 0
3017 0.983050847457627 0 0
3018 0.983376792698826 0 0
3019 0.983702737940026 0 0
3020 0.984028683181225 0 0
3021 0.984354628422425 0 0
3022 0.984680573663624 0 0
3023 0.985006518904824 0 0
3024 0.985332464146023 0 0
3025 0.985658409387223 0 0
3026 0.985984354628422 0 0
3027 0.986310299869622 0 0
3028 0.986636245110821 0 0
3029 0.986962190352021 0 0
3030 0.98728813559322 0 0
3031 0.98761408083442 0 0
3032 0.987940026075619 0 0
3033 0.988265971316819 0 0
3034 0.988591916558018 0 0
3035 0.988917861799218 0 0
3036 0.989243807040417 0 0
3037 0.989569752281617 0 0
3038 0.989895697522816 0 0
3039 0.990221642764016 0 0
3040 0.990547588005215 0 0
3041 0.990873533246415 0 0
3042 0.991199478487614 0 0
3043 0.991525423728813 0 0
3044 0.991851368970013 0 0
3045 0.992177314211212 0 0
3046 0.992503259452412 0 0
3047 0.992829204693611 0 0
3048 0.993155149934811 0 0
3049 0.99348109517601 0 0
3050 0.99380704041721 0 0
3051 0.994132985658409 0 0
3052 0.994458930899609 0 0
3053 0.994784876140808 0 0
3054 0.995110821382008 0 0
3055 0.995436766623207 0 0
3056 0.995762711864407 0 0
3057 0.996088657105606 0 0
3058 0.996414602346806 0 0
3059 0.996740547588005 0 0
3060 0.997066492829205 0 0
3061 0.997392438070404 0 0
3062 0.997718383311604 0 0
3063 0.998044328552803 0 0
3064 0.998370273794002 0 0
3065 0.998696219035202 0 0
3066 0.999022164276401 0 0
3067 0.999348109517601 0 0
3068 0.9996740547588 0 0
3069 1 0 0
