1 0 0 0
2 0.00617283950617284 0 0
3 0.0123456790123457 0 0
4 0.0185185185185185 0 0
5 0.0246913580246914 0 0
6 0.0308641975308642 0 0
7 0.037037037037037 0 0
8 0.0432098765432099 0 0
9 0.0493827160493827 0 0
10 0.0555555555555556 0 0
11 0.0617283950617284 0 0
12 0.0679012345679012 0 0
13 0.0740740740740741 0 0
14 0.0802469135802469 0 0
15 0.0864197530864197 0 0
16 0.0925925925925926 0 0
17 0.0987654320987654 0 0
18 0.104938271604938 0 0
19 0.111111111111111 0 0
20 0.117283950617284 0 0
21 0.123456790123457 0 0
22 0.12962962962963 0 0
23 0.135802469135802 0 0
24 0.141975308641975 0 0
25 0.148148148148148 0 0
26 0.154320987654321 0 0
27 0.160493827160494 0 0
28 0.166666666666667 0 0
29 0.172839506172839 0 0
30 0.179012345679012 0 0
31 0.185185185185185 0 0
32 0.191358024691358 0 0
33 0.197530864197531 0 0
34 0.203703703703704 0 0
35 0.209876543209877 0 0
36 0.216049382716049 0 0
37 0.222222222222222 0 0
38 0.228395061728395 0 0
39 0.234567901234568 0 0
40 0.240740740740741 0 0
41 0.246913580246914 0 0
42 0.253086419753086 0 0
43 0.259259259259259 0 0
44 0.265432098765432 0 0
45 0.271604938271605 0 0
46 0.277777777777778 0 0
47 0.283950617283951 0 0
48 0.290123456790123 0 0
49 0.296296296296296 0 0
50 0.302469135802469 0 0
51 0.308641975308642 0 0
52 0.314814814814815 0 0
53 0.320987654320988 0 0
54 0.327160493827161 0 0
55 0.333333333333333 0 0
56 0.339506172839506 0 0
57 0.345679012345679 0 0
58 0.351851851851852 0 0
59 0.358024691358025 0 0
60 0.364197530864197 0 0
61 0.37037037037037 0 0
62 0.376543209876543 0 0
63 0.382716049382716 0 0
64 0.388888888888889 0 0
65 0.395061728395062 0 0
66 0.401234567901235 0 0
67 0.407407407407407 0 0
68 0.41358024691358 0 0
69 0.419753086419753 0 0
70 0.425925925925926 0 0
71 0.432098765432099 0 0
72 0.438271604938272 0 0
73 0.444444444444444 0 0
74 0.450617283950617 0 0
75 0.45679012345679 0 0
76 0.462962962962963 0 0
77 0.469135802469136 0 0
78 0.475308641975309 0 0
79 0.481481481481482 0 0
80 0.487654320987654 0 0
81 0.493827160493827 0 0
82 0.5 0 0
83 0.506172839506173 0 0
84 0.512345679012346 0 0
85 0.518518518518518 0 0
86 0.524691358024691 0 0
87 0.530864197530864 0 0
88 0.537037037037037 0 0
89 0.54320987654321 0 0
90 0.549382716049383 0 0
91 0.555555555555556 0 0
92 0.561728395061728 0 0
93 0.567901234567901 0 0
94 0.574074074074074 0 0
95 0.580246913580247 0 0
96 0.58641975308642 0 0
97 0.592592592592593 0 0
98 0.598765432098765 0 0
99 0.604938271604938 0 0
100 0.611111111111111 0 0
101 0.617283950617284 0 0
102 0.623456790123457 0 0
103 0.62962962962963 0 0
104 0.635802469135802 0 0
105 0.641975308641975 0 0
106 0.648148148148148 0 0
107 0.654320987654321 0 0
108 0.660493827160494 0 0
109 0.666666666666667 0 0
110 0.672839506172839 0 0
111 0.679012345679012 0 0
112 0.685185185185185 0 0
113 0.691358024691358 0 0
114 0.697530864197531 0 0
115 0.703703703703704 0 0
116 0.709876543209877 0 0
117 0.716049382716049 0 0
118 0.722222222222222 0 0
119 0.728395061728395 0 0
120 0.734567901234568 0 0
121 0.740740740740741 0 0
122 0.746913580246914 0 0
123 0.753086419753086 0 0
124 0.759259259259259 0 0
125 0.765432098765432 0 0
126 0.771604938271605 0 0
127 0.777777777777778 0 0
128 0.783950617283951 0 0
129 0.790123456790123 0 0
130 0.796296296296296 0 0
131 0.802469135802469 0 0
132 0.808641975308642 0 0
133 0.814814814814815 0 0
134 0.820987654320988 0 0
135 0.827160493827161 0 0
136 0.833333333333333 0 0
137 0.839506172839506 0 0
138 0.845679012345679 0 0
139 0.851851851851852 0 0
140 0.858024691358025 0 0
141 0.864197530864198 0 0
142 0.87037037037037 0 0
143 0.876543209876543 0 0
144 0.882716049382716 0 0
145 0.888888888888889 0 0
146 0.895061728395062 0 0
147 0.901234567901235 0 0
148 0.907407407407407 0 0
149 0.91358024691358 0 0
150 0.919753086419753 0 0
151 0.925925925925926 0 0
152 0.932098765432099 0 0
153 0.938271604938272 0 0
154 0.944444444444444 0 0
155 0.950617283950617 0 0
156 0.95679012345679 0 0
157 0.962962962962963 0 0
158 0.969135802469136 0 0
159 0.975308641975309 0 0
160 0.981481481481481 0 0
161 0.987654320987654 0 0
162 0.993827160493827 0 0
163 1 0 0
