1 1 1 1 1 18 19 17
2 1 1 1 17 19 20 16
3 1 1 1 16 20 21 15
4 1 1 1 15 21 22 14
5 1 1 1 14 22 23 13
6 1 1 1 13 23 24 12
7 1 1 1 12 24 25 11
8 1 1 1 11 25 26 10
9 1 1 1 10 26 27 9
10 1 1 1 9 27 28 8
11 1 1 1 8 28 29 7
12 1 1 1 7 29 30 6
13 1 1 1 6 30 31 5
14 1 1 1 5 31 32 4
15 1 1 1 4 32 33 3
16 1 1 1 3 33 34 2
17 1 1 1 18 35 36 19
18 1 1 1 19 36 37 20
19 1 1 1 20 37 38 21
20 1 1 1 21 38 39 22
21 1 1 1 22 39 40 23
22 1 1 1 23 40 41 24
23 1 1 1 24 41 42 25
24 1 1 1 25 42 43 26
25 1 1 1 26 43 44 27
26 1 1 1 27 44 45 28
27 1 1 1 28 45 46 29
28 1 1 1 29 46 47 30
29 1 1 1 30 47 48 31
30 1 1 1 31 48 49 32
31 1 1 1 32 49 50 33
32 1 1 1 33 50 51 34
33 1 1 1 35 52 53 36
34 1 1 1 36 53 54 37
35 1 1 1 37 54 55 38
36 1 1 1 38 55 56 39
37 1 1 1 39 56 57 40
38 1 1 1 40 57 58 41
39 1 1 1 41 58 59 42
40 1 1 1 42 59 60 43
41 1 1 1 43 60 61 44
42 1 1 1 44 61 62 45
43 1 1 1 45 62 63 46
44 1 1 1 46 63 64 47
45 1 1 1 47 64 65 48
46 1 1 1 48 65 66 49
47 1 1 1 49 66 67 50
48 1 1 1 50 67 68 51
49 1 1 1 52 69 70 53
50 1 1 1 53 70 71 54
51 1 1 1 54 71 72 55
52 1 1 1 55 72 73 56
53 1 1 1 56 73 74 57
54 1 1 1 57 74 75 58
55 1 1 1 58 75 76 59
56 1 1 1 59 76 77 60
57 1 1 1 60 77 78 61
58 1 1 1 61 78 79 62
59 1 1 1 62 79 80 63
60 1 1 1 63 80 81 64
61 1 1 1 64 81 82 65
62 1 1 1 65 82 83 66
63 1 1 1 66 83 84 67
64 1 1 1 67 84 85 68
65 1 1 1 69 86 87 70
66 1 1 1 70 87 88 71
67 1 1 1 71 88 89 72
68 1 1 1 72 89 90 73
69 1 1 1 73 90 91 74
70 1 1 1 74 91 92 75
71 1 1 1 75 92 93 76
72 1 1 1 76 93 94 77
73 1 1 1 77 94 95 78
74 1 1 1 78 95 96 79
75 1 1 1 79 96 97 80
76 1 1 1 80 97 98 81
77 1 1 1 81 98 99 82
78 1 1 1 82 99 100 83
79 1 1 1 83 100 101 84
80 1 1 1 84 101 102 85
81 1 1 1 86 103 104 87
82 1 1 1 87 104 105 88
83 1 1 1 88 105 106 89
84 1 1 1 89 106 107 90
85 1 1 1 90 107 108 91
86 1 1 1 91 108 109 92
87 1 1 1 92 109 110 93
88 1 1 1 93 110 111 94
89 1 1 1 94 111 112 95
90 1 1 1 95 112 113 96
91 1 1 1 96 113 114 97
92 1 1 1 97 114 115 98
93 1 1 1 98 115 116 99
94 1 1 1 99 116 117 100
95 1 1 1 100 117 118 101
96 1 1 1 101 118 119 102
97 1 1 1 103 120 121 104
98 1 1 1 104 121 122 105
99 1 1 1 105 122 123 106
100 1 1 1 106 123 124 107
101 1 1 1 107 124 125 108
102 1 1 1 108 125 126 109
103 1 1 1 109 126 127 110
104 1 1 1 110 127 128 111
105 1 1 1 111 128 129 112
106 1 1 1 112 129 130 113
107 1 1 1 113 130 131 114
108 1 1 1 114 131 132 115
109 1 1 1 115 132 133 116
110 1 1 1 116 133 134 117
111 1 1 1 117 134 135 118
112 1 1 1 118 135 136 119
113 1 1 1 120 137 138 121
114 1 1 1 121 138 139 122
115 1 1 1 122 139 140 123
116 1 1 1 123 140 141 124
117 1 1 1 124 141 142 125
118 1 1 1 125 142 143 126
119 1 1 1 126 143 144 127
120 1 1 1 127 144 145 128
121 1 1 1 128 145 146 129
122 1 1 1 129 146 147 130
123 1 1 1 130 147 148 131
124 1 1 1 131 148 149 132
125 1 1 1 132 149 150 133
126 1 1 1 133 150 151 134
127 1 1 1 134 151 152 135
128 1 1 1 135 152 153 136
129 1 1 1 137 154 155 138
130 1 1 1 138 155 156 139
131 1 1 1 139 156 157 140
132 1 1 1 140 157 158 141
133 1 1 1 141 158 159 142
134 1 1 1 142 159 160 143
135 1 1 1 143 160 161 144
136 1 1 1 144 161 162 145
137 1 1 1 145 162 163 146
138 1 1 1 146 163 164 147
139 1 1 1 147 164 165 148
140 1 1 1 148 165 166 149
141 1 1 1 149 166 167 150
142 1 1 1 150 167 168 151
143 1 1 1 151 168 169 152
144 1 1 1 152 169 170 153
145 1 1 1 154 171 172 155
146 1 1 1 155 172 173 156
147 1 1 1 156 173 174 157
148 1 1 1 157 174 175 158
149 1 1 1 158 175 176 159
150 1 1 1 159 176 177 160
151 1 1 1 160 177 178 161
152 1 1 1 161 178 179 162
153 1 1 1 162 179 180 163
154 1 1 1 163 180 181 164
155 1 1 1 164 181 182 165
156 1 1 1 165 182 183 166
157 1 1 1 166 183 184 167
158 1 1 1 167 184 185 168
159 1 1 1 168 185 186 169
160 1 1 1 169 186 187 170
161 1 1 1 171 188 189 172
162 1 1 1 172 189 190 173
163 1 1 1 173 190 191 174
164 1 1 1 174 191 192 175
165 1 1 1 175 192 193 176
166 1 1 1 176 193 194 177
167 1 1 1 177 194 195 178
168 1 1 1 178 195 196 179
169 1 1 1 179 196 197 180
170 1 1 1 180 197 198 181
171 1 1 1 181 198 199 182
172 1 1 1 182 199 200 183
173 1 1 1 183 200 201 184
174 1 1 1 184 201 202 185
175 1 1 1 185 202 203 186
176 1 1 1 186 203 204 187
177 1 1 1 188 205 206 189
178 1 1 1 189 206 207 190
179 1 1 1 190 207 208 191
180 1 1 1 191 208 209 192
181 1 1 1 192 209 210 193
182 1 1 1 193 210 211 194
183 1 1 1 194 211 212 195
184 1 1 1 195 212 213 196
185 1 1 1 196 213 214 197
186 1 1 1 197 214 215 198
187 1 1 1 198 215 216 199
188 1 1 1 199 216 217 200
189 1 1 1 200 217 218 201
190 1 1 1 201 218 219 202
191 1 1 1 202 219 220 203
192 1 1 1 203 220 221 204
193 1 1 1 205 222 223 206
194 1 1 1 206 223 224 207
195 1 1 1 207 224 225 208
196 1 1 1 208 225 226 209
197 1 1 1 209 226 227 210
198 1 1 1 210 227 228 211
199 1 1 1 211 228 229 212
200 1 1 1 212 229 230 213
201 1 1 1 213 230 231 214
202 1 1 1 214 231 232 215
203 1 1 1 215 232 233 216
204 1 1 1 216 233 234 217
205 1 1 1 217 234 235 218
206 1 1 1 218 235 236 219
207 1 1 1 219 236 237 220
208 1 1 1 220 237 238 221
209 1 1 1 222 255 254 223
210 1 1 1 223 254 253 224
211 1 1 1 224 253 252 225
212 1 1 1 225 252 251 226
213 1 1 1 226 251 250 227
214 1 1 1 227 250 249 228
215 1 1 1 228 249 248 229
216 1 1 1 229 248 247 230
217 1 1 1 230 247 246 231
218 1 1 1 231 246 245 232
219 1 1 1 232 245 244 233
220 1 1 1 233 244 243 234
221 1 1 1 234 243 242 235
222 1 1 1 235 242 241 236
223 1 1 1 236 241 240 237
224 1 1 1 237 240 239 238
225 1 1 1 255 272 271 254
226 1 1 1 254 271 270 253
227 1 1 1 253 270 269 252
228 1 1 1 252 269 268 251
229 1 1 1 251 268 267 250
230 1 1 1 250 267 266 249
231 1 1 1 249 266 265 248
232 1 1 1 248 265 264 247
233 1 1 1 247 264 263 246
234 1 1 1 246 263 262 245
235 1 1 1 245 262 261 244
236 1 1 1 244 261 260 243
237 1 1 1 243 260 259 242
238 1 1 1 242 259 258 241
239 1 1 1 241 258 257 240
240 1 1 1 240 257 256 239
241 1 1 1 272 273 275 271
242 1 1 1 271 275 276 270
243 1 1 1 270 276 277 269
244 1 1 1 269 277 278 268
245 1 1 1 268 278 279 267
246 1 1 1 267 279 280 266
247 1 1 1 266 280 281 265
248 1 1 1 265 281 282 264
249 1 1 1 264 282 283 263
250 1 1 1 263 283 284 262
251 1 1 1 262 284 285 261
252 1 1 1 261 285 286 260
253 1 1 1 260 286 287 259
254 1 1 1 259 287 288 258
255 1 1 1 258 288 289 257
256 1 1 1 257 289 274 256
