1 1 1 1 1 67 69 17 34 68 36 33 35
2 1 1 1 17 69 71 16 36 70 38 32 37
3 1 1 1 16 71 73 15 38 72 40 31 39
4 1 1 1 15 73 75 14 40 74 42 30 41
5 1 1 1 14 75 77 13 42 76 44 29 43
6 1 1 1 13 77 79 12 44 78 46 28 45
7 1 1 1 12 79 81 11 46 80 48 27 47
8 1 1 1 11 81 83 10 48 82 50 26 49
9 1 1 1 10 83 85 9 50 84 52 25 51
10 1 1 1 9 85 87 8 52 86 54 24 53
11 1 1 1 8 87 89 7 54 88 56 23 55
12 1 1 1 7 89 91 6 56 90 58 22 57
13 1 1 1 6 91 93 5 58 92 60 21 59
14 1 1 1 5 93 95 4 60 94 62 20 61
15 1 1 1 4 95 97 3 62 96 64 19 63
16 1 1 1 3 97 99 2 64 98 66 18 65
17 1 1 1 67 133 135 69 100 134 102 68 101
18 1 1 1 69 135 137 71 102 136 104 70 103
19 1 1 1 71 137 139 73 104 138 106 72 105
20 1 1 1 73 139 141 75 106 140 108 74 107
21 1 1 1 75 141 143 77 108 142 110 76 109
22 1 1 1 77 143 145 79 110 144 112 78 111
23 1 1 1 79 145 147 81 112 146 114 80 113
24 1 1 1 81 147 149 83 114 148 116 82 115
25 1 1 1 83 149 151 85 116 150 118 84 117
26 1 1 1 85 151 153 87 118 152 120 86 119
27 1 1 1 87 153 155 89 120 154 122 88 121
28 1 1 1 89 155 157 91 122 156 124 90 123
29 1 1 1 91 157 159 93 124 158 126 92 125
30 1 1 1 93 159 161 95 126 160 128 94 127
31 1 1 1 95 161 163 97 128 162 130 96 129
32 1 1 1 97 163 165 99 130 164 132 98 131
33 1 1 1 133 199 201 135 166 200 168 134 167
34 1 1 1 135 201 203 137 168 202 170 136 169
35 1 1 1 137 203 205 139 170 204 172 138 171
36 1 1 1 139 205 207 141 172 206 174 140 173
37 1 1 1 141 207 209 143 174 208 176 142 175
38 1 1 1 143 209 211 145 176 210 178 144 177
39 1 1 1 145 211 213 147 178 212 180 146 179
40 1 1 1 147 213 215 149 180 214 182 148 181
41 1 1 1 149 215 217 151 182 216 184 150 183
42 1 1 1 151 217 219 153 184 218 186 152 185
43 1 1 1 153 219 221 155 186 220 188 154 187
44 1 1 1 155 221 223 157 188 222 190 156 189
45 1 1 1 157 223 225 159 190 224 192 158 191
46 1 1 1 159 225 227 161 192 226 194 160 193
47 1 1 1 161 227 229 163 194 228 196 162 195
48 1 1 1 163 229 231 165 196 230 198 164 197
49 1 1 1 199 265 267 201 232 266 234 200 233
50 1 1 1 201 267 269 203 234 268 236 202 235
51 1 1 1 203 269 271 205 236 270 238 204 237
52 1 1 1 205 271 273 207 238 272 240 206 239
53 1 1 1 207 273 275 209 240 274 242 208 241
54 1 1 1 209 275 277 211 242 276 244 210 243
55 1 1 1 211 277 279 213 244 278 246 212 245
56 1 1 1 213 279 281 215 246 280 248 214 247
57 1 1 1 215 281 283 217 248 282 250 216 249
58 1 1 1 217 283 285 219 250 284 252 218 251
59 1 1 1 219 285 287 221 252 286 254 220 253
60 1 1 1 221 287 289 223 254 288 256 222 255
61 1 1 1 223 289 291 225 256 290 258 224 257
62 1 1 1 225 291 293 227 258 292 260 226 259
63 1 1 1 227 293 295 229 260 294 262 228 261
64 1 1 1 229 295 297 231 262 296 264 230 263
65 1 1 1 265 331 333 267 298 332 300 266 299
66 1 1 1 267 333 335 269 300 334 302 268 301
67 1 1 1 269 335 337 271 302 336 304 270 303
68 1 1 1 271 337 339 273 304 338 306 272 305
69 1 1 1 273 339 341 275 306 340 308 274 307
70 1 1 1 275 341 343 277 308 342 310 276 309
71 1 1 1 277 343 345 279 310 344 312 278 311
72 1 1 1 279 345 347 281 312 346 314 280 313
73 1 1 1 281 347 349 283 314 348 316 282 315
74 1 1 1 283 349 351 285 316 350 318 284 317
75 1 1 1 285 351 353 287 318 352 320 286 319
76 1 1 1 287 353 355 289 320 354 322 288 321
77 1 1 1 289 355 357 291 322 356 324 290 323
78 1 1 1 291 357 359 293 324 358 326 292 325
79 1 1 1 293 359 361 295 326 360 328 294 327
80 1 1 1 295 361 363 297 328 362 330 296 329
81 1 1 1 331 397 399 333 364 398 366 332 365
82 1 1 1 333 399 401 335 366 400 368 334 367
83 1 1 1 335 401 403 337 368 402 370 336 369
84 1 1 1 337 403 405 339 370 404 372 338 371
85 1 1 1 339 405 407 341 372 406 374 340 373
86 1 1 1 341 407 409 343 374 408 376 342 375
87 1 1 1 343 409 411 345 376 410 378 344 377
88 1 1 1 345 411 413 347 378 412 380 346 379
89 1 1 1 347 413 415 349 380 414 382 348 381
90 1 1 1 349 415 417 351 382 416 384 350 383
91 1 1 1 351 417 419 353 384 418 386 352 385
92 1 1 1 353 419 421 355 386 420 388 354 387
93 1 1 1 355 421 423 357 388 422 390 356 389
94 1 1 1 357 423 425 359 390 424 392 358 391
95 1 1 1 359 425 427 361 392 426 394 360 393
96 1 1 1 361 427 429 363 394 428 396 362 395
97 1 1 1 397 463 465 399 430 464 432 398 431
98 1 1 1 399 465 467 401 432 466 434 400 433
99 1 1 1 401 467 469 403 434 468 436 402 435
100 1 1 1 403 469 471 405 436 470 438 404 437
101 1 1 1 405 471 473 407 438 472 440 406 439
102 1 1 1 407 473 475 409 440 474 442 408 441
103 1 1 1 409 475 477 411 442 476 444 410 443
104 1 1 1 411 477 479 413 444 478 446 412 445
105 1 1 1 413 479 481 415 446 480 448 414 447
106 1 1 1 415 481 483 417 448 482 450 416 449
107 1 1 1 417 483 485 419 450 484 452 418 451
108 1 1 1 419 485 487 421 452 486 454 420 453
109 1 1 1 421 487 489 423 454 488 456 422 455
110 1 1 1 423 489 491 425 456 490 458 424 457
111 1 1 1 425 491 493 427 458 492 460 426 459
112 1 1 1 427 493 495 429 460 494 462 428 461
113 1 1 1 463 529 531 465 496 530 498 464 497
114 1 1 1 465 531 533 467 498 532 500 466 499
115 1 1 1 467 533 535 469 500 534 502 468 501
116 1 1 1 469 535 537 471 502 536 504 470 503
117 1 1 1 471 537 539 473 504 538 506 472 505
118 1 1 1 473 539 541 475 506 540 508 474 507
119 1 1 1 475 541 543 477 508 542 510 476 509
120 1 1 1 477 543 545 479 510 544 512 478 511
121 1 1 1 479 545 547 481 512 546 514 480 513
122 1 1 1 481 547 549 483 514 548 516 482 515
123 1 1 1 483 549 551 485 516 550 518 484 517
124 1 1 1 485 551 553 487 518 552 520 486 519
125 1 1 1 487 553 555 489 520 554 522 488 521
126 1 1 1 489 555 557 491 522 556 524 490 523
127 1 1 1 491 557 559 493 524 558 526 492 525
128 1 1 1 493 559 561 495 526 560 528 494 527
129 1 1 1 529 595 597 531 562 596 564 530 563
130 1 1 1 531 597 599 533 564 598 566 532 565
131 1 1 1 533 599 601 535 566 600 568 534 567
132 1 1 1 535 601 603 537 568 602 570 536 569
133 1 1 1 537 603 605 539 570 604 572 538 571
134 1 1 1 539 605 607 541 572 606 574 540 573
135 1 1 1 541 607 609 543 574 608 576 542 575
136 1 1 1 543 609 611 545 576 610 578 544 577
137 1 1 1 545 611 613 547 578 612 580 546 579
138 1 1 1 547 613 615 549 580 614 582 548 581
139 1 1 1 549 615 617 551 582 616 584 550 583
140 1 1 1 551 617 619 553 584 618 586 552 585
141 1 1 1 553 619 621 555 586 620 588 554 587
142 1 1 1 555 621 623 557 588 622 590 556 589
143 1 1 1 557 623 625 559 590 624 592 558 591
144 1 1 1 559 625 627 561 592 626 594 560 593
145 1 1 1 595 661 663 597 628 662 630 596 629
146 1 1 1 597 663 665 599 630 664 632 598 631
147 1 1 1 599 665 667 601 632 666 634 600 633
148 1 1 1 601 667 669 603 634 668 636 602 635
149 1 1 1 603 669 671 605 636 670 638 604 637
150 1 1 1 605 671 673 607 638 672 640 606 639
151 1 1 1 607 673 675 609 640 674 642 608 641
152 1 1 1 609 675 677 611 642 676 644 610 643
153 1 1 1 611 677 679 613 644 678 646 612 645
154 1 1 1 613 679 681 615 646 680 648 614 647
155 1 1 1 615 681 683 617 648 682 650 616 649
156 1 1 1 617 683 685 619 650 684 652 618 651
157 1 1 1 619 685 687 621 652 686 654 620 653
158 1 1 1 621 687 689 623 654 688 656 622 655
159 1 1 1 623 689 691 625 656 690 658 624 657
160 1 1 1 625 691 693 627 658 692 660 626 659
161 1 1 1 661 727 729 663 694 728 696 662 695
162 1 1 1 663 729 731 665 696 730 698 664 697
163 1 1 1 665 731 733 667 698 732 700 666 699
164 1 1 1 667 733 735 669 700 734 702 668 701
165 1 1 1 669 735 737 671 702 736 704 670 703
166 1 1 1 671 737 739 673 704 738 706 672 705
167 1 1 1 673 739 741 675 706 740 708 674 707
168 1 1 1 675 741 743 677 708 742 710 676 709
169 1 1 1 677 743 745 679 710 744 712 678 711
170 1 1 1 679 745 747 681 712 746 714 680 713
171 1 1 1 681 747 749 683 714 748 716 682 715
172 1 1 1 683 749 751 685 716 750 718 684 717
173 1 1 1 685 751 753 687 718 752 720 686 719
174 1 1 1 687 753 755 689 720 754 722 688 721
175 1 1 1 689 755 757 691 722 756 724 690 723
176 1 1 1 691 757 759 693 724 758 726 692 725
177 1 1 1 727 793 795 729 760 794 762 728 761
178 1 1 1 729 795 797 731 762 796 764 730 763
179 1 1 1 731 797 799 733 764 798 766 732 765
180 1 1 1 733 799 801 735 766 800 768 734 767
181 1 1 1 735 801 803 737 768 802 770 736 769
182 1 1 1 737 803 805 739 770 804 772 738 771
183 1 1 1 739 805 807 741 772 806 774 740 773
184 1 1 1 741 807 809 743 774 808 776 742 775
185 1 1 1 743 809 811 745 776 810 778 744 777
186 1 1 1 745 811 813 747 778 812 780 746 779
187 1 1 1 747 813 815 749 780 814 782 748 781
188 1 1 1 749 815 817 751 782 816 784 750 783
189 1 1 1 751 817 819 753 784 818 786 752 785
190 1 1 1 753 819 821 755 786 820 788 754 787
191 1 1 1 755 821 823 757 788 822 790 756 789
192 1 1 1 757 823 825 759 790 824 792 758 791
193 1 1 1 793 859 861 795 826 860 828 794 827
194 1 1 1 795 861 863 797 828 862 830 796 829
195 1 1 1 797 863 865 799 830 864 832 798 831
196 1 1 1 799 865 867 801 832 866 834 800 833
197 1 1 1 801 867 869 803 834 868 836 802 835
198 1 1 1 803 869 871 805 836 870 838 804 837
199 1 1 1 805 871 873 807 838 872 840 806 839
200 1 1 1 807 873 875 809 840 874 842 808 841
201 1 1 1 809 875 877 811 842 876 844 810 843
202 1 1 1 811 877 879 813 844 878 846 812 845
203 1 1 1 813 879 881 815 846 880 848 814 847
204 1 1 1 815 881 883 817 848 882 850 816 849
205 1 1 1 817 883 885 819 850 884 852 818 851
206 1 1 1 819 885 887 821 852 886 854 820 853
207 1 1 1 821 887 889 823 854 888 856 822 855
208 1 1 1 823 889 891 825 856 890 858 824 857
209 1 1 1 859 957 955 861 892 956 894 860 893
210 1 1 1 861 955 953 863 894 954 896 862 895
211 1 1 1 863 953 951 865 896 952 898 864 897
212 1 1 1 865 951 949 867 898 950 900 866 899
213 1 1 1 867 949 947 869 900 948 902 868 901
214 1 1 1 869 947 945 871 902 946 904 870 903
215 1 1 1 871 945 943 873 904 944 906 872 905
216 1 1 1 873 943 941 875 906 942 908 874 907
217 1 1 1 875 941 939 877 908 940 910 876 909
218 1 1 1 877 939 937 879 910 938 912 878 911
219 1 1 1 879 937 935 881 912 936 914 880 913
220 1 1 1 881 935 933 883 914 934 916 882 915
221 1 1 1 883 933 931 885 916 932 918 884 917
222 1 1 1 885 931 929 887 918 930 920 886 919
223 1 1 1 887 929 927 889 920 928 922 888 921
224 1 1 1 889 927 925 891 922 926 924 890 923
225 1 1 1 957 1023 1021 955 990 1022 988 956 989
226 1 1 1 955 1021 1019 953 988 1020 986 954 987
227 1 1 1 953 1019 1017 951 986 1018 984 952 985
228 1 1 1 951 1017 1015 949 984 1016 982 950 983
229 1 1 1 949 1015 1013 947 982 1014 980 948 981
230 1 1 1 947 1013 1011 945 980 1012 978 946 979
231 1 1 1 945 1011 1009 943 978 1010 976 944 977
232 1 1 1 943 1009 1007 941 976 1008 974 942 975
233 1 1 1 941 1007 1005 939 974 1006 972 940 973
234 1 1 1 939 1005 1003 937 972 1004 969 938 970
235 1 1 1 937 1003 1001 935 969 1002 967 936 968
236 1 1 1 935 1001 999 933 967 1000 965 934 966
237 1 1 1 933 999 997 931 965 998 962 932 963
238 1 1 1 931 997 995 929 962 996 960 930 961
239 1 1 1 929 995 993 927 960 994 958 928 959
240 1 1 1 927 993 991 925 958 992 971 926 964
241 1 1 1 1023 1057 1059 1021 1056 1074 1054 1022 1055
242 1 1 1 1021 1059 1060 1019 1054 1075 1052 1020 1053
243 1 1 1 1019 1060 1061 1017 1052 1076 1050 1018 1051
244 1 1 1 1017 1061 1062 1015 1050 1077 1048 1016 1049
245 1 1 1 1015 1062 1063 1013 1048 1078 1046 1014 1047
246 1 1 1 1013 1063 1064 1011 1046 1079 1044 1012 1045
247 1 1 1 1011 1064 1065 1009 1044 1080 1042 1010 1043
248 1 1 1 1009 1065 1066 1007 1042 1081 1040 1008 1041
249 1 1 1 1007 1066 1067 1005 1040 1082 1038 1006 1039
250 1 1 1 1005 1067 1068 1003 1038 1083 1036 1004 1037
251 1 1 1 1003 1068 1069 1001 1036 1084 1034 1002 1035
252 1 1 1 1001 1069 1070 999 1034 1085 1032 1000 1033
253 1 1 1 999 1070 1071 997 1032 1086 1030 998 1031
254 1 1 1 997 1071 1072 995 1030 1087 1028 996 1029
255 1 1 1 995 1072 1073 993 1028 1088 1026 994 1027
256 1 1 1 993 1073 1058 991 1026 1089 1024 992 1025
