1 1 1 1 1 76 79 9 26 51 77 78 54 29 24 25 27 52 53 28
2 1 1 1 9 79 82 8 29 54 80 81 57 32 22 23 30 55 56 31
3 1 1 1 8 82 85 7 32 57 83 84 60 35 20 21 33 58 59 34
4 1 1 1 7 85 88 6 35 60 86 87 63 38 18 19 36 61 62 37
5 1 1 1 6 88 91 5 38 63 89 90 66 41 16 17 39 64 65 40
6 1 1 1 5 91 94 4 41 66 92 93 69 44 14 15 42 67 68 43
7 1 1 1 4 94 97 3 44 69 95 96 72 47 12 13 45 70 71 46
8 1 1 1 3 97 100 2 47 72 98 99 75 50 10 11 48 73 74 49
9 1 1 1 76 151 154 79 101 126 152 153 129 104 78 77 102 127 128 103
10 1 1 1 79 154 157 82 104 129 155 156 132 107 81 80 105 130 131 106
11 1 1 1 82 157 160 85 107 132 158 159 135 110 84 83 108 133 134 109
12 1 1 1 85 160 163 88 110 135 161 162 138 113 87 86 111 136 137 112
13 1 1 1 88 163 166 91 113 138 164 165 141 116 90 89 114 139 140 115
14 1 1 1 91 166 169 94 116 141 167 168 144 119 93 92 117 142 143 118
15 1 1 1 94 169 172 97 119 144 170 171 147 122 96 95 120 145 146 121
16 1 1 1 97 172 175 100 122 147 173 174 150 125 99 98 123 148 149 124
17 1 1 1 151 226 229 154 176 201 227 228 204 179 153 152 177 202 203 178
18 1 1 1 154 229 232 157 179 204 230 231 207 182 156 155 180 205 206 181
19 1 1 1 157 232 235 160 182 207 233 234 210 185 159 158 183 208 209 184
20 1 1 1 160 235 238 163 185 210 236 237 213 188 162 161 186 211 212 187
21 1 1 1 163 238 241 166 188 213 239 240 216 191 165 164 189 214 215 190
22 1 1 1 166 241 244 169 191 216 242 243 219 194 168 167 192 217 218 193
23 1 1 1 169 244 247 172 194 219 245 246 222 197 171 170 195 220 221 196
24 1 1 1 172 247 250 175 197 222 248 249 225 200 174 173 198 223 224 199
25 1 1 1 226 301 304 229 251 276 302 303 279 254 228 227 252 277 278 253
26 1 1 1 229 304 307 232 254 279 305 306 282 257 231 230 255 280 281 256
27 1 1 1 232 307 310 235 257 282 308 309 285 260 234 233 258 283 284 259
28 1 1 1 235 310 313 238 260 285 311 312 288 263 237 236 261 286 287 262
29 1 1 1 238 313 316 241 263 288 314 315 291 266 240 239 264 289 290 265
30 1 1 1 241 316 319 244 266 291 317 318 294 269 243 242 267 292 293 268
31 1 1 1 244 319 322 247 269 294 320 321 297 272 246 245 270 295 296 271
32 1 1 1 247 322 325 250 272 297 323 324 300 275 249 248 273 298 299 274
33 1 1 1 301 376 379 304 326 351 377 378 354 329 303 302 327 352 353 328
34 1 1 1 304 379 382 307 329 354 380 381 357 332 306 305 330 355 356 331
35 1 1 1 307 382 385 310 332 357 383 384 360 335 309 308 333 358 359 334
36 1 1 1 310 385 388 313 335 360 386 387 363 338 312 311 336 361 362 337
37 1 1 1 313 388 391 316 338 363 389 390 366 341 315 314 339 364 365 340
38 1 1 1 316 391 394 319 341 366 392 393 369 344 318 317 342 367 368 343
39 1 1 1 319 394 397 322 344 369 395 396 372 347 321 320 345 370 371 346
40 1 1 1 322 397 400 325 347 372 398 399 375 350 324 323 348 373 374 349
41 1 1 1 376 451 454 379 401 426 452 453 429 404 378 377 402 427 428 403
42 1 1 1 379 454 457 382 404 429 455 456 432 407 381 380 405 430 431 406
43 1 1 1 382 457 460 385 407 432 458 459 435 410 384 383 408 433 434 409
44 1 1 1 385 460 463 388 410 435 461 462 438 413 387 386 411 436 437 412
45 1 1 1 388 463 466 391 413 438 464 465 441 416 390 389 414 439 440 415
46 1 1 1 391 466 469 394 416 441 467 468 444 419 393 392 417 442 443 418
47 1 1 1 394 469 472 397 419 444 470 471 447 422 396 395 420 445 446 421
48 1 1 1 397 472 475 400 422 447 473 474 450 425 399 398 423 448 449 424
49 1 1 1 451 550 547 454 476 501 549 548 504 479 453 452 477 502 503 478
50 1 1 1 454 547 544 457 479 504 546 545 507 482 456 455 480 505 506 481
51 1 1 1 457 544 541 460 482 507 543 542 510 485 459 458 483 508 509 484
52 1 1 1 460 541 538 463 485 510 540 539 513 488 462 461 486 511 512 487
53 1 1 1 463 538 535 466 488 513 537 536 516 491 465 464 489 514 515 490
54 1 1 1 466 535 532 469 491 516 534 533 519 494 468 467 492 517 518 493
55 1 1 1 469 532 529 472 494 519 531 530 522 497 471 470 495 520 521 496
56 1 1 1 472 529 526 475 497 522 528 527 525 500 474 473 498 523 524 499
57 1 1 1 550 601 603 547 575 600 610 611 597 572 548 549 574 599 598 573
58 1 1 1 547 603 604 544 572 597 612 613 594 569 545 546 571 596 595 570
59 1 1 1 544 604 605 541 569 594 614 615 591 566 542 543 568 593 592 567
60 1 1 1 541 605 606 538 566 591 616 617 588 563 539 540 565 590 589 564
61 1 1 1 538 606 607 535 563 588 618 619 585 560 536 537 562 587 586 561
62 1 1 1 535 607 608 532 560 585 620 621 582 557 533 534 559 584 583 558
63 1 1 1 532 608 609 529 557 582 622 623 579 554 530 531 556 581 580 555
64 1 1 1 529 609 602 526 554 579 624 625 576 551 527 528 553 578 577 552
