1 1 1 1 1 8 9 7
2 1 1 1 7 9 10 6
3 1 1 1 6 10 11 5
4 1 1 1 5 11 12 4
5 1 1 1 4 12 13 3
6 1 1 1 3 13 14 2
7 1 1 1 8 15 16 9
8 1 1 1 9 16 17 10
9 1 1 1 10 17 18 11
10 1 1 1 11 18 19 12
11 1 1 1 12 19 20 13
12 1 1 1 13 20 21 14
13 1 1 1 15 22 23 16
14 1 1 1 16 23 24 17
15 1 1 1 17 24 25 18
16 1 1 1 18 25 26 19
17 1 1 1 19 26 27 20
18 1 1 1 20 27 28 21
19 1 1 1 22 29 30 23
20 1 1 1 23 30 31 24
21 1 1 1 24 31 32 25
22 1 1 1 25 32 33 26
23 1 1 1 26 33 34 27
24 1 1 1 27 34 35 28
25 1 1 1 29 36 37 30
26 1 1 1 30 37 38 31
27 1 1 1 31 38 39 32
28 1 1 1 32 39 40 33
29 1 1 1 33 40 41 34
30 1 1 1 34 41 42 35
31 1 1 1 36 43 45 37
32 1 1 1 37 45 46 38
33 1 1 1 38 46 47 39
34 1 1 1 39 47 48 40
35 1 1 1 40 48 49 41
36 1 1 1 41 49 44 42
