1 1 1 1 1 34 35 33
2 1 1 1 33 35 36 32
3 1 1 1 32 36 37 31
4 1 1 1 31 37 38 30
5 1 1 1 30 38 39 29
6 1 1 1 29 39 40 28
7 1 1 1 28 40 41 27
8 1 1 1 27 41 42 26
9 1 1 1 26 42 43 25
10 1 1 1 25 43 44 24
11 1 1 1 24 44 45 23
12 1 1 1 23 45 46 22
13 1 1 1 22 46 47 21
14 1 1 1 21 47 48 20
15 1 1 1 20 48 49 19
16 1 1 1 19 49 50 18
17 1 1 1 18 50 51 17
18 1 1 1 17 51 52 16
19 1 1 1 16 52 53 15
20 1 1 1 15 53 54 14
21 1 1 1 14 54 55 13
22 1 1 1 13 55 56 12
23 1 1 1 12 56 57 11
24 1 1 1 11 57 58 10
25 1 1 1 10 58 59 9
26 1 1 1 9 59 60 8
27 1 1 1 8 60 61 7
28 1 1 1 7 61 62 6
29 1 1 1 6 62 63 5
30 1 1 1 5 63 64 4
31 1 1 1 4 64 65 3
32 1 1 1 3 65 66 2
33 1 1 1 34 67 68 35
34 1 1 1 35 68 69 36
35 1 1 1 36 69 70 37
36 1 1 1 37 70 71 38
37 1 1 1 38 71 72 39
38 1 1 1 39 72 73 40
39 1 1 1 40 73 74 41
40 1 1 1 41 74 75 42
41 1 1 1 42 75 76 43
42 1 1 1 43 76 77 44
43 1 1 1 44 77 78 45
44 1 1 1 45 78 79 46
45 1 1 1 46 79 80 47
46 1 1 1 47 80 81 48
47 1 1 1 48 81 82 49
48 1 1 1 49 82 83 50
49 1 1 1 50 83 84 51
50 1 1 1 51 84 85 52
51 1 1 1 52 85 86 53
52 1 1 1 53 86 87 54
53 1 1 1 54 87 88 55
54 1 1 1 55 88 89 56
55 1 1 1 56 89 90 57
56 1 1 1 57 90 91 58
57 1 1 1 58 91 92 59
58 1 1 1 59 92 93 60
59 1 1 1 60 93 94 61
60 1 1 1 61 94 95 62
61 1 1 1 62 95 96 63
62 1 1 1 63 96 97 64
63 1 1 1 64 97 98 65
64 1 1 1 65 98 99 66
65 1 1 1 67 100 101 68
66 1 1 1 68 101 102 69
67 1 1 1 69 102 103 70
68 1 1 1 70 103 104 71
69 1 1 1 71 104 105 72
70 1 1 1 72 105 106 73
71 1 1 1 73 106 107 74
72 1 1 1 74 107 108 75
73 1 1 1 75 108 109 76
74 1 1 1 76 109 110 77
75 1 1 1 77 110 111 78
76 1 1 1 78 111 112 79
77 1 1 1 79 112 113 80
78 1 1 1 80 113 114 81
79 1 1 1 81 114 115 82
80 1 1 1 82 115 116 83
81 1 1 1 83 116 117 84
82 1 1 1 84 117 118 85
83 1 1 1 85 118 119 86
84 1 1 1 86 119 120 87
85 1 1 1 87 120 121 88
86 1 1 1 88 121 122 89
87 1 1 1 89 122 123 90
88 1 1 1 90 123 124 91
89 1 1 1 91 124 125 92
90 1 1 1 92 125 126 93
91 1 1 1 93 126 127 94
92 1 1 1 94 127 128 95
93 1 1 1 95 128 129 96
94 1 1 1 96 129 130 97
95 1 1 1 97 130 131 98
96 1 1 1 98 131 132 99
97 1 1 1 100 133 134 101
98 1 1 1 101 134 135 102
99 1 1 1 102 135 136 103
100 1 1 1 103 136 137 104
101 1 1 1 104 137 138 105
102 1 1 1 105 138 139 106
103 1 1 1 106 139 140 107
104 1 1 1 107 140 141 108
105 1 1 1 108 141 142 109
106 1 1 1 109 142 143 110
107 1 1 1 110 143 144 111
108 1 1 1 111 144 145 112
109 1 1 1 112 145 146 113
110 1 1 1 113 146 147 114
111 1 1 1 114 147 148 115
112 1 1 1 115 148 149 116
113 1 1 1 116 149 150 117
114 1 1 1 117 150 151 118
115 1 1 1 118 151 152 119
116 1 1 1 119 152 153 120
117 1 1 1 120 153 154 121
118 1 1 1 121 154 155 122
119 1 1 1 122 155 156 123
120 1 1 1 123 156 157 124
121 1 1 1 124 157 158 125
122 1 1 1 125 158 159 126
123 1 1 1 126 159 160 127
124 1 1 1 127 160 161 128
125 1 1 1 128 161 162 129
126 1 1 1 129 162 163 130
127 1 1 1 130 163 164 131
128 1 1 1 131 164 165 132
129 1 1 1 133 166 167 134
130 1 1 1 134 167 168 135
131 1 1 1 135 168 169 136
132 1 1 1 136 169 170 137
133 1 1 1 137 170 171 138
134 1 1 1 138 171 172 139
135 1 1 1 139 172 173 140
136 1 1 1 140 173 174 141
137 1 1 1 141 174 175 142
138 1 1 1 142 175 176 143
139 1 1 1 143 176 177 144
140 1 1 1 144 177 178 145
141 1 1 1 145 178 179 146
142 1 1 1 146 179 180 147
143 1 1 1 147 180 181 148
144 1 1 1 148 181 182 149
145 1 1 1 149 182 183 150
146 1 1 1 150 183 184 151
147 1 1 1 151 184 185 152
148 1 1 1 152 185 186 153
149 1 1 1 153 186 187 154
150 1 1 1 154 187 188 155
151 1 1 1 155 188 189 156
152 1 1 1 156 189 190 157
153 1 1 1 157 190 191 158
154 1 1 1 158 191 192 159
155 1 1 1 159 192 193 160
156 1 1 1 160 193 194 161
157 1 1 1 161 194 195 162
158 1 1 1 162 195 196 163
159 1 1 1 163 196 197 164
160 1 1 1 164 197 198 165
161 1 1 1 166 199 200 167
162 1 1 1 167 200 201 168
163 1 1 1 168 201 202 169
164 1 1 1 169 202 203 170
165 1 1 1 170 203 204 171
166 1 1 1 171 204 205 172
167 1 1 1 172 205 206 173
168 1 1 1 173 206 207 174
169 1 1 1 174 207 208 175
170 1 1 1 175 208 209 176
171 1 1 1 176 209 210 177
172 1 1 1 177 210 211 178
173 1 1 1 178 211 212 179
174 1 1 1 179 212 213 180
175 1 1 1 180 213 214 181
176 1 1 1 181 214 215 182
177 1 1 1 182 215 216 183
178 1 1 1 183 216 217 184
179 1 1 1 184 217 218 185
180 1 1 1 185 218 219 186
181 1 1 1 186 219 220 187
182 1 1 1 187 220 221 188
183 1 1 1 188 221 222 189
184 1 1 1 189 222 223 190
185 1 1 1 190 223 224 191
186 1 1 1 191 224 225 192
187 1 1 1 192 225 226 193
188 1 1 1 193 226 227 194
189 1 1 1 194 227 228 195
190 1 1 1 195 228 229 196
191 1 1 1 196 229 230 197
192 1 1 1 197 230 231 198
193 1 1 1 199 232 233 200
194 1 1 1 200 233 234 201
195 1 1 1 201 234 235 202
196 1 1 1 202 235 236 203
197 1 1 1 203 236 237 204
198 1 1 1 204 237 238 205
199 1 1 1 205 238 239 206
200 1 1 1 206 239 240 207
201 1 1 1 207 240 241 208
202 1 1 1 208 241 242 209
203 1 1 1 209 242 243 210
204 1 1 1 210 243 244 211
205 1 1 1 211 244 245 212
206 1 1 1 212 245 246 213
207 1 1 1 213 246 247 214
208 1 1 1 214 247 248 215
209 1 1 1 215 248 249 216
210 1 1 1 216 249 250 217
211 1 1 1 217 250 251 218
212 1 1 1 218 251 252 219
213 1 1 1 219 252 253 220
214 1 1 1 220 253 254 221
215 1 1 1 221 254 255 222
216 1 1 1 222 255 256 223
217 1 1 1 223 256 257 224
218 1 1 1 224 257 258 225
219 1 1 1 225 258 259 226
220 1 1 1 226 259 260 227
221 1 1 1 227 260 261 228
222 1 1 1 228 261 262 229
223 1 1 1 229 262 263 230
224 1 1 1 230 263 264 231
225 1 1 1 232 265 266 233
226 1 1 1 233 266 267 234
227 1 1 1 234 267 268 235
228 1 1 1 235 268 269 236
229 1 1 1 236 269 270 237
230 1 1 1 237 270 271 238
231 1 1 1 238 271 272 239
232 1 1 1 239 272 273 240
233 1 1 1 240 273 274 241
234 1 1 1 241 274 275 242
235 1 1 1 242 275 276 243
236 1 1 1 243 276 277 244
237 1 1 1 244 277 278 245
238 1 1 1 245 278 279 246
239 1 1 1 246 279 280 247
240 1 1 1 247 280 281 248
241 1 1 1 248 281 282 249
242 1 1 1 249 282 283 250
243 1 1 1 250 283 284 251
244 1 1 1 251 284 285 252
245 1 1 1 252 285 286 253
246 1 1 1 253 286 287 254
247 1 1 1 254 287 288 255
248 1 1 1 255 288 289 256
249 1 1 1 256 289 290 257
250 1 1 1 257 290 291 258
251 1 1 1 258 291 292 259
252 1 1 1 259 292 293 260
253 1 1 1 260 293 294 261
254 1 1 1 261 294 295 262
255 1 1 1 262 295 296 263
256 1 1 1 263 296 297 264
257 1 1 1 265 298 299 266
258 1 1 1 266 299 300 267
259 1 1 1 267 300 301 268
260 1 1 1 268 301 302 269
261 1 1 1 269 302 303 270
262 1 1 1 270 303 304 271
263 1 1 1 271 304 305 272
264 1 1 1 272 305 306 273
265 1 1 1 273 306 307 274
266 1 1 1 274 307 308 275
267 1 1 1 275 308 309 276
268 1 1 1 276 309 310 277
269 1 1 1 277 310 311 278
270 1 1 1 278 311 312 279
271 1 1 1 279 312 313 280
272 1 1 1 280 313 314 281
273 1 1 1 281 314 315 282
274 1 1 1 282 315 316 283
275 1 1 1 283 316 317 284
276 1 1 1 284 317 318 285
277 1 1 1 285 318 319 286
278 1 1 1 286 319 320 287
279 1 1 1 287 320 321 288
280 1 1 1 288 321 322 289
281 1 1 1 289 322 323 290
282 1 1 1 290 323 324 291
283 1 1 1 291 324 325 292
284 1 1 1 292 325 326 293
285 1 1 1 293 326 327 294
286 1 1 1 294 327 328 295
287 1 1 1 295 328 329 296
288 1 1 1 296 329 330 297
289 1 1 1 298 331 332 299
290 1 1 1 299 332 333 300
291 1 1 1 300 333 334 301
292 1 1 1 301 334 335 302
293 1 1 1 302 335 336 303
294 1 1 1 303 336 337 304
295 1 1 1 304 337 338 305
296 1 1 1 305 338 339 306
297 1 1 1 306 339 340 307
298 1 1 1 307 340 341 308
299 1 1 1 308 341 342 309
300 1 1 1 309 342 343 310
301 1 1 1 310 343 344 311
302 1 1 1 311 344 345 312
303 1 1 1 312 345 346 313
304 1 1 1 313 346 347 314
305 1 1 1 314 347 348 315
306 1 1 1 315 348 349 316
307 1 1 1 316 349 350 317
308 1 1 1 317 350 351 318
309 1 1 1 318 351 352 319
310 1 1 1 319 352 353 320
311 1 1 1 320 353 354 321
312 1 1 1 321 354 355 322
313 1 1 1 322 355 356 323
314 1 1 1 323 356 357 324
315 1 1 1 324 357 358 325
316 1 1 1 325 358 359 326
317 1 1 1 326 359 360 327
318 1 1 1 327 360 361 328
319 1 1 1 328 361 362 329
320 1 1 1 329 362 363 330
321 1 1 1 331 364 365 332
322 1 1 1 332 365 366 333
323 1 1 1 333 366 367 334
324 1 1 1 334 367 368 335
325 1 1 1 335 368 369 336
326 1 1 1 336 369 370 337
327 1 1 1 337 370 371 338
328 1 1 1 338 371 372 339
329 1 1 1 339 372 373 340
330 1 1 1 340 373 374 341
331 1 1 1 341 374 375 342
332 1 1 1 342 375 376 343
333 1 1 1 343 376 377 344
334 1 1 1 344 377 378 345
335 1 1 1 345 378 379 346
336 1 1 1 346 379 380 347
337 1 1 1 347 380 381 348
338 1 1 1 348 381 382 349
339 1 1 1 349 382 383 350
340 1 1 1 350 383 384 351
341 1 1 1 351 384 385 352
342 1 1 1 352 385 386 353
343 1 1 1 353 386 387 354
344 1 1 1 354 387 388 355
345 1 1 1 355 388 389 356
346 1 1 1 356 389 390 357
347 1 1 1 357 390 391 358
348 1 1 1 358 391 392 359
349 1 1 1 359 392 393 360
350 1 1 1 360 393 394 361
351 1 1 1 361 394 395 362
352 1 1 1 362 395 396 363
353 1 1 1 364 397 398 365
354 1 1 1 365 398 399 366
355 1 1 1 366 399 400 367
356 1 1 1 367 400 401 368
357 1 1 1 368 401 402 369
358 1 1 1 369 402 403 370
359 1 1 1 370 403 404 371
360 1 1 1 371 404 405 372
361 1 1 1 372 405 406 373
362 1 1 1 373 406 407 374
363 1 1 1 374 407 408 375
364 1 1 1 375 408 409 376
365 1 1 1 376 409 410 377
366 1 1 1 377 410 411 378
367 1 1 1 378 411 412 379
368 1 1 1 379 412 413 380
369 1 1 1 380 413 414 381
370 1 1 1 381 414 415 382
371 1 1 1 382 415 416 383
372 1 1 1 383 416 417 384
373 1 1 1 384 417 418 385
374 1 1 1 385 418 419 386
375 1 1 1 386 419 420 387
376 1 1 1 387 420 421 388
377 1 1 1 388 421 422 389
378 1 1 1 389 422 423 390
379 1 1 1 390 423 424 391
380 1 1 1 391 424 425 392
381 1 1 1 392 425 426 393
382 1 1 1 393 426 427 394
383 1 1 1 394 427 428 395
384 1 1 1 395 428 429 396
385 1 1 1 397 430 431 398
386 1 1 1 398 431 432 399
387 1 1 1 399 432 433 400
388 1 1 1 400 433 434 401
389 1 1 1 401 434 435 402
390 1 1 1 402 435 436 403
391 1 1 1 403 436 437 404
392 1 1 1 404 437 438 405
393 1 1 1 405 438 439 406
394 1 1 1 406 439 440 407
395 1 1 1 407 440 441 408
396 1 1 1 408 441 442 409
397 1 1 1 409 442 443 410
398 1 1 1 410 443 444 411
399 1 1 1 411 444 445 412
400 1 1 1 412 445 446 413
401 1 1 1 413 446 447 414
402 1 1 1 414 447 448 415
403 1 1 1 415 448 449 416
404 1 1 1 416 449 450 417
405 1 1 1 417 450 451 418
406 1 1 1 418 451 452 419
407 1 1 1 419 452 453 420
408 1 1 1 420 453 454 421
409 1 1 1 421 454 455 422
410 1 1 1 422 455 456 423
411 1 1 1 423 456 457 424
412 1 1 1 424 457 458 425
413 1 1 1 425 458 459 426
414 1 1 1 426 459 460 427
415 1 1 1 427 460 461 428
416 1 1 1 428 461 462 429
417 1 1 1 430 463 464 431
418 1 1 1 431 464 465 432
419 1 1 1 432 465 466 433
420 1 1 1 433 466 467 434
421 1 1 1 434 467 468 435
422 1 1 1 435 468 469 436
423 1 1 1 436 469 470 437
424 1 1 1 437 470 471 438
425 1 1 1 438 471 472 439
426 1 1 1 439 472 473 440
427 1 1 1 440 473 474 441
428 1 1 1 441 474 475 442
429 1 1 1 442 475 476 443
430 1 1 1 443 476 477 444
431 1 1 1 444 477 478 445
432 1 1 1 445 478 479 446
433 1 1 1 446 479 480 447
434 1 1 1 447 480 481 448
435 1 1 1 448 481 482 449
436 1 1 1 449 482 483 450
437 1 1 1 450 483 484 451
438 1 1 1 451 484 485 452
439 1 1 1 452 485 486 453
440 1 1 1 453 486 487 454
441 1 1 1 454 487 488 455
442 1 1 1 455 488 489 456
443 1 1 1 456 489 490 457
444 1 1 1 457 490 491 458
445 1 1 1 458 491 492 459
446 1 1 1 459 492 493 460
447 1 1 1 460 493 494 461
448 1 1 1 461 494 495 462
449 1 1 1 463 496 497 464
450 1 1 1 464 497 498 465
451 1 1 1 465 498 499 466
452 1 1 1 466 499 500 467
453 1 1 1 467 500 501 468
454 1 1 1 468 501 502 469
455 1 1 1 469 502 503 470
456 1 1 1 470 503 504 471
457 1 1 1 471 504 505 472
458 1 1 1 472 505 506 473
459 1 1 1 473 506 507 474
460 1 1 1 474 507 508 475
461 1 1 1 475 508 509 476
462 1 1 1 476 509 510 477
463 1 1 1 477 510 511 478
464 1 1 1 478 511 512 479
465 1 1 1 479 512 513 480
466 1 1 1 480 513 514 481
467 1 1 1 481 514 515 482
468 1 1 1 482 515 516 483
469 1 1 1 483 516 517 484
470 1 1 1 484 517 518 485
471 1 1 1 485 518 519 486
472 1 1 1 486 519 520 487
473 1 1 1 487 520 521 488
474 1 1 1 488 521 522 489
475 1 1 1 489 522 523 490
476 1 1 1 490 523 524 491
477 1 1 1 491 524 525 492
478 1 1 1 492 525 526 493
479 1 1 1 493 526 527 494
480 1 1 1 494 527 528 495
481 1 1 1 496 529 530 497
482 1 1 1 497 530 531 498
483 1 1 1 498 531 532 499
484 1 1 1 499 532 533 500
485 1 1 1 500 533 534 501
486 1 1 1 501 534 535 502
487 1 1 1 502 535 536 503
488 1 1 1 503 536 537 504
489 1 1 1 504 537 538 505
490 1 1 1 505 538 539 506
491 1 1 1 506 539 540 507
492 1 1 1 507 540 541 508
493 1 1 1 508 541 542 509
494 1 1 1 509 542 543 510
495 1 1 1 510 543 544 511
496 1 1 1 511 544 545 512
497 1 1 1 512 545 546 513
498 1 1 1 513 546 547 514
499 1 1 1 514 547 548 515
500 1 1 1 515 548 549 516
501 1 1 1 516 549 550 517
502 1 1 1 517 550 551 518
503 1 1 1 518 551 552 519
504 1 1 1 519 552 553 520
505 1 1 1 520 553 554 521
506 1 1 1 521 554 555 522
507 1 1 1 522 555 556 523
508 1 1 1 523 556 557 524
509 1 1 1 524 557 558 525
510 1 1 1 525 558 559 526
511 1 1 1 526 559 560 527
512 1 1 1 527 560 561 528
513 1 1 1 529 562 563 530
514 1 1 1 530 563 564 531
515 1 1 1 531 564 565 532
516 1 1 1 532 565 566 533
517 1 1 1 533 566 567 534
518 1 1 1 534 567 568 535
519 1 1 1 535 568 569 536
520 1 1 1 536 569 570 537
521 1 1 1 537 570 571 538
522 1 1 1 538 571 572 539
523 1 1 1 539 572 573 540
524 1 1 1 540 573 574 541
525 1 1 1 541 574 575 542
526 1 1 1 542 575 576 543
527 1 1 1 543 576 577 544
528 1 1 1 544 577 578 545
529 1 1 1 545 578 579 546
530 1 1 1 546 579 580 547
531 1 1 1 547 580 581 548
532 1 1 1 548 581 582 549
533 1 1 1 549 582 583 550
534 1 1 1 550 583 584 551
535 1 1 1 551 584 585 552
536 1 1 1 552 585 586 553
537 1 1 1 553 586 587 554
538 1 1 1 554 587 588 555
539 1 1 1 555 588 589 556
540 1 1 1 556 589 590 557
541 1 1 1 557 590 591 558
542 1 1 1 558 591 592 559
543 1 1 1 559 592 593 560
544 1 1 1 560 593 594 561
545 1 1 1 562 595 596 563
546 1 1 1 563 596 597 564
547 1 1 1 564 597 598 565
548 1 1 1 565 598 599 566
549 1 1 1 566 599 600 567
550 1 1 1 567 600 601 568
551 1 1 1 568 601 602 569
552 1 1 1 569 602 603 570
553 1 1 1 570 603 604 571
554 1 1 1 571 604 605 572
555 1 1 1 572 605 606 573
556 1 1 1 573 606 607 574
557 1 1 1 574 607 608 575
558 1 1 1 575 608 609 576
559 1 1 1 576 609 610 577
560 1 1 1 577 610 611 578
561 1 1 1 578 611 612 579
562 1 1 1 579 612 613 580
563 1 1 1 580 613 614 581
564 1 1 1 581 614 615 582
565 1 1 1 582 615 616 583
566 1 1 1 583 616 617 584
567 1 1 1 584 617 618 585
568 1 1 1 585 618 619 586
569 1 1 1 586 619 620 587
570 1 1 1 587 620 621 588
571 1 1 1 588 621 622 589
572 1 1 1 589 622 623 590
573 1 1 1 590 623 624 591
574 1 1 1 591 624 625 592
575 1 1 1 592 625 626 593
576 1 1 1 593 626 627 594
577 1 1 1 595 628 629 596
578 1 1 1 596 629 630 597
579 1 1 1 597 630 631 598
580 1 1 1 598 631 632 599
581 1 1 1 599 632 633 600
582 1 1 1 600 633 634 601
583 1 1 1 601 634 635 602
584 1 1 1 602 635 636 603
585 1 1 1 603 636 637 604
586 1 1 1 604 637 638 605
587 1 1 1 605 638 639 606
588 1 1 1 606 639 640 607
589 1 1 1 607 640 641 608
590 1 1 1 608 641 642 609
591 1 1 1 609 642 643 610
592 1 1 1 610 643 644 611
593 1 1 1 611 644 645 612
594 1 1 1 612 645 646 613
595 1 1 1 613 646 647 614
596 1 1 1 614 647 648 615
597 1 1 1 615 648 649 616
598 1 1 1 616 649 650 617
599 1 1 1 617 650 651 618
600 1 1 1 618 651 652 619
601 1 1 1 619 652 653 620
602 1 1 1 620 653 654 621
603 1 1 1 621 654 655 622
604 1 1 1 622 655 656 623
605 1 1 1 623 656 657 624
606 1 1 1 624 657 658 625
607 1 1 1 625 658 659 626
608 1 1 1 626 659 660 627
609 1 1 1 628 661 662 629
610 1 1 1 629 662 663 630
611 1 1 1 630 663 664 631
612 1 1 1 631 664 665 632
613 1 1 1 632 665 666 633
614 1 1 1 633 666 667 634
615 1 1 1 634 667 668 635
616 1 1 1 635 668 669 636
617 1 1 1 636 669 670 637
618 1 1 1 637 670 671 638
619 1 1 1 638 671 672 639
620 1 1 1 639 672 673 640
621 1 1 1 640 673 674 641
622 1 1 1 641 674 675 642
623 1 1 1 642 675 676 643
624 1 1 1 643 676 677 644
625 1 1 1 644 677 678 645
626 1 1 1 645 678 679 646
627 1 1 1 646 679 680 647
628 1 1 1 647 680 681 648
629 1 1 1 648 681 682 649
630 1 1 1 649 682 683 650
631 1 1 1 650 683 684 651
632 1 1 1 651 684 685 652
633 1 1 1 652 685 686 653
634 1 1 1 653 686 687 654
635 1 1 1 654 687 688 655
636 1 1 1 655 688 689 656
637 1 1 1 656 689 690 657
638 1 1 1 657 690 691 658
639 1 1 1 658 691 692 659
640 1 1 1 659 692 693 660
641 1 1 1 661 694 695 662
642 1 1 1 662 695 696 663
643 1 1 1 663 696 697 664
644 1 1 1 664 697 698 665
645 1 1 1 665 698 699 666
646 1 1 1 666 699 700 667
647 1 1 1 667 700 701 668
648 1 1 1 668 701 702 669
649 1 1 1 669 702 703 670
650 1 1 1 670 703 704 671
651 1 1 1 671 704 705 672
652 1 1 1 672 705 706 673
653 1 1 1 673 706 707 674
654 1 1 1 674 707 708 675
655 1 1 1 675 708 709 676
656 1 1 1 676 709 710 677
657 1 1 1 677 710 711 678
658 1 1 1 678 711 712 679
659 1 1 1 679 712 713 680
660 1 1 1 680 713 714 681
661 1 1 1 681 714 715 682
662 1 1 1 682 715 716 683
663 1 1 1 683 716 717 684
664 1 1 1 684 717 718 685
665 1 1 1 685 718 719 686
666 1 1 1 686 719 720 687
667 1 1 1 687 720 721 688
668 1 1 1 688 721 722 689
669 1 1 1 689 722 723 690
670 1 1 1 690 723 724 691
671 1 1 1 691 724 725 692
672 1 1 1 692 725 726 693
673 1 1 1 694 727 728 695
674 1 1 1 695 728 729 696
675 1 1 1 696 729 730 697
676 1 1 1 697 730 731 698
677 1 1 1 698 731 732 699
678 1 1 1 699 732 733 700
679 1 1 1 700 733 734 701
680 1 1 1 701 734 735 702
681 1 1 1 702 735 736 703
682 1 1 1 703 736 737 704
683 1 1 1 704 737 738 705
684 1 1 1 705 738 739 706
685 1 1 1 706 739 740 707
686 1 1 1 707 740 741 708
687 1 1 1 708 741 742 709
688 1 1 1 709 742 743 710
689 1 1 1 710 743 744 711
690 1 1 1 711 744 745 712
691 1 1 1 712 745 746 713
692 1 1 1 713 746 747 714
693 1 1 1 714 747 748 715
694 1 1 1 715 748 749 716
695 1 1 1 716 749 750 717
696 1 1 1 717 750 751 718
697 1 1 1 718 751 752 719
698 1 1 1 719 752 753 720
699 1 1 1 720 753 754 721
700 1 1 1 721 754 755 722
701 1 1 1 722 755 756 723
702 1 1 1 723 756 757 724
703 1 1 1 724 757 758 725
704 1 1 1 725 758 759 726
705 1 1 1 727 760 761 728
706 1 1 1 728 761 762 729
707 1 1 1 729 762 763 730
708 1 1 1 730 763 764 731
709 1 1 1 731 764 765 732
710 1 1 1 732 765 766 733
711 1 1 1 733 766 767 734
712 1 1 1 734 767 768 735
713 1 1 1 735 768 769 736
714 1 1 1 736 769 770 737
715 1 1 1 737 770 771 738
716 1 1 1 738 771 772 739
717 1 1 1 739 772 773 740
718 1 1 1 740 773 774 741
719 1 1 1 741 774 775 742
720 1 1 1 742 775 776 743
721 1 1 1 743 776 777 744
722 1 1 1 744 777 778 745
723 1 1 1 745 778 779 746
724 1 1 1 746 779 780 747
725 1 1 1 747 780 781 748
726 1 1 1 748 781 782 749
727 1 1 1 749 782 783 750
728 1 1 1 750 783 784 751
729 1 1 1 751 784 785 752
730 1 1 1 752 785 786 753
731 1 1 1 753 786 787 754
732 1 1 1 754 787 788 755
733 1 1 1 755 788 789 756
734 1 1 1 756 789 790 757
735 1 1 1 757 790 791 758
736 1 1 1 758 791 792 759
737 1 1 1 760 793 794 761
738 1 1 1 761 794 795 762
739 1 1 1 762 795 796 763
740 1 1 1 763 796 797 764
741 1 1 1 764 797 798 765
742 1 1 1 765 798 799 766
743 1 1 1 766 799 800 767
744 1 1 1 767 800 801 768
745 1 1 1 768 801 802 769
746 1 1 1 769 802 803 770
747 1 1 1 770 803 804 771
748 1 1 1 771 804 805 772
749 1 1 1 772 805 806 773
750 1 1 1 773 806 807 774
751 1 1 1 774 807 808 775
752 1 1 1 775 808 809 776
753 1 1 1 776 809 810 777
754 1 1 1 777 810 811 778
755 1 1 1 778 811 812 779
756 1 1 1 779 812 813 780
757 1 1 1 780 813 814 781
758 1 1 1 781 814 815 782
759 1 1 1 782 815 816 783
760 1 1 1 783 816 817 784
761 1 1 1 784 817 818 785
762 1 1 1 785 818 819 786
763 1 1 1 786 819 820 787
764 1 1 1 787 820 821 788
765 1 1 1 788 821 822 789
766 1 1 1 789 822 823 790
767 1 1 1 790 823 824 791
768 1 1 1 791 824 825 792
769 1 1 1 793 826 827 794
770 1 1 1 794 827 828 795
771 1 1 1 795 828 829 796
772 1 1 1 796 829 830 797
773 1 1 1 797 830 831 798
774 1 1 1 798 831 832 799
775 1 1 1 799 832 833 800
776 1 1 1 800 833 834 801
777 1 1 1 801 834 835 802
778 1 1 1 802 835 836 803
779 1 1 1 803 836 837 804
780 1 1 1 804 837 838 805
781 1 1 1 805 838 839 806
782 1 1 1 806 839 840 807
783 1 1 1 807 840 841 808
784 1 1 1 808 841 842 809
785 1 1 1 809 842 843 810
786 1 1 1 810 843 844 811
787 1 1 1 811 844 845 812
788 1 1 1 812 845 846 813
789 1 1 1 813 846 847 814
790 1 1 1 814 847 848 815
791 1 1 1 815 848 849 816
792 1 1 1 816 849 850 817
793 1 1 1 817 850 851 818
794 1 1 1 818 851 852 819
795 1 1 1 819 852 853 820
796 1 1 1 820 853 854 821
797 1 1 1 821 854 855 822
798 1 1 1 822 855 856 823
799 1 1 1 823 856 857 824
800 1 1 1 824 857 858 825
801 1 1 1 826 859 860 827
802 1 1 1 827 860 861 828
803 1 1 1 828 861 862 829
804 1 1 1 829 862 863 830
805 1 1 1 830 863 864 831
806 1 1 1 831 864 865 832
807 1 1 1 832 865 866 833
808 1 1 1 833 866 867 834
809 1 1 1 834 867 868 835
810 1 1 1 835 868 869 836
811 1 1 1 836 869 870 837
812 1 1 1 837 870 871 838
813 1 1 1 838 871 872 839
814 1 1 1 839 872 873 840
815 1 1 1 840 873 874 841
816 1 1 1 841 874 875 842
817 1 1 1 842 875 876 843
818 1 1 1 843 876 877 844
819 1 1 1 844 877 878 845
820 1 1 1 845 878 879 846
821 1 1 1 846 879 880 847
822 1 1 1 847 880 881 848
823 1 1 1 848 881 882 849
824 1 1 1 849 882 883 850
825 1 1 1 850 883 884 851
826 1 1 1 851 884 885 852
827 1 1 1 852 885 886 853
828 1 1 1 853 886 887 854
829 1 1 1 854 887 888 855
830 1 1 1 855 888 889 856
831 1 1 1 856 889 890 857
832 1 1 1 857 890 891 858
833 1 1 1 859 892 893 860
834 1 1 1 860 893 894 861
835 1 1 1 861 894 895 862
836 1 1 1 862 895 896 863
837 1 1 1 863 896 897 864
838 1 1 1 864 897 898 865
839 1 1 1 865 898 899 866
840 1 1 1 866 899 900 867
841 1 1 1 867 900 901 868
842 1 1 1 868 901 902 869
843 1 1 1 869 902 903 870
844 1 1 1 870 903 904 871
845 1 1 1 871 904 905 872
846 1 1 1 872 905 906 873
847 1 1 1 873 906 907 874
848 1 1 1 874 907 908 875
849 1 1 1 875 908 909 876
850 1 1 1 876 909 910 877
851 1 1 1 877 910 911 878
852 1 1 1 878 911 912 879
853 1 1 1 879 912 913 880
854 1 1 1 880 913 914 881
855 1 1 1 881 914 915 882
856 1 1 1 882 915 916 883
857 1 1 1 883 916 917 884
858 1 1 1 884 917 918 885
859 1 1 1 885 918 919 886
860 1 1 1 886 919 920 887
861 1 1 1 887 920 921 888
862 1 1 1 888 921 922 889
863 1 1 1 889 922 923 890
864 1 1 1 890 923 924 891
865 1 1 1 892 957 956 893
866 1 1 1 893 956 955 894
867 1 1 1 894 955 954 895
868 1 1 1 895 954 953 896
869 1 1 1 896 953 952 897
870 1 1 1 897 952 951 898
871 1 1 1 898 951 950 899
872 1 1 1 899 950 949 900
873 1 1 1 900 949 948 901
874 1 1 1 901 948 947 902
875 1 1 1 902 947 946 903
876 1 1 1 903 946 945 904
877 1 1 1 904 945 944 905
878 1 1 1 905 944 943 906
879 1 1 1 906 943 942 907
880 1 1 1 907 942 941 908
881 1 1 1 908 941 940 909
882 1 1 1 909 940 939 910
883 1 1 1 910 939 938 911
884 1 1 1 911 938 937 912
885 1 1 1 912 937 936 913
886 1 1 1 913 936 935 914
887 1 1 1 914 935 934 915
888 1 1 1 915 934 933 916
889 1 1 1 916 933 932 917
890 1 1 1 917 932 931 918
891 1 1 1 918 931 930 919
892 1 1 1 919 930 929 920
893 1 1 1 920 929 928 921
894 1 1 1 921 928 927 922
895 1 1 1 922 927 926 923
896 1 1 1 923 926 925 924
897 1 1 1 957 990 989 956
898 1 1 1 956 989 988 955
899 1 1 1 955 988 987 954
900 1 1 1 954 987 986 953
901 1 1 1 953 986 985 952
902 1 1 1 952 985 984 951
903 1 1 1 951 984 983 950
904 1 1 1 950 983 982 949
905 1 1 1 949 982 981 948
906 1 1 1 948 981 980 947
907 1 1 1 947 980 979 946
908 1 1 1 946 979 978 945
909 1 1 1 945 978 977 944
910 1 1 1 944 977 976 943
911 1 1 1 943 976 975 942
912 1 1 1 942 975 974 941
913 1 1 1 941 974 973 940
914 1 1 1 940 973 972 939
915 1 1 1 939 972 971 938
916 1 1 1 938 971 970 937
917 1 1 1 937 970 969 936
918 1 1 1 936 969 968 935
919 1 1 1 935 968 967 934
920 1 1 1 934 967 966 933
921 1 1 1 933 966 965 932
922 1 1 1 932 965 964 931
923 1 1 1 931 964 963 930
924 1 1 1 930 963 962 929
925 1 1 1 929 962 961 928
926 1 1 1 928 961 960 927
927 1 1 1 927 960 959 926
928 1 1 1 926 959 958 925
929 1 1 1 990 1023 1022 989
930 1 1 1 989 1022 1021 988
931 1 1 1 988 1021 1020 987
932 1 1 1 987 1020 1019 986
933 1 1 1 986 1019 1018 985
934 1 1 1 985 1018 1017 984
935 1 1 1 984 1017 1016 983
936 1 1 1 983 1016 1015 982
937 1 1 1 982 1015 1014 981
938 1 1 1 981 1014 1013 980
939 1 1 1 980 1013 1012 979
940 1 1 1 979 1012 1011 978
941 1 1 1 978 1011 1010 977
942 1 1 1 977 1010 1009 976
943 1 1 1 976 1009 1008 975
944 1 1 1 975 1008 1007 974
945 1 1 1 974 1007 1006 973
946 1 1 1 973 1006 1005 972
947 1 1 1 972 1005 1004 971
948 1 1 1 971 1004 1003 970
949 1 1 1 970 1003 1002 969
950 1 1 1 969 1002 1001 968
951 1 1 1 968 1001 1000 967
952 1 1 1 967 1000 999 966
953 1 1 1 966 999 998 965
954 1 1 1 965 998 997 964
955 1 1 1 964 997 996 963
956 1 1 1 963 996 995 962
957 1 1 1 962 995 994 961
958 1 1 1 961 994 993 960
959 1 1 1 960 993 992 959
960 1 1 1 959 992 991 958
961 1 1 1 1023 1056 1055 1022
962 1 1 1 1022 1055 1054 1021
963 1 1 1 1021 1054 1053 1020
964 1 1 1 1020 1053 1052 1019
965 1 1 1 1019 1052 1051 1018
966 1 1 1 1018 1051 1050 1017
967 1 1 1 1017 1050 1049 1016
968 1 1 1 1016 1049 1048 1015
969 1 1 1 1015 1048 1047 1014
970 1 1 1 1014 1047 1046 1013
971 1 1 1 1013 1046 1045 1012
972 1 1 1 1012 1045 1044 1011
973 1 1 1 1011 1044 1043 1010
974 1 1 1 1010 1043 1042 1009
975 1 1 1 1009 1042 1041 1008
976 1 1 1 1008 1041 1040 1007
977 1 1 1 1007 1040 1039 1006
978 1 1 1 1006 1039 1038 1005
979 1 1 1 1005 1038 1037 1004
980 1 1 1 1004 1037 1036 1003
981 1 1 1 1003 1036 1035 1002
982 1 1 1 1002 1035 1034 1001
983 1 1 1 1001 1034 1033 1000
984 1 1 1 1000 1033 1032 999
985 1 1 1 999 1032 1031 998
986 1 1 1 998 1031 1030 997
987 1 1 1 997 1030 1029 996
988 1 1 1 996 1029 1028 995
989 1 1 1 995 1028 1027 994
990 1 1 1 994 1027 1026 993
991 1 1 1 993 1026 1025 992
992 1 1 1 992 1025 1024 991
993 1 1 1 1056 1057 1059 1055
994 1 1 1 1055 1059 1060 1054
995 1 1 1 1054 1060 1061 1053
996 1 1 1 1053 1061 1062 1052
997 1 1 1 1052 1062 1063 1051
998 1 1 1 1051 1063 1064 1050
999 1 1 1 1050 1064 1065 1049
1000 1 1 1 1049 1065 1066 1048
1001 1 1 1 1048 1066 1067 1047
1002 1 1 1 1047 1067 1068 1046
1003 1 1 1 1046 1068 1069 1045
1004 1 1 1 1045 1069 1070 1044
1005 1 1 1 1044 1070 1071 1043
1006 1 1 1 1043 1071 1072 1042
1007 1 1 1 1042 1072 1073 1041
1008 1 1 1 1041 1073 1074 1040
1009 1 1 1 1040 1074 1075 1039
1010 1 1 1 1039 1075 1076 1038
1011 1 1 1 1038 1076 1077 1037
1012 1 1 1 1037 1077 1078 1036
1013 1 1 1 1036 1078 1079 1035
1014 1 1 1 1035 1079 1080 1034
1015 1 1 1 1034 1080 1081 1033
1016 1 1 1 1033 1081 1082 1032
1017 1 1 1 1032 1082 1083 1031
1018 1 1 1 1031 1083 1084 1030
1019 1 1 1 1030 1084 1085 1029
1020 1 1 1 1029 1085 1086 1028
1021 1 1 1 1028 1086 1087 1027
1022 1 1 1 1027 1087 1088 1026
1023 1 1 1 1026 1088 1089 1025
1024 1 1 1 1025 1089 1058 1024
