1 1 1 1 1 292 295 33 98 195 293 294 198 101 96 97 99 196 197 100
2 1 1 1 33 295 298 32 101 198 296 297 201 104 94 95 102 199 200 103
3 1 1 1 32 298 301 31 104 201 299 300 204 107 92 93 105 202 203 106
4 1 1 1 31 301 304 30 107 204 302 303 207 110 90 91 108 205 206 109
5 1 1 1 30 304 307 29 110 207 305 306 210 113 88 89 111 208 209 112
6 1 1 1 29 307 310 28 113 210 308 309 213 116 86 87 114 211 212 115
7 1 1 1 28 310 313 27 116 213 311 312 216 119 84 85 117 214 215 118
8 1 1 1 27 313 316 26 119 216 314 315 219 122 82 83 120 217 218 121
9 1 1 1 26 316 319 25 122 219 317 318 222 125 80 81 123 220 221 124
10 1 1 1 25 319 322 24 125 222 320 321 225 128 78 79 126 223 224 127
11 1 1 1 24 322 325 23 128 225 323 324 228 131 76 77 129 226 227 130
12 1 1 1 23 325 328 22 131 228 326 327 231 134 74 75 132 229 230 133
13 1 1 1 22 328 331 21 134 231 329 330 234 137 72 73 135 232 233 136
14 1 1 1 21 331 334 20 137 234 332 333 237 140 70 71 138 235 236 139
15 1 1 1 20 334 337 19 140 237 335 336 240 143 68 69 141 238 239 142
16 1 1 1 19 337 340 18 143 240 338 339 243 146 66 67 144 241 242 145
17 1 1 1 18 340 343 17 146 243 341 342 246 149 64 65 147 244 245 148
18 1 1 1 17 343 346 16 149 246 344 345 249 152 62 63 150 247 248 151
19 1 1 1 16 346 349 15 152 249 347 348 252 155 60 61 153 250 251 154
20 1 1 1 15 349 352 14 155 252 350 351 255 158 58 59 156 253 254 157
21 1 1 1 14 352 355 13 158 255 353 354 258 161 56 57 159 256 257 160
22 1 1 1 13 355 358 12 161 258 356 357 261 164 54 55 162 259 260 163
23 1 1 1 12 358 361 11 164 261 359 360 264 167 52 53 165 262 263 166
24 1 1 1 11 361 364 10 167 264 362 363 267 170 50 51 168 265 266 169
25 1 1 1 10 364 367 9 170 267 365 366 270 173 48 49 171 268 269 172
26 1 1 1 9 367 370 8 173 270 368 369 273 176 46 47 174 271 272 175
27 1 1 1 8 370 373 7 176 273 371 372 276 179 44 45 177 274 275 178
28 1 1 1 7 373 376 6 179 276 374 375 279 182 42 43 180 277 278 181
29 1 1 1 6 376 379 5 182 279 377 378 282 185 40 41 183 280 281 184
30 1 1 1 5 379 382 4 185 282 380 381 285 188 38 39 186 283 284 187
31 1 1 1 4 382 385 3 188 285 383 384 288 191 36 37 189 286 287 190
32 1 1 1 3 385 388 2 191 288 386 387 291 194 34 35 192 289 290 193
33 1 1 1 292 583 586 295 389 486 584 585 489 392 294 293 390 487 488 391
34 1 1 1 295 586 589 298 392 489 587 588 492 395 297 296 393 490 491 394
35 1 1 1 298 589 592 301 395 492 590 591 495 398 300 299 396 493 494 397
36 1 1 1 301 592 595 304 398 495 593 594 498 401 303 302 399 496 497 400
37 1 1 1 304 595 598 307 401 498 596 597 501 404 306 305 402 499 500 403
38 1 1 1 307 598 601 310 404 501 599 600 504 407 309 308 405 502 503 406
39 1 1 1 310 601 604 313 407 504 602 603 507 410 312 311 408 505 506 409
40 1 1 1 313 604 607 316 410 507 605 606 510 413 315 314 411 508 509 412
41 1 1 1 316 607 610 319 413 510 608 609 513 416 318 317 414 511 512 415
42 1 1 1 319 610 613 322 416 513 611 612 516 419 321 320 417 514 515 418
43 1 1 1 322 613 616 325 419 516 614 615 519 422 324 323 420 517 518 421
44 1 1 1 325 616 619 328 422 519 617 618 522 425 327 326 423 520 521 424
45 1 1 1 328 619 622 331 425 522 620 621 525 428 330 329 426 523 524 427
46 1 1 1 331 622 625 334 428 525 623 624 528 431 333 332 429 526 527 430
47 1 1 1 334 625 628 337 431 528 626 627 531 434 336 335 432 529 530 433
48 1 1 1 337 628 631 340 434 531 629 630 534 437 339 338 435 532 533 436
49 1 1 1 340 631 634 343 437 534 632 633 537 440 342 341 438 535 536 439
50 1 1 1 343 634 637 346 440 537 635 636 540 443 345 344 441 538 539 442
51 1 1 1 346 637 640 349 443 540 638 639 543 446 348 347 444 541 542 445
52 1 1 1 349 640 643 352 446 543 641 642 546 449 351 350 447 544 545 448
53 1 1 1 352 643 646 355 449 546 644 645 549 452 354 353 450 547 548 451
54 1 1 1 355 646 649 358 452 549 647 648 552 455 357 356 453 550 551 454
55 1 1 1 358 649 652 361 455 552 650 651 555 458 360 359 456 553 554 457
56 1 1 1 361 652 655 364 458 555 653 654 558 461 363 362 459 556 557 460
57 1 1 1 364 655 658 367 461 558 656 657 561 464 366 365 462 559 560 463
58 1 1 1 367 658 661 370 464 561 659 660 564 467 369 368 465 562 563 466
59 1 1 1 370 661 664 373 467 564 662 663 567 470 372 371 468 565 566 469
60 1 1 1 373 664 667 376 470 567 665 666 570 473 375 374 471 568 569 472
61 1 1 1 376 667 670 379 473 570 668 669 573 476 378 377 474 571 572 475
62 1 1 1 379 670 673 382 476 573 671 672 576 479 381 380 477 574 575 478
63 1 1 1 382 673 676 385 479 576 674 675 579 482 384 383 480 577 578 481
64 1 1 1 385 676 679 388 482 579 677 678 582 485 387 386 483 580 581 484
65 1 1 1 583 874 877 586 680 777 875 876 780 683 585 584 681 778 779 682
66 1 1 1 586 877 880 589 683 780 878 879 783 686 588 587 684 781 782 685
67 1 1 1 589 880 883 592 686 783 881 882 786 689 591 590 687 784 785 688
68 1 1 1 592 883 886 595 689 786 884 885 789 692 594 593 690 787 788 691
69 1 1 1 595 886 889 598 692 789 887 888 792 695 597 596 693 790 791 694
70 1 1 1 598 889 892 601 695 792 890 891 795 698 600 599 696 793 794 697
71 1 1 1 601 892 895 604 698 795 893 894 798 701 603 602 699 796 797 700
72 1 1 1 604 895 898 607 701 798 896 897 801 704 606 605 702 799 800 703
73 1 1 1 607 898 901 610 704 801 899 900 804 707 609 608 705 802 803 706
74 1 1 1 610 901 904 613 707 804 902 903 807 710 612 611 708 805 806 709
75 1 1 1 613 904 907 616 710 807 905 906 810 713 615 614 711 808 809 712
76 1 1 1 616 907 910 619 713 810 908 909 813 716 618 617 714 811 812 715
77 1 1 1 619 910 913 622 716 813 911 912 816 719 621 620 717 814 815 718
78 1 1 1 622 913 916 625 719 816 914 915 819 722 624 623 720 817 818 721
79 1 1 1 625 916 919 628 722 819 917 918 822 725 627 626 723 820 821 724
80 1 1 1 628 919 922 631 725 822 920 921 825 728 630 629 726 823 824 727
81 1 1 1 631 922 925 634 728 825 923 924 828 731 633 632 729 826 827 730
82 1 1 1 634 925 928 637 731 828 926 927 831 734 636 635 732 829 830 733
83 1 1 1 637 928 931 640 734 831 929 930 834 737 639 638 735 832 833 736
84 1 1 1 640 931 934 643 737 834 932 933 837 740 642 641 738 835 836 739
85 1 1 1 643 934 937 646 740 837 935 936 840 743 645 644 741 838 839 742
86 1 1 1 646 937 940 649 743 840 938 939 843 746 648 647 744 841 842 745
87 1 1 1 649 940 943 652 746 843 941 942 846 749 651 650 747 844 845 748
88 1 1 1 652 943 946 655 749 846 944 945 849 752 654 653 750 847 848 751
89 1 1 1 655 946 949 658 752 849 947 948 852 755 657 656 753 850 851 754
90 1 1 1 658 949 952 661 755 852 950 951 855 758 660 659 756 853 854 757
91 1 1 1 661 952 955 664 758 855 953 954 858 761 663 662 759 856 857 760
92 1 1 1 664 955 958 667 761 858 956 957 861 764 666 665 762 859 860 763
93 1 1 1 667 958 961 670 764 861 959 960 864 767 669 668 765 862 863 766
94 1 1 1 670 961 964 673 767 864 962 963 867 770 672 671 768 865 866 769
95 1 1 1 673 964 967 676 770 867 965 966 870 773 675 674 771 868 869 772
96 1 1 1 676 967 970 679 773 870 968 969 873 776 678 677 774 871 872 775
97 1 1 1 874 1165 1168 877 971 1068 1166 1167 1071 974 876 875 972 1069 1070 973
98 1 1 1 877 1168 1171 880 974 1071 1169 1170 1074 977 879 878 975 1072 1073 976
99 1 1 1 880 1171 1174 883 977 1074 1172 1173 1077 980 882 881 978 1075 1076 979
100 1 1 1 883 1174 1177 886 980 1077 1175 1176 1080 983 885 884 981 1078 1079 982
101 1 1 1 886 1177 1180 889 983 1080 1178 1179 1083 986 888 887 984 1081 1082 985
102 1 1 1 889 1180 1183 892 986 1083 1181 1182 1086 989 891 890 987 1084 1085 988
103 1 1 1 892 1183 1186 895 989 1086 1184 1185 1089 992 894 893 990 1087 1088 991
104 1 1 1 895 1186 1189 898 992 1089 1187 1188 1092 995 897 896 993 1090 1091 994
105 1 1 1 898 1189 1192 901 995 1092 1190 1191 1095 998 900 899 996 1093 1094 997
106 1 1 1 901 1192 1195 904 998 1095 1193 1194 1098 1001 903 902 999 1096 1097 1000
107 1 1 1 904 1195 1198 907 1001 1098 1196 1197 1101 1004 906 905 1002 1099 1100 1003
108 1 1 1 907 1198 1201 910 1004 1101 1199 1200 1104 1007 909 908 1005 1102 1103 1006
109 1 1 1 910 1201 1204 913 1007 1104 1202 1203 1107 1010 912 911 1008 1105 1106 1009
110 1 1 1 913 1204 1207 916 1010 1107 1205 1206 1110 1013 915 914 1011 1108 1109 1012
111 1 1 1 916 1207 1210 919 1013 1110 1208 1209 1113 1016 918 917 1014 1111 1112 1015
112 1 1 1 919 1210 1213 922 1016 1113 1211 1212 1116 1019 921 920 1017 1114 1115 1018
113 1 1 1 922 1213 1216 925 1019 1116 1214 1215 1119 1022 924 923 1020 1117 1118 1021
114 1 1 1 925 1216 1219 928 1022 1119 1217 1218 1122 1025 927 926 1023 1120 1121 1024
115 1 1 1 928 1219 1222 931 1025 1122 1220 1221 1125 1028 930 929 1026 1123 1124 1027
116 1 1 1 931 1222 1225 934 1028 1125 1223 1224 1128 1031 933 932 1029 1126 1127 1030
117 1 1 1 934 1225 1228 937 1031 1128 1226 1227 1131 1034 936 935 1032 1129 1130 1033
118 1 1 1 937 1228 1231 940 1034 1131 1229 1230 1134 1037 939 938 1035 1132 1133 1036
119 1 1 1 940 1231 1234 943 1037 1134 1232 1233 1137 1040 942 941 1038 1135 1136 1039
120 1 1 1 943 1234 1237 946 1040 1137 1235 1236 1140 1043 945 944 1041 1138 1139 1042
121 1 1 1 946 1237 1240 949 1043 1140 1238 1239 1143 1046 948 947 1044 1141 1142 1045
122 1 1 1 949 1240 1243 952 1046 1143 1241 1242 1146 1049 951 950 1047 1144 1145 1048
123 1 1 1 952 1243 1246 955 1049 1146 1244 1245 1149 1052 954 953 1050 1147 1148 1051
124 1 1 1 955 1246 1249 958 1052 1149 1247 1248 1152 1055 957 956 1053 1150 1151 1054
125 1 1 1 958 1249 1252 961 1055 1152 1250 1251 1155 1058 960 959 1056 1153 1154 1057
126 1 1 1 961 1252 1255 964 1058 1155 1253 1254 1158 1061 963 962 1059 1156 1157 1060
127 1 1 1 964 1255 1258 967 1061 1158 1256 1257 1161 1064 966 965 1062 1159 1160 1063
128 1 1 1 967 1258 1261 970 1064 1161 1259 1260 1164 1067 969 968 1065 1162 1163 1066
129 1 1 1 1165 1456 1459 1168 1262 1359 1457 1458 1362 1265 1167 1166 1263 1360 1361 1264
130 1 1 1 1168 1459 1462 1171 1265 1362 1460 1461 1365 1268 1170 1169 1266 1363 1364 1267
131 1 1 1 1171 1462 1465 1174 1268 1365 1463 1464 1368 1271 1173 1172 1269 1366 1367 1270
132 1 1 1 1174 1465 1468 1177 1271 1368 1466 1467 1371 1274 1176 1175 1272 1369 1370 1273
133 1 1 1 1177 1468 1471 1180 1274 1371 1469 1470 1374 1277 1179 1178 1275 1372 1373 1276
134 1 1 1 1180 1471 1474 1183 1277 1374 1472 1473 1377 1280 1182 1181 1278 1375 1376 1279
135 1 1 1 1183 1474 1477 1186 1280 1377 1475 1476 1380 1283 1185 1184 1281 1378 1379 1282
136 1 1 1 1186 1477 1480 1189 1283 1380 1478 1479 1383 1286 1188 1187 1284 1381 1382 1285
137 1 1 1 1189 1480 1483 1192 1286 1383 1481 1482 1386 1289 1191 1190 1287 1384 1385 1288
138 1 1 1 1192 1483 1486 1195 1289 1386 1484 1485 1389 1292 1194 1193 1290 1387 1388 1291
139 1 1 1 1195 1486 1489 1198 1292 1389 1487 1488 1392 1295 1197 1196 1293 1390 1391 1294
140 1 1 1 1198 1489 1492 1201 1295 1392 1490 1491 1395 1298 1200 1199 1296 1393 1394 1297
141 1 1 1 1201 1492 1495 1204 1298 1395 1493 1494 1398 1301 1203 1202 1299 1396 1397 1300
142 1 1 1 1204 1495 1498 1207 1301 1398 1496 1497 1401 1304 1206 1205 1302 1399 1400 1303
143 1 1 1 1207 1498 1501 1210 1304 1401 1499 1500 1404 1307 1209 1208 1305 1402 1403 1306
144 1 1 1 1210 1501 1504 1213 1307 1404 1502 1503 1407 1310 1212 1211 1308 1405 1406 1309
145 1 1 1 1213 1504 1507 1216 1310 1407 1505 1506 1410 1313 1215 1214 1311 1408 1409 1312
146 1 1 1 1216 1507 1510 1219 1313 1410 1508 1509 1413 1316 1218 1217 1314 1411 1412 1315
147 1 1 1 1219 1510 1513 1222 1316 1413 1511 1512 1416 1319 1221 1220 1317 1414 1415 1318
148 1 1 1 1222 1513 1516 1225 1319 1416 1514 1515 1419 1322 1224 1223 1320 1417 1418 1321
149 1 1 1 1225 1516 1519 1228 1322 1419 1517 1518 1422 1325 1227 1226 1323 1420 1421 1324
150 1 1 1 1228 1519 1522 1231 1325 1422 1520 1521 1425 1328 1230 1229 1326 1423 1424 1327
151 1 1 1 1231 1522 1525 1234 1328 1425 1523 1524 1428 1331 1233 1232 1329 1426 1427 1330
152 1 1 1 1234 1525 1528 1237 1331 1428 1526 1527 1431 1334 1236 1235 1332 1429 1430 1333
153 1 1 1 1237 1528 1531 1240 1334 1431 1529 1530 1434 1337 1239 1238 1335 1432 1433 1336
154 1 1 1 1240 1531 1534 1243 1337 1434 1532 1533 1437 1340 1242 1241 1338 1435 1436 1339
155 1 1 1 1243 1534 1537 1246 1340 1437 1535 1536 1440 1343 1245 1244 1341 1438 1439 1342
156 1 1 1 1246 1537 1540 1249 1343 1440 1538 1539 1443 1346 1248 1247 1344 1441 1442 1345
157 1 1 1 1249 1540 1543 1252 1346 1443 1541 1542 1446 1349 1251 1250 1347 1444 1445 1348
158 1 1 1 1252 1543 1546 1255 1349 1446 1544 1545 1449 1352 1254 1253 1350 1447 1448 1351
159 1 1 1 1255 1546 1549 1258 1352 1449 1547 1548 1452 1355 1257 1256 1353 1450 1451 1354
160 1 1 1 1258 1549 1552 1261 1355 1452 1550 1551 1455 1358 1260 1259 1356 1453 1454 1357
161 1 1 1 1456 1747 1750 1459 1553 1650 1748 1749 1653 1556 1458 1457 1554 1651 1652 1555
162 1 1 1 1459 1750 1753 1462 1556 1653 1751 1752 1656 1559 1461 1460 1557 1654 1655 1558
163 1 1 1 1462 1753 1756 1465 1559 1656 1754 1755 1659 1562 1464 1463 1560 1657 1658 1561
164 1 1 1 1465 1756 1759 1468 1562 1659 1757 1758 1662 1565 1467 1466 1563 1660 1661 1564
165 1 1 1 1468 1759 1762 1471 1565 1662 1760 1761 1665 1568 1470 1469 1566 1663 1664 1567
166 1 1 1 1471 1762 1765 1474 1568 1665 1763 1764 1668 1571 1473 1472 1569 1666 1667 1570
167 1 1 1 1474 1765 1768 1477 1571 1668 1766 1767 1671 1574 1476 1475 1572 1669 1670 1573
168 1 1 1 1477 1768 1771 1480 1574 1671 1769 1770 1674 1577 1479 1478 1575 1672 1673 1576
169 1 1 1 1480 1771 1774 1483 1577 1674 1772 1773 1677 1580 1482 1481 1578 1675 1676 1579
170 1 1 1 1483 1774 1777 1486 1580 1677 1775 1776 1680 1583 1485 1484 1581 1678 1679 1582
171 1 1 1 1486 1777 1780 1489 1583 1680 1778 1779 1683 1586 1488 1487 1584 1681 1682 1585
172 1 1 1 1489 1780 1783 1492 1586 1683 1781 1782 1686 1589 1491 1490 1587 1684 1685 1588
173 1 1 1 1492 1783 1786 1495 1589 1686 1784 1785 1689 1592 1494 1493 1590 1687 1688 1591
174 1 1 1 1495 1786 1789 1498 1592 1689 1787 1788 1692 1595 1497 1496 1593 1690 1691 1594
175 1 1 1 1498 1789 1792 1501 1595 1692 1790 1791 1695 1598 1500 1499 1596 1693 1694 1597
176 1 1 1 1501 1792 1795 1504 1598 1695 1793 1794 1698 1601 1503 1502 1599 1696 1697 1600
177 1 1 1 1504 1795 1798 1507 1601 1698 1796 1797 1701 1604 1506 1505 1602 1699 1700 1603
178 1 1 1 1507 1798 1801 1510 1604 1701 1799 1800 1704 1607 1509 1508 1605 1702 1703 1606
179 1 1 1 1510 1801 1804 1513 1607 1704 1802 1803 1707 1610 1512 1511 1608 1705 1706 1609
180 1 1 1 1513 1804 1807 1516 1610 1707 1805 1806 1710 1613 1515 1514 1611 1708 1709 1612
181 1 1 1 1516 1807 1810 1519 1613 1710 1808 1809 1713 1616 1518 1517 1614 1711 1712 1615
182 1 1 1 1519 1810 1813 1522 1616 1713 1811 1812 1716 1619 1521 1520 1617 1714 1715 1618
183 1 1 1 1522 1813 1816 1525 1619 1716 1814 1815 1719 1622 1524 1523 1620 1717 1718 1621
184 1 1 1 1525 1816 1819 1528 1622 1719 1817 1818 1722 1625 1527 1526 1623 1720 1721 1624
185 1 1 1 1528 1819 1822 1531 1625 1722 1820 1821 1725 1628 1530 1529 1626 1723 1724 1627
186 1 1 1 1531 1822 1825 1534 1628 1725 1823 1824 1728 1631 1533 1532 1629 1726 1727 1630
187 1 1 1 1534 1825 1828 1537 1631 1728 1826 1827 1731 1634 1536 1535 1632 1729 1730 1633
188 1 1 1 1537 1828 1831 1540 1634 1731 1829 1830 1734 1637 1539 1538 1635 1732 1733 1636
189 1 1 1 1540 1831 1834 1543 1637 1734 1832 1833 1737 1640 1542 1541 1638 1735 1736 1639
190 1 1 1 1543 1834 1837 1546 1640 1737 1835 1836 1740 1643 1545 1544 1641 1738 1739 1642
191 1 1 1 1546 1837 1840 1549 1643 1740 1838 1839 1743 1646 1548 1547 1644 1741 1742 1645
192 1 1 1 1549 1840 1843 1552 1646 1743 1841 1842 1746 1649 1551 1550 1647 1744 1745 1648
193 1 1 1 1747 2038 2041 1750 1844 1941 2039 2040 1944 1847 1749 1748 1845 1942 1943 1846
194 1 1 1 1750 2041 2044 1753 1847 1944 2042 2043 1947 1850 1752 1751 1848 1945 1946 1849
195 1 1 1 1753 2044 2047 1756 1850 1947 2045 2046 1950 1853 1755 1754 1851 1948 1949 1852
196 1 1 1 1756 2047 2050 1759 1853 1950 2048 2049 1953 1856 1758 1757 1854 1951 1952 1855
197 1 1 1 1759 2050 2053 1762 1856 1953 2051 2052 1956 1859 1761 1760 1857 1954 1955 1858
198 1 1 1 1762 2053 2056 1765 1859 1956 2054 2055 1959 1862 1764 1763 1860 1957 1958 1861
199 1 1 1 1765 2056 2059 1768 1862 1959 2057 2058 1962 1865 1767 1766 1863 1960 1961 1864
200 1 1 1 1768 2059 2062 1771 1865 1962 2060 2061 1965 1868 1770 1769 1866 1963 1964 1867
201 1 1 1 1771 2062 2065 1774 1868 1965 2063 2064 1968 1871 1773 1772 1869 1966 1967 1870
202 1 1 1 1774 2065 2068 1777 1871 1968 2066 2067 1971 1874 1776 1775 1872 1969 1970 1873
203 1 1 1 1777 2068 2071 1780 1874 1971 2069 2070 1974 1877 1779 1778 1875 1972 1973 1876
204 1 1 1 1780 2071 2074 1783 1877 1974 2072 2073 1977 1880 1782 1781 1878 1975 1976 1879
205 1 1 1 1783 2074 2077 1786 1880 1977 2075 2076 1980 1883 1785 1784 1881 1978 1979 1882
206 1 1 1 1786 2077 2080 1789 1883 1980 2078 2079 1983 1886 1788 1787 1884 1981 1982 1885
207 1 1 1 1789 2080 2083 1792 1886 1983 2081 2082 1986 1889 1791 1790 1887 1984 1985 1888
208 1 1 1 1792 2083 2086 1795 1889 1986 2084 2085 1989 1892 1794 1793 1890 1987 1988 1891
209 1 1 1 1795 2086 2089 1798 1892 1989 2087 2088 1992 1895 1797 1796 1893 1990 1991 1894
210 1 1 1 1798 2089 2092 1801 1895 1992 2090 2091 1995 1898 1800 1799 1896 1993 1994 1897
211 1 1 1 1801 2092 2095 1804 1898 1995 2093 2094 1998 1901 1803 1802 1899 1996 1997 1900
212 1 1 1 1804 2095 2098 1807 1901 1998 2096 2097 2001 1904 1806 1805 1902 1999 2000 1903
213 1 1 1 1807 2098 2101 1810 1904 2001 2099 2100 2004 1907 1809 1808 1905 2002 2003 1906
214 1 1 1 1810 2101 2104 1813 1907 2004 2102 2103 2007 1910 1812 1811 1908 2005 2006 1909
215 1 1 1 1813 2104 2107 1816 1910 2007 2105 2106 2010 1913 1815 1814 1911 2008 2009 1912
216 1 1 1 1816 2107 2110 1819 1913 2010 2108 2109 2013 1916 1818 1817 1914 2011 2012 1915
217 1 1 1 1819 2110 2113 1822 1916 2013 2111 2112 2016 1919 1821 1820 1917 2014 2015 1918
218 1 1 1 1822 2113 2116 1825 1919 2016 2114 2115 2019 1922 1824 1823 1920 2017 2018 1921
219 1 1 1 1825 2116 2119 1828 1922 2019 2117 2118 2022 1925 1827 1826 1923 2020 2021 1924
220 1 1 1 1828 2119 2122 1831 1925 2022 2120 2121 2025 1928 1830 1829 1926 2023 2024 1927
221 1 1 1 1831 2122 2125 1834 1928 2025 2123 2124 2028 1931 1833 1832 1929 2026 2027 1930
222 1 1 1 1834 2125 2128 1837 1931 2028 2126 2127 2031 1934 1836 1835 1932 2029 2030 1933
223 1 1 1 1837 2128 2131 1840 1934 2031 2129 2130 2034 1937 1839 1838 1935 2032 2033 1936
224 1 1 1 1840 2131 2134 1843 1937 2034 2132 2133 2037 1940 1842 1841 1938 2035 2036 1939
225 1 1 1 2038 2329 2332 2041 2135 2232 2330 2331 2235 2138 2040 2039 2136 2233 2234 2137
226 1 1 1 2041 2332 2335 2044 2138 2235 2333 2334 2238 2141 2043 2042 2139 2236 2237 2140
227 1 1 1 2044 2335 2338 2047 2141 2238 2336 2337 2241 2144 2046 2045 2142 2239 2240 2143
228 1 1 1 2047 2338 2341 2050 2144 2241 2339 2340 2244 2147 2049 2048 2145 2242 2243 2146
229 1 1 1 2050 2341 2344 2053 2147 2244 2342 2343 2247 2150 2052 2051 2148 2245 2246 2149
230 1 1 1 2053 2344 2347 2056 2150 2247 2345 2346 2250 2153 2055 2054 2151 2248 2249 2152
231 1 1 1 2056 2347 2350 2059 2153 2250 2348 2349 2253 2156 2058 2057 2154 2251 2252 2155
232 1 1 1 2059 2350 2353 2062 2156 2253 2351 2352 2256 2159 2061 2060 2157 2254 2255 2158
233 1 1 1 2062 2353 2356 2065 2159 2256 2354 2355 2259 2162 2064 2063 2160 2257 2258 2161
234 1 1 1 2065 2356 2359 2068 2162 2259 2357 2358 2262 2165 2067 2066 2163 2260 2261 2164
235 1 1 1 2068 2359 2362 2071 2165 2262 2360 2361 2265 2168 2070 2069 2166 2263 2264 2167
236 1 1 1 2071 2362 2365 2074 2168 2265 2363 2364 2268 2171 2073 2072 2169 2266 2267 2170
237 1 1 1 2074 2365 2368 2077 2171 2268 2366 2367 2271 2174 2076 2075 2172 2269 2270 2173
238 1 1 1 2077 2368 2371 2080 2174 2271 2369 2370 2274 2177 2079 2078 2175 2272 2273 2176
239 1 1 1 2080 2371 2374 2083 2177 2274 2372 2373 2277 2180 2082 2081 2178 2275 2276 2179
240 1 1 1 2083 2374 2377 2086 2180 2277 2375 2376 2280 2183 2085 2084 2181 2278 2279 2182
241 1 1 1 2086 2377 2380 2089 2183 2280 2378 2379 2283 2186 2088 2087 2184 2281 2282 2185
242 1 1 1 2089 2380 2383 2092 2186 2283 2381 2382 2286 2189 2091 2090 2187 2284 2285 2188
243 1 1 1 2092 2383 2386 2095 2189 2286 2384 2385 2289 2192 2094 2093 2190 2287 2288 2191
244 1 1 1 2095 2386 2389 2098 2192 2289 2387 2388 2292 2195 2097 2096 2193 2290 2291 2194
245 1 1 1 2098 2389 2392 2101 2195 2292 2390 2391 2295 2198 2100 2099 2196 2293 2294 2197
246 1 1 1 2101 2392 2395 2104 2198 2295 2393 2394 2298 2201 2103 2102 2199 2296 2297 2200
247 1 1 1 2104 2395 2398 2107 2201 2298 2396 2397 2301 2204 2106 2105 2202 2299 2300 2203
248 1 1 1 2107 2398 2401 2110 2204 2301 2399 2400 2304 2207 2109 2108 2205 2302 2303 2206
249 1 1 1 2110 2401 2404 2113 2207 2304 2402 2403 2307 2210 2112 2111 2208 2305 2306 2209
250 1 1 1 2113 2404 2407 2116 2210 2307 2405 2406 2310 2213 2115 2114 2211 2308 2309 2212
251 1 1 1 2116 2407 2410 2119 2213 2310 2408 2409 2313 2216 2118 2117 2214 2311 2312 2215
252 1 1 1 2119 2410 2413 2122 2216 2313 2411 2412 2316 2219 2121 2120 2217 2314 2315 2218
253 1 1 1 2122 2413 2416 2125 2219 2316 2414 2415 2319 2222 2124 2123 2220 2317 2318 2221
254 1 1 1 2125 2416 2419 2128 2222 2319 2417 2418 2322 2225 2127 2126 2223 2320 2321 2224
255 1 1 1 2128 2419 2422 2131 2225 2322 2420 2421 2325 2228 2130 2129 2226 2323 2324 2227
256 1 1 1 2131 2422 2425 2134 2228 2325 2423 2424 2328 2231 2133 2132 2229 2326 2327 2230
257 1 1 1 2329 2620 2623 2332 2426 2523 2621 2622 2526 2429 2331 2330 2427 2524 2525 2428
258 1 1 1 2332 2623 2626 2335 2429 2526 2624 2625 2529 2432 2334 2333 2430 2527 2528 2431
259 1 1 1 2335 2626 2629 2338 2432 2529 2627 2628 2532 2435 2337 2336 2433 2530 2531 2434
260 1 1 1 2338 2629 2632 2341 2435 2532 2630 2631 2535 2438 2340 2339 2436 2533 2534 2437
261 1 1 1 2341 2632 2635 2344 2438 2535 2633 2634 2538 2441 2343 2342 2439 2536 2537 2440
262 1 1 1 2344 2635 2638 2347 2441 2538 2636 2637 2541 2444 2346 2345 2442 2539 2540 2443
263 1 1 1 2347 2638 2641 2350 2444 2541 2639 2640 2544 2447 2349 2348 2445 2542 2543 2446
264 1 1 1 2350 2641 2644 2353 2447 2544 2642 2643 2547 2450 2352 2351 2448 2545 2546 2449
265 1 1 1 2353 2644 2647 2356 2450 2547 2645 2646 2550 2453 2355 2354 2451 2548 2549 2452
266 1 1 1 2356 2647 2650 2359 2453 2550 2648 2649 2553 2456 2358 2357 2454 2551 2552 2455
267 1 1 1 2359 2650 2653 2362 2456 2553 2651 2652 2556 2459 2361 2360 2457 2554 2555 2458
268 1 1 1 2362 2653 2656 2365 2459 2556 2654 2655 2559 2462 2364 2363 2460 2557 2558 2461
269 1 1 1 2365 2656 2659 2368 2462 2559 2657 2658 2562 2465 2367 2366 2463 2560 2561 2464
270 1 1 1 2368 2659 2662 2371 2465 2562 2660 2661 2565 2468 2370 2369 2466 2563 2564 2467
271 1 1 1 2371 2662 2665 2374 2468 2565 2663 2664 2568 2471 2373 2372 2469 2566 2567 2470
272 1 1 1 2374 2665 2668 2377 2471 2568 2666 2667 2571 2474 2376 2375 2472 2569 2570 2473
273 1 1 1 2377 2668 2671 2380 2474 2571 2669 2670 2574 2477 2379 2378 2475 2572 2573 2476
274 1 1 1 2380 2671 2674 2383 2477 2574 2672 2673 2577 2480 2382 2381 2478 2575 2576 2479
275 1 1 1 2383 2674 2677 2386 2480 2577 2675 2676 2580 2483 2385 2384 2481 2578 2579 2482
276 1 1 1 2386 2677 2680 2389 2483 2580 2678 2679 2583 2486 2388 2387 2484 2581 2582 2485
277 1 1 1 2389 2680 2683 2392 2486 2583 2681 2682 2586 2489 2391 2390 2487 2584 2585 2488
278 1 1 1 2392 2683 2686 2395 2489 2586 2684 2685 2589 2492 2394 2393 2490 2587 2588 2491
279 1 1 1 2395 2686 2689 2398 2492 2589 2687 2688 2592 2495 2397 2396 2493 2590 2591 2494
280 1 1 1 2398 2689 2692 2401 2495 2592 2690 2691 2595 2498 2400 2399 2496 2593 2594 2497
281 1 1 1 2401 2692 2695 2404 2498 2595 2693 2694 2598 2501 2403 2402 2499 2596 2597 2500
282 1 1 1 2404 2695 2698 2407 2501 2598 2696 2697 2601 2504 2406 2405 2502 2599 2600 2503
283 1 1 1 2407 2698 2701 2410 2504 2601 2699 2700 2604 2507 2409 2408 2505 2602 2603 2506
284 1 1 1 2410 2701 2704 2413 2507 2604 2702 2703 2607 2510 2412 2411 2508 2605 2606 2509
285 1 1 1 2413 2704 2707 2416 2510 2607 2705 2706 2610 2513 2415 2414 2511 2608 2609 2512
286 1 1 1 2416 2707 2710 2419 2513 2610 2708 2709 2613 2516 2418 2417 2514 2611 2612 2515
287 1 1 1 2419 2710 2713 2422 2516 2613 2711 2712 2616 2519 2421 2420 2517 2614 2615 2518
288 1 1 1 2422 2713 2716 2425 2519 2616 2714 2715 2619 2522 2424 2423 2520 2617 2618 2521
289 1 1 1 2620 2911 2914 2623 2717 2814 2912 2913 2817 2720 2622 2621 2718 2815 2816 2719
290 1 1 1 2623 2914 2917 2626 2720 2817 2915 2916 2820 2723 2625 2624 2721 2818 2819 2722
291 1 1 1 2626 2917 2920 2629 2723 2820 2918 2919 2823 2726 2628 2627 2724 2821 2822 2725
292 1 1 1 2629 2920 2923 2632 2726 2823 2921 2922 2826 2729 2631 2630 2727 2824 2825 2728
293 1 1 1 2632 2923 2926 2635 2729 2826 2924 2925 2829 2732 2634 2633 2730 2827 2828 2731
294 1 1 1 2635 2926 2929 2638 2732 2829 2927 2928 2832 2735 2637 2636 2733 2830 2831 2734
295 1 1 1 2638 2929 2932 2641 2735 2832 2930 2931 2835 2738 2640 2639 2736 2833 2834 2737
296 1 1 1 2641 2932 2935 2644 2738 2835 2933 2934 2838 2741 2643 2642 2739 2836 2837 2740
297 1 1 1 2644 2935 2938 2647 2741 2838 2936 2937 2841 2744 2646 2645 2742 2839 2840 2743
298 1 1 1 2647 2938 2941 2650 2744 2841 2939 2940 2844 2747 2649 2648 2745 2842 2843 2746
299 1 1 1 2650 2941 2944 2653 2747 2844 2942 2943 2847 2750 2652 2651 2748 2845 2846 2749
300 1 1 1 2653 2944 2947 2656 2750 2847 2945 2946 2850 2753 2655 2654 2751 2848 2849 2752
301 1 1 1 2656 2947 2950 2659 2753 2850 2948 2949 2853 2756 2658 2657 2754 2851 2852 2755
302 1 1 1 2659 2950 2953 2662 2756 2853 2951 2952 2856 2759 2661 2660 2757 2854 2855 2758
303 1 1 1 2662 2953 2956 2665 2759 2856 2954 2955 2859 2762 2664 2663 2760 2857 2858 2761
304 1 1 1 2665 2956 2959 2668 2762 2859 2957 2958 2862 2765 2667 2666 2763 2860 2861 2764
305 1 1 1 2668 2959 2962 2671 2765 2862 2960 2961 2865 2768 2670 2669 2766 2863 2864 2767
306 1 1 1 2671 2962 2965 2674 2768 2865 2963 2964 2868 2771 2673 2672 2769 2866 2867 2770
307 1 1 1 2674 2965 2968 2677 2771 2868 2966 2967 2871 2774 2676 2675 2772 2869 2870 2773
308 1 1 1 2677 2968 2971 2680 2774 2871 2969 2970 2874 2777 2679 2678 2775 2872 2873 2776
309 1 1 1 2680 2971 2974 2683 2777 2874 2972 2973 2877 2780 2682 2681 2778 2875 2876 2779
310 1 1 1 2683 2974 2977 2686 2780 2877 2975 2976 2880 2783 2685 2684 2781 2878 2879 2782
311 1 1 1 2686 2977 2980 2689 2783 2880 2978 2979 2883 2786 2688 2687 2784 2881 2882 2785
312 1 1 1 2689 2980 2983 2692 2786 2883 2981 2982 2886 2789 2691 2690 2787 2884 2885 2788
313 1 1 1 2692 2983 2986 2695 2789 2886 2984 2985 2889 2792 2694 2693 2790 2887 2888 2791
314 1 1 1 2695 2986 2989 2698 2792 2889 2987 2988 2892 2795 2697 2696 2793 2890 2891 2794
315 1 1 1 2698 2989 2992 2701 2795 2892 2990 2991 2895 2798 2700 2699 2796 2893 2894 2797
316 1 1 1 2701 2992 2995 2704 2798 2895 2993 2994 2898 2801 2703 2702 2799 2896 2897 2800
317 1 1 1 2704 2995 2998 2707 2801 2898 2996 2997 2901 2804 2706 2705 2802 2899 2900 2803
318 1 1 1 2707 2998 3001 2710 2804 2901 2999 3000 2904 2807 2709 2708 2805 2902 2903 2806
319 1 1 1 2710 3001 3004 2713 2807 2904 3002 3003 2907 2810 2712 2711 2808 2905 2906 2809
320 1 1 1 2713 3004 3007 2716 2810 2907 3005 3006 2910 2813 2715 2714 2811 2908 2909 2812
321 1 1 1 2911 3202 3205 2914 3008 3105 3203 3204 3108 3011 2913 2912 3009 3106 3107 3010
322 1 1 1 2914 3205 3208 2917 3011 3108 3206 3207 3111 3014 2916 2915 3012 3109 3110 3013
323 1 1 1 2917 3208 3211 2920 3014 3111 3209 3210 3114 3017 2919 2918 3015 3112 3113 3016
324 1 1 1 2920 3211 3214 2923 3017 3114 3212 3213 3117 3020 2922 2921 3018 3115 3116 3019
325 1 1 1 2923 3214 3217 2926 3020 3117 3215 3216 3120 3023 2925 2924 3021 3118 3119 3022
326 1 1 1 2926 3217 3220 2929 3023 3120 3218 3219 3123 3026 2928 2927 3024 3121 3122 3025
327 1 1 1 2929 3220 3223 2932 3026 3123 3221 3222 3126 3029 2931 2930 3027 3124 3125 3028
328 1 1 1 2932 3223 3226 2935 3029 3126 3224 3225 3129 3032 2934 2933 3030 3127 3128 3031
329 1 1 1 2935 3226 3229 2938 3032 3129 3227 3228 3132 3035 2937 2936 3033 3130 3131 3034
330 1 1 1 2938 3229 3232 2941 3035 3132 3230 3231 3135 3038 2940 2939 3036 3133 3134 3037
331 1 1 1 2941 3232 3235 2944 3038 3135 3233 3234 3138 3041 2943 2942 3039 3136 3137 3040
332 1 1 1 2944 3235 3238 2947 3041 3138 3236 3237 3141 3044 2946 2945 3042 3139 3140 3043
333 1 1 1 2947 3238 3241 2950 3044 3141 3239 3240 3144 3047 2949 2948 3045 3142 3143 3046
334 1 1 1 2950 3241 3244 2953 3047 3144 3242 3243 3147 3050 2952 2951 3048 3145 3146 3049
335 1 1 1 2953 3244 3247 2956 3050 3147 3245 3246 3150 3053 2955 2954 3051 3148 3149 3052
336 1 1 1 2956 3247 3250 2959 3053 3150 3248 3249 3153 3056 2958 2957 3054 3151 3152 3055
337 1 1 1 2959 3250 3253 2962 3056 3153 3251 3252 3156 3059 2961 2960 3057 3154 3155 3058
338 1 1 1 2962 3253 3256 2965 3059 3156 3254 3255 3159 3062 2964 2963 3060 3157 3158 3061
339 1 1 1 2965 3256 3259 2968 3062 3159 3257 3258 3162 3065 2967 2966 3063 3160 3161 3064
340 1 1 1 2968 3259 3262 2971 3065 3162 3260 3261 3165 3068 2970 2969 3066 3163 3164 3067
341 1 1 1 2971 3262 3265 2974 3068 3165 3263 3264 3168 3071 2973 2972 3069 3166 3167 3070
342 1 1 1 2974 3265 3268 2977 3071 3168 3266 3267 3171 3074 2976 2975 3072 3169 3170 3073
343 1 1 1 2977 3268 3271 2980 3074 3171 3269 3270 3174 3077 2979 2978 3075 3172 3173 3076
344 1 1 1 2980 3271 3274 2983 3077 3174 3272 3273 3177 3080 2982 2981 3078 3175 3176 3079
345 1 1 1 2983 3274 3277 2986 3080 3177 3275 3276 3180 3083 2985 2984 3081 3178 3179 3082
346 1 1 1 2986 3277 3280 2989 3083 3180 3278 3279 3183 3086 2988 2987 3084 3181 3182 3085
347 1 1 1 2989 3280 3283 2992 3086 3183 3281 3282 3186 3089 2991 2990 3087 3184 3185 3088
348 1 1 1 2992 3283 3286 2995 3089 3186 3284 3285 3189 3092 2994 2993 3090 3187 3188 3091
349 1 1 1 2995 3286 3289 2998 3092 3189 3287 3288 3192 3095 2997 2996 3093 3190 3191 3094
350 1 1 1 2998 3289 3292 3001 3095 3192 3290 3291 3195 3098 3000 2999 3096 3193 3194 3097
351 1 1 1 3001 3292 3295 3004 3098 3195 3293 3294 3198 3101 3003 3002 3099 3196 3197 3100
352 1 1 1 3004 3295 3298 3007 3101 3198 3296 3297 3201 3104 3006 3005 3102 3199 3200 3103
353 1 1 1 3202 3493 3496 3205 3299 3396 3494 3495 3399 3302 3204 3203 3300 3397 3398 3301
354 1 1 1 3205 3496 3499 3208 3302 3399 3497 3498 3402 3305 3207 3206 3303 3400 3401 3304
355 1 1 1 3208 3499 3502 3211 3305 3402 3500 3501 3405 3308 3210 3209 3306 3403 3404 3307
356 1 1 1 3211 3502 3505 3214 3308 3405 3503 3504 3408 3311 3213 3212 3309 3406 3407 3310
357 1 1 1 3214 3505 3508 3217 3311 3408 3506 3507 3411 3314 3216 3215 3312 3409 3410 3313
358 1 1 1 3217 3508 3511 3220 3314 3411 3509 3510 3414 3317 3219 3218 3315 3412 3413 3316
359 1 1 1 3220 3511 3514 3223 3317 3414 3512 3513 3417 3320 3222 3221 3318 3415 3416 3319
360 1 1 1 3223 3514 3517 3226 3320 3417 3515 3516 3420 3323 3225 3224 3321 3418 3419 3322
361 1 1 1 3226 3517 3520 3229 3323 3420 3518 3519 3423 3326 3228 3227 3324 3421 3422 3325
362 1 1 1 3229 3520 3523 3232 3326 3423 3521 3522 3426 3329 3231 3230 3327 3424 3425 3328
363 1 1 1 3232 3523 3526 3235 3329 3426 3524 3525 3429 3332 3234 3233 3330 3427 3428 3331
364 1 1 1 3235 3526 3529 3238 3332 3429 3527 3528 3432 3335 3237 3236 3333 3430 3431 3334
365 1 1 1 3238 3529 3532 3241 3335 3432 3530 3531 3435 3338 3240 3239 3336 3433 3434 3337
366 1 1 1 3241 3532 3535 3244 3338 3435 3533 3534 3438 3341 3243 3242 3339 3436 3437 3340
367 1 1 1 3244 3535 3538 3247 3341 3438 3536 3537 3441 3344 3246 3245 3342 3439 3440 3343
368 1 1 1 3247 3538 3541 3250 3344 3441 3539 3540 3444 3347 3249 3248 3345 3442 3443 3346
369 1 1 1 3250 3541 3544 3253 3347 3444 3542 3543 3447 3350 3252 3251 3348 3445 3446 3349
370 1 1 1 3253 3544 3547 3256 3350 3447 3545 3546 3450 3353 3255 3254 3351 3448 3449 3352
371 1 1 1 3256 3547 3550 3259 3353 3450 3548 3549 3453 3356 3258 3257 3354 3451 3452 3355
372 1 1 1 3259 3550 3553 3262 3356 3453 3551 3552 3456 3359 3261 3260 3357 3454 3455 3358
373 1 1 1 3262 3553 3556 3265 3359 3456 3554 3555 3459 3362 3264 3263 3360 3457 3458 3361
374 1 1 1 3265 3556 3559 3268 3362 3459 3557 3558 3462 3365 3267 3266 3363 3460 3461 3364
375 1 1 1 3268 3559 3562 3271 3365 3462 3560 3561 3465 3368 3270 3269 3366 3463 3464 3367
376 1 1 1 3271 3562 3565 3274 3368 3465 3563 3564 3468 3371 3273 3272 3369 3466 3467 3370
377 1 1 1 3274 3565 3568 3277 3371 3468 3566 3567 3471 3374 3276 3275 3372 3469 3470 3373
378 1 1 1 3277 3568 3571 3280 3374 3471 3569 3570 3474 3377 3279 3278 3375 3472 3473 3376
379 1 1 1 3280 3571 3574 3283 3377 3474 3572 3573 3477 3380 3282 3281 3378 3475 3476 3379
380 1 1 1 3283 3574 3577 3286 3380 3477 3575 3576 3480 3383 3285 3284 3381 3478 3479 3382
381 1 1 1 3286 3577 3580 3289 3383 3480 3578 3579 3483 3386 3288 3287 3384 3481 3482 3385
382 1 1 1 3289 3580 3583 3292 3386 3483 3581 3582 3486 3389 3291 3290 3387 3484 3485 3388
383 1 1 1 3292 3583 3586 3295 3389 3486 3584 3585 3489 3392 3294 3293 3390 3487 3488 3391
384 1 1 1 3295 3586 3589 3298 3392 3489 3587 3588 3492 3395 3297 3296 3393 3490 3491 3394
385 1 1 1 3493 3784 3787 3496 3590 3687 3785 3786 3690 3593 3495 3494 3591 3688 3689 3592
386 1 1 1 3496 3787 3790 3499 3593 3690 3788 3789 3693 3596 3498 3497 3594 3691 3692 3595
387 1 1 1 3499 3790 3793 3502 3596 3693 3791 3792 3696 3599 3501 3500 3597 3694 3695 3598
388 1 1 1 3502 3793 3796 3505 3599 3696 3794 3795 3699 3602 3504 3503 3600 3697 3698 3601
389 1 1 1 3505 3796 3799 3508 3602 3699 3797 3798 3702 3605 3507 3506 3603 3700 3701 3604
390 1 1 1 3508 3799 3802 3511 3605 3702 3800 3801 3705 3608 3510 3509 3606 3703 3704 3607
391 1 1 1 3511 3802 3805 3514 3608 3705 3803 3804 3708 3611 3513 3512 3609 3706 3707 3610
392 1 1 1 3514 3805 3808 3517 3611 3708 3806 3807 3711 3614 3516 3515 3612 3709 3710 3613
393 1 1 1 3517 3808 3811 3520 3614 3711 3809 3810 3714 3617 3519 3518 3615 3712 3713 3616
394 1 1 1 3520 3811 3814 3523 3617 3714 3812 3813 3717 3620 3522 3521 3618 3715 3716 3619
395 1 1 1 3523 3814 3817 3526 3620 3717 3815 3816 3720 3623 3525 3524 3621 3718 3719 3622
396 1 1 1 3526 3817 3820 3529 3623 3720 3818 3819 3723 3626 3528 3527 3624 3721 3722 3625
397 1 1 1 3529 3820 3823 3532 3626 3723 3821 3822 3726 3629 3531 3530 3627 3724 3725 3628
398 1 1 1 3532 3823 3826 3535 3629 3726 3824 3825 3729 3632 3534 3533 3630 3727 3728 3631
399 1 1 1 3535 3826 3829 3538 3632 3729 3827 3828 3732 3635 3537 3536 3633 3730 3731 3634
400 1 1 1 3538 3829 3832 3541 3635 3732 3830 3831 3735 3638 3540 3539 3636 3733 3734 3637
401 1 1 1 3541 3832 3835 3544 3638 3735 3833 3834 3738 3641 3543 3542 3639 3736 3737 3640
402 1 1 1 3544 3835 3838 3547 3641 3738 3836 3837 3741 3644 3546 3545 3642 3739 3740 3643
403 1 1 1 3547 3838 3841 3550 3644 3741 3839 3840 3744 3647 3549 3548 3645 3742 3743 3646
404 1 1 1 3550 3841 3844 3553 3647 3744 3842 3843 3747 3650 3552 3551 3648 3745 3746 3649
405 1 1 1 3553 3844 3847 3556 3650 3747 3845 3846 3750 3653 3555 3554 3651 3748 3749 3652
406 1 1 1 3556 3847 3850 3559 3653 3750 3848 3849 3753 3656 3558 3557 3654 3751 3752 3655
407 1 1 1 3559 3850 3853 3562 3656 3753 3851 3852 3756 3659 3561 3560 3657 3754 3755 3658
408 1 1 1 3562 3853 3856 3565 3659 3756 3854 3855 3759 3662 3564 3563 3660 3757 3758 3661
409 1 1 1 3565 3856 3859 3568 3662 3759 3857 3858 3762 3665 3567 3566 3663 3760 3761 3664
410 1 1 1 3568 3859 3862 3571 3665 3762 3860 3861 3765 3668 3570 3569 3666 3763 3764 3667
411 1 1 1 3571 3862 3865 3574 3668 3765 3863 3864 3768 3671 3573 3572 3669 3766 3767 3670
412 1 1 1 3574 3865 3868 3577 3671 3768 3866 3867 3771 3674 3576 3575 3672 3769 3770 3673
413 1 1 1 3577 3868 3871 3580 3674 3771 3869 3870 3774 3677 3579 3578 3675 3772 3773 3676
414 1 1 1 3580 3871 3874 3583 3677 3774 3872 3873 3777 3680 3582 3581 3678 3775 3776 3679
415 1 1 1 3583 3874 3877 3586 3680 3777 3875 3876 3780 3683 3585 3584 3681 3778 3779 3682
416 1 1 1 3586 3877 3880 3589 3683 3780 3878 3879 3783 3686 3588 3587 3684 3781 3782 3685
417 1 1 1 3784 4075 4078 3787 3881 3978 4076 4077 3981 3884 3786 3785 3882 3979 3980 3883
418 1 1 1 3787 4078 4081 3790 3884 3981 4079 4080 3984 3887 3789 3788 3885 3982 3983 3886
419 1 1 1 3790 4081 4084 3793 3887 3984 4082 4083 3987 3890 3792 3791 3888 3985 3986 3889
420 1 1 1 3793 4084 4087 3796 3890 3987 4085 4086 3990 3893 3795 3794 3891 3988 3989 3892
421 1 1 1 3796 4087 4090 3799 3893 3990 4088 4089 3993 3896 3798 3797 3894 3991 3992 3895
422 1 1 1 3799 4090 4093 3802 3896 3993 4091 4092 3996 3899 3801 3800 3897 3994 3995 3898
423 1 1 1 3802 4093 4096 3805 3899 3996 4094 4095 3999 3902 3804 3803 3900 3997 3998 3901
424 1 1 1 3805 4096 4099 3808 3902 3999 4097 4098 4002 3905 3807 3806 3903 4000 4001 3904
425 1 1 1 3808 4099 4102 3811 3905 4002 4100 4101 4005 3908 3810 3809 3906 4003 4004 3907
426 1 1 1 3811 4102 4105 3814 3908 4005 4103 4104 4008 3911 3813 3812 3909 4006 4007 3910
427 1 1 1 3814 4105 4108 3817 3911 4008 4106 4107 4011 3914 3816 3815 3912 4009 4010 3913
428 1 1 1 3817 4108 4111 3820 3914 4011 4109 4110 4014 3917 3819 3818 3915 4012 4013 3916
429 1 1 1 3820 4111 4114 3823 3917 4014 4112 4113 4017 3920 3822 3821 3918 4015 4016 3919
430 1 1 1 3823 4114 4117 3826 3920 4017 4115 4116 4020 3923 3825 3824 3921 4018 4019 3922
431 1 1 1 3826 4117 4120 3829 3923 4020 4118 4119 4023 3926 3828 3827 3924 4021 4022 3925
432 1 1 1 3829 4120 4123 3832 3926 4023 4121 4122 4026 3929 3831 3830 3927 4024 4025 3928
433 1 1 1 3832 4123 4126 3835 3929 4026 4124 4125 4029 3932 3834 3833 3930 4027 4028 3931
434 1 1 1 3835 4126 4129 3838 3932 4029 4127 4128 4032 3935 3837 3836 3933 4030 4031 3934
435 1 1 1 3838 4129 4132 3841 3935 4032 4130 4131 4035 3938 3840 3839 3936 4033 4034 3937
436 1 1 1 3841 4132 4135 3844 3938 4035 4133 4134 4038 3941 3843 3842 3939 4036 4037 3940
437 1 1 1 3844 4135 4138 3847 3941 4038 4136 4137 4041 3944 3846 3845 3942 4039 4040 3943
438 1 1 1 3847 4138 4141 3850 3944 4041 4139 4140 4044 3947 3849 3848 3945 4042 4043 3946
439 1 1 1 3850 4141 4144 3853 3947 4044 4142 4143 4047 3950 3852 3851 3948 4045 4046 3949
440 1 1 1 3853 4144 4147 3856 3950 4047 4145 4146 4050 3953 3855 3854 3951 4048 4049 3952
441 1 1 1 3856 4147 4150 3859 3953 4050 4148 4149 4053 3956 3858 3857 3954 4051 4052 3955
442 1 1 1 3859 4150 4153 3862 3956 4053 4151 4152 4056 3959 3861 3860 3957 4054 4055 3958
443 1 1 1 3862 4153 4156 3865 3959 4056 4154 4155 4059 3962 3864 3863 3960 4057 4058 3961
444 1 1 1 3865 4156 4159 3868 3962 4059 4157 4158 4062 3965 3867 3866 3963 4060 4061 3964
445 1 1 1 3868 4159 4162 3871 3965 4062 4160 4161 4065 3968 3870 3869 3966 4063 4064 3967
446 1 1 1 3871 4162 4165 3874 3968 4065 4163 4164 4068 3971 3873 3872 3969 4066 4067 3970
447 1 1 1 3874 4165 4168 3877 3971 4068 4166 4167 4071 3974 3876 3875 3972 4069 4070 3973
448 1 1 1 3877 4168 4171 3880 3974 4071 4169 4170 4074 3977 3879 3878 3975 4072 4073 3976
449 1 1 1 4075 4366 4369 4078 4172 4269 4367 4368 4272 4175 4077 4076 4173 4270 4271 4174
450 1 1 1 4078 4369 4372 4081 4175 4272 4370 4371 4275 4178 4080 4079 4176 4273 4274 4177
451 1 1 1 4081 4372 4375 4084 4178 4275 4373 4374 4278 4181 4083 4082 4179 4276 4277 4180
452 1 1 1 4084 4375 4378 4087 4181 4278 4376 4377 4281 4184 4086 4085 4182 4279 4280 4183
453 1 1 1 4087 4378 4381 4090 4184 4281 4379 4380 4284 4187 4089 4088 4185 4282 4283 4186
454 1 1 1 4090 4381 4384 4093 4187 4284 4382 4383 4287 4190 4092 4091 4188 4285 4286 4189
455 1 1 1 4093 4384 4387 4096 4190 4287 4385 4386 4290 4193 4095 4094 4191 4288 4289 4192
456 1 1 1 4096 4387 4390 4099 4193 4290 4388 4389 4293 4196 4098 4097 4194 4291 4292 4195
457 1 1 1 4099 4390 4393 4102 4196 4293 4391 4392 4296 4199 4101 4100 4197 4294 4295 4198
458 1 1 1 4102 4393 4396 4105 4199 4296 4394 4395 4299 4202 4104 4103 4200 4297 4298 4201
459 1 1 1 4105 4396 4399 4108 4202 4299 4397 4398 4302 4205 4107 4106 4203 4300 4301 4204
460 1 1 1 4108 4399 4402 4111 4205 4302 4400 4401 4305 4208 4110 4109 4206 4303 4304 4207
461 1 1 1 4111 4402 4405 4114 4208 4305 4403 4404 4308 4211 4113 4112 4209 4306 4307 4210
462 1 1 1 4114 4405 4408 4117 4211 4308 4406 4407 4311 4214 4116 4115 4212 4309 4310 4213
463 1 1 1 4117 4408 4411 4120 4214 4311 4409 4410 4314 4217 4119 4118 4215 4312 4313 4216
464 1 1 1 4120 4411 4414 4123 4217 4314 4412 4413 4317 4220 4122 4121 4218 4315 4316 4219
465 1 1 1 4123 4414 4417 4126 4220 4317 4415 4416 4320 4223 4125 4124 4221 4318 4319 4222
466 1 1 1 4126 4417 4420 4129 4223 4320 4418 4419 4323 4226 4128 4127 4224 4321 4322 4225
467 1 1 1 4129 4420 4423 4132 4226 4323 4421 4422 4326 4229 4131 4130 4227 4324 4325 4228
468 1 1 1 4132 4423 4426 4135 4229 4326 4424 4425 4329 4232 4134 4133 4230 4327 4328 4231
469 1 1 1 4135 4426 4429 4138 4232 4329 4427 4428 4332 4235 4137 4136 4233 4330 4331 4234
470 1 1 1 4138 4429 4432 4141 4235 4332 4430 4431 4335 4238 4140 4139 4236 4333 4334 4237
471 1 1 1 4141 4432 4435 4144 4238 4335 4433 4434 4338 4241 4143 4142 4239 4336 4337 4240
472 1 1 1 4144 4435 4438 4147 4241 4338 4436 4437 4341 4244 4146 4145 4242 4339 4340 4243
473 1 1 1 4147 4438 4441 4150 4244 4341 4439 4440 4344 4247 4149 4148 4245 4342 4343 4246
474 1 1 1 4150 4441 4444 4153 4247 4344 4442 4443 4347 4250 4152 4151 4248 4345 4346 4249
475 1 1 1 4153 4444 4447 4156 4250 4347 4445 4446 4350 4253 4155 4154 4251 4348 4349 4252
476 1 1 1 4156 4447 4450 4159 4253 4350 4448 4449 4353 4256 4158 4157 4254 4351 4352 4255
477 1 1 1 4159 4450 4453 4162 4256 4353 4451 4452 4356 4259 4161 4160 4257 4354 4355 4258
478 1 1 1 4162 4453 4456 4165 4259 4356 4454 4455 4359 4262 4164 4163 4260 4357 4358 4261
479 1 1 1 4165 4456 4459 4168 4262 4359 4457 4458 4362 4265 4167 4166 4263 4360 4361 4264
480 1 1 1 4168 4459 4462 4171 4265 4362 4460 4461 4365 4268 4170 4169 4266 4363 4364 4267
481 1 1 1 4366 4657 4660 4369 4463 4560 4658 4659 4563 4466 4368 4367 4464 4561 4562 4465
482 1 1 1 4369 4660 4663 4372 4466 4563 4661 4662 4566 4469 4371 4370 4467 4564 4565 4468
483 1 1 1 4372 4663 4666 4375 4469 4566 4664 4665 4569 4472 4374 4373 4470 4567 4568 4471
484 1 1 1 4375 4666 4669 4378 4472 4569 4667 4668 4572 4475 4377 4376 4473 4570 4571 4474
485 1 1 1 4378 4669 4672 4381 4475 4572 4670 4671 4575 4478 4380 4379 4476 4573 4574 4477
486 1 1 1 4381 4672 4675 4384 4478 4575 4673 4674 4578 4481 4383 4382 4479 4576 4577 4480
487 1 1 1 4384 4675 4678 4387 4481 4578 4676 4677 4581 4484 4386 4385 4482 4579 4580 4483
488 1 1 1 4387 4678 4681 4390 4484 4581 4679 4680 4584 4487 4389 4388 4485 4582 4583 4486
489 1 1 1 4390 4681 4684 4393 4487 4584 4682 4683 4587 4490 4392 4391 4488 4585 4586 4489
490 1 1 1 4393 4684 4687 4396 4490 4587 4685 4686 4590 4493 4395 4394 4491 4588 4589 4492
491 1 1 1 4396 4687 4690 4399 4493 4590 4688 4689 4593 4496 4398 4397 4494 4591 4592 4495
492 1 1 1 4399 4690 4693 4402 4496 4593 4691 4692 4596 4499 4401 4400 4497 4594 4595 4498
493 1 1 1 4402 4693 4696 4405 4499 4596 4694 4695 4599 4502 4404 4403 4500 4597 4598 4501
494 1 1 1 4405 4696 4699 4408 4502 4599 4697 4698 4602 4505 4407 4406 4503 4600 4601 4504
495 1 1 1 4408 4699 4702 4411 4505 4602 4700 4701 4605 4508 4410 4409 4506 4603 4604 4507
496 1 1 1 4411 4702 4705 4414 4508 4605 4703 4704 4608 4511 4413 4412 4509 4606 4607 4510
497 1 1 1 4414 4705 4708 4417 4511 4608 4706 4707 4611 4514 4416 4415 4512 4609 4610 4513
498 1 1 1 4417 4708 4711 4420 4514 4611 4709 4710 4614 4517 4419 4418 4515 4612 4613 4516
499 1 1 1 4420 4711 4714 4423 4517 4614 4712 4713 4617 4520 4422 4421 4518 4615 4616 4519
500 1 1 1 4423 4714 4717 4426 4520 4617 4715 4716 4620 4523 4425 4424 4521 4618 4619 4522
501 1 1 1 4426 4717 4720 4429 4523 4620 4718 4719 4623 4526 4428 4427 4524 4621 4622 4525
502 1 1 1 4429 4720 4723 4432 4526 4623 4721 4722 4626 4529 4431 4430 4527 4624 4625 4528
503 1 1 1 4432 4723 4726 4435 4529 4626 4724 4725 4629 4532 4434 4433 4530 4627 4628 4531
504 1 1 1 4435 4726 4729 4438 4532 4629 4727 4728 4632 4535 4437 4436 4533 4630 4631 4534
505 1 1 1 4438 4729 4732 4441 4535 4632 4730 4731 4635 4538 4440 4439 4536 4633 4634 4537
506 1 1 1 4441 4732 4735 4444 4538 4635 4733 4734 4638 4541 4443 4442 4539 4636 4637 4540
507 1 1 1 4444 4735 4738 4447 4541 4638 4736 4737 4641 4544 4446 4445 4542 4639 4640 4543
508 1 1 1 4447 4738 4741 4450 4544 4641 4739 4740 4644 4547 4449 4448 4545 4642 4643 4546
509 1 1 1 4450 4741 4744 4453 4547 4644 4742 4743 4647 4550 4452 4451 4548 4645 4646 4549
510 1 1 1 4453 4744 4747 4456 4550 4647 4745 4746 4650 4553 4455 4454 4551 4648 4649 4552
511 1 1 1 4456 4747 4750 4459 4553 4650 4748 4749 4653 4556 4458 4457 4554 4651 4652 4555
512 1 1 1 4459 4750 4753 4462 4556 4653 4751 4752 4656 4559 4461 4460 4557 4654 4655 4558
513 1 1 1 4657 4948 4951 4660 4754 4851 4949 4950 4854 4757 4659 4658 4755 4852 4853 4756
514 1 1 1 4660 4951 4954 4663 4757 4854 4952 4953 4857 4760 4662 4661 4758 4855 4856 4759
515 1 1 1 4663 4954 4957 4666 4760 4857 4955 4956 4860 4763 4665 4664 4761 4858 4859 4762
516 1 1 1 4666 4957 4960 4669 4763 4860 4958 4959 4863 4766 4668 4667 4764 4861 4862 4765
517 1 1 1 4669 4960 4963 4672 4766 4863 4961 4962 4866 4769 4671 4670 4767 4864 4865 4768
518 1 1 1 4672 4963 4966 4675 4769 4866 4964 4965 4869 4772 4674 4673 4770 4867 4868 4771
519 1 1 1 4675 4966 4969 4678 4772 4869 4967 4968 4872 4775 4677 4676 4773 4870 4871 4774
520 1 1 1 4678 4969 4972 4681 4775 4872 4970 4971 4875 4778 4680 4679 4776 4873 4874 4777
521 1 1 1 4681 4972 4975 4684 4778 4875 4973 4974 4878 4781 4683 4682 4779 4876 4877 4780
522 1 1 1 4684 4975 4978 4687 4781 4878 4976 4977 4881 4784 4686 4685 4782 4879 4880 4783
523 1 1 1 4687 4978 4981 4690 4784 4881 4979 4980 4884 4787 4689 4688 4785 4882 4883 4786
524 1 1 1 4690 4981 4984 4693 4787 4884 4982 4983 4887 4790 4692 4691 4788 4885 4886 4789
525 1 1 1 4693 4984 4987 4696 4790 4887 4985 4986 4890 4793 4695 4694 4791 4888 4889 4792
526 1 1 1 4696 4987 4990 4699 4793 4890 4988 4989 4893 4796 4698 4697 4794 4891 4892 4795
527 1 1 1 4699 4990 4993 4702 4796 4893 4991 4992 4896 4799 4701 4700 4797 4894 4895 4798
528 1 1 1 4702 4993 4996 4705 4799 4896 4994 4995 4899 4802 4704 4703 4800 4897 4898 4801
529 1 1 1 4705 4996 4999 4708 4802 4899 4997 4998 4902 4805 4707 4706 4803 4900 4901 4804
530 1 1 1 4708 4999 5002 4711 4805 4902 5000 5001 4905 4808 4710 4709 4806 4903 4904 4807
531 1 1 1 4711 5002 5005 4714 4808 4905 5003 5004 4908 4811 4713 4712 4809 4906 4907 4810
532 1 1 1 4714 5005 5008 4717 4811 4908 5006 5007 4911 4814 4716 4715 4812 4909 4910 4813
533 1 1 1 4717 5008 5011 4720 4814 4911 5009 5010 4914 4817 4719 4718 4815 4912 4913 4816
534 1 1 1 4720 5011 5014 4723 4817 4914 5012 5013 4917 4820 4722 4721 4818 4915 4916 4819
535 1 1 1 4723 5014 5017 4726 4820 4917 5015 5016 4920 4823 4725 4724 4821 4918 4919 4822
536 1 1 1 4726 5017 5020 4729 4823 4920 5018 5019 4923 4826 4728 4727 4824 4921 4922 4825
537 1 1 1 4729 5020 5023 4732 4826 4923 5021 5022 4926 4829 4731 4730 4827 4924 4925 4828
538 1 1 1 4732 5023 5026 4735 4829 4926 5024 5025 4929 4832 4734 4733 4830 4927 4928 4831
539 1 1 1 4735 5026 5029 4738 4832 4929 5027 5028 4932 4835 4737 4736 4833 4930 4931 4834
540 1 1 1 4738 5029 5032 4741 4835 4932 5030 5031 4935 4838 4740 4739 4836 4933 4934 4837
541 1 1 1 4741 5032 5035 4744 4838 4935 5033 5034 4938 4841 4743 4742 4839 4936 4937 4840
542 1 1 1 4744 5035 5038 4747 4841 4938 5036 5037 4941 4844 4746 4745 4842 4939 4940 4843
543 1 1 1 4747 5038 5041 4750 4844 4941 5039 5040 4944 4847 4749 4748 4845 4942 4943 4846
544 1 1 1 4750 5041 5044 4753 4847 4944 5042 5043 4947 4850 4752 4751 4848 4945 4946 4849
545 1 1 1 4948 5239 5242 4951 5045 5142 5240 5241 5145 5048 4950 4949 5046 5143 5144 5047
546 1 1 1 4951 5242 5245 4954 5048 5145 5243 5244 5148 5051 4953 4952 5049 5146 5147 5050
547 1 1 1 4954 5245 5248 4957 5051 5148 5246 5247 5151 5054 4956 4955 5052 5149 5150 5053
548 1 1 1 4957 5248 5251 4960 5054 5151 5249 5250 5154 5057 4959 4958 5055 5152 5153 5056
549 1 1 1 4960 5251 5254 4963 5057 5154 5252 5253 5157 5060 4962 4961 5058 5155 5156 5059
550 1 1 1 4963 5254 5257 4966 5060 5157 5255 5256 5160 5063 4965 4964 5061 5158 5159 5062
551 1 1 1 4966 5257 5260 4969 5063 5160 5258 5259 5163 5066 4968 4967 5064 5161 5162 5065
552 1 1 1 4969 5260 5263 4972 5066 5163 5261 5262 5166 5069 4971 4970 5067 5164 5165 5068
553 1 1 1 4972 5263 5266 4975 5069 5166 5264 5265 5169 5072 4974 4973 5070 5167 5168 5071
554 1 1 1 4975 5266 5269 4978 5072 5169 5267 5268 5172 5075 4977 4976 5073 5170 5171 5074
555 1 1 1 4978 5269 5272 4981 5075 5172 5270 5271 5175 5078 4980 4979 5076 5173 5174 5077
556 1 1 1 4981 5272 5275 4984 5078 5175 5273 5274 5178 5081 4983 4982 5079 5176 5177 5080
557 1 1 1 4984 5275 5278 4987 5081 5178 5276 5277 5181 5084 4986 4985 5082 5179 5180 5083
558 1 1 1 4987 5278 5281 4990 5084 5181 5279 5280 5184 5087 4989 4988 5085 5182 5183 5086
559 1 1 1 4990 5281 5284 4993 5087 5184 5282 5283 5187 5090 4992 4991 5088 5185 5186 5089
560 1 1 1 4993 5284 5287 4996 5090 5187 5285 5286 5190 5093 4995 4994 5091 5188 5189 5092
561 1 1 1 4996 5287 5290 4999 5093 5190 5288 5289 5193 5096 4998 4997 5094 5191 5192 5095
562 1 1 1 4999 5290 5293 5002 5096 5193 5291 5292 5196 5099 5001 5000 5097 5194 5195 5098
563 1 1 1 5002 5293 5296 5005 5099 5196 5294 5295 5199 5102 5004 5003 5100 5197 5198 5101
564 1 1 1 5005 5296 5299 5008 5102 5199 5297 5298 5202 5105 5007 5006 5103 5200 5201 5104
565 1 1 1 5008 5299 5302 5011 5105 5202 5300 5301 5205 5108 5010 5009 5106 5203 5204 5107
566 1 1 1 5011 5302 5305 5014 5108 5205 5303 5304 5208 5111 5013 5012 5109 5206 5207 5110
567 1 1 1 5014 5305 5308 5017 5111 5208 5306 5307 5211 5114 5016 5015 5112 5209 5210 5113
568 1 1 1 5017 5308 5311 5020 5114 5211 5309 5310 5214 5117 5019 5018 5115 5212 5213 5116
569 1 1 1 5020 5311 5314 5023 5117 5214 5312 5313 5217 5120 5022 5021 5118 5215 5216 5119
570 1 1 1 5023 5314 5317 5026 5120 5217 5315 5316 5220 5123 5025 5024 5121 5218 5219 5122
571 1 1 1 5026 5317 5320 5029 5123 5220 5318 5319 5223 5126 5028 5027 5124 5221 5222 5125
572 1 1 1 5029 5320 5323 5032 5126 5223 5321 5322 5226 5129 5031 5030 5127 5224 5225 5128
573 1 1 1 5032 5323 5326 5035 5129 5226 5324 5325 5229 5132 5034 5033 5130 5227 5228 5131
574 1 1 1 5035 5326 5329 5038 5132 5229 5327 5328 5232 5135 5037 5036 5133 5230 5231 5134
575 1 1 1 5038 5329 5332 5041 5135 5232 5330 5331 5235 5138 5040 5039 5136 5233 5234 5137
576 1 1 1 5041 5332 5335 5044 5138 5235 5333 5334 5238 5141 5043 5042 5139 5236 5237 5140
577 1 1 1 5239 5530 5533 5242 5336 5433 5531 5532 5436 5339 5241 5240 5337 5434 5435 5338
578 1 1 1 5242 5533 5536 5245 5339 5436 5534 5535 5439 5342 5244 5243 5340 5437 5438 5341
579 1 1 1 5245 5536 5539 5248 5342 5439 5537 5538 5442 5345 5247 5246 5343 5440 5441 5344
580 1 1 1 5248 5539 5542 5251 5345 5442 5540 5541 5445 5348 5250 5249 5346 5443 5444 5347
581 1 1 1 5251 5542 5545 5254 5348 5445 5543 5544 5448 5351 5253 5252 5349 5446 5447 5350
582 1 1 1 5254 5545 5548 5257 5351 5448 5546 5547 5451 5354 5256 5255 5352 5449 5450 5353
583 1 1 1 5257 5548 5551 5260 5354 5451 5549 5550 5454 5357 5259 5258 5355 5452 5453 5356
584 1 1 1 5260 5551 5554 5263 5357 5454 5552 5553 5457 5360 5262 5261 5358 5455 5456 5359
585 1 1 1 5263 5554 5557 5266 5360 5457 5555 5556 5460 5363 5265 5264 5361 5458 5459 5362
586 1 1 1 5266 5557 5560 5269 5363 5460 5558 5559 5463 5366 5268 5267 5364 5461 5462 5365
587 1 1 1 5269 5560 5563 5272 5366 5463 5561 5562 5466 5369 5271 5270 5367 5464 5465 5368
588 1 1 1 5272 5563 5566 5275 5369 5466 5564 5565 5469 5372 5274 5273 5370 5467 5468 5371
589 1 1 1 5275 5566 5569 5278 5372 5469 5567 5568 5472 5375 5277 5276 5373 5470 5471 5374
590 1 1 1 5278 5569 5572 5281 5375 5472 5570 5571 5475 5378 5280 5279 5376 5473 5474 5377
591 1 1 1 5281 5572 5575 5284 5378 5475 5573 5574 5478 5381 5283 5282 5379 5476 5477 5380
592 1 1 1 5284 5575 5578 5287 5381 5478 5576 5577 5481 5384 5286 5285 5382 5479 5480 5383
593 1 1 1 5287 5578 5581 5290 5384 5481 5579 5580 5484 5387 5289 5288 5385 5482 5483 5386
594 1 1 1 5290 5581 5584 5293 5387 5484 5582 5583 5487 5390 5292 5291 5388 5485 5486 5389
595 1 1 1 5293 5584 5587 5296 5390 5487 5585 5586 5490 5393 5295 5294 5391 5488 5489 5392
596 1 1 1 5296 5587 5590 5299 5393 5490 5588 5589 5493 5396 5298 5297 5394 5491 5492 5395
597 1 1 1 5299 5590 5593 5302 5396 5493 5591 5592 5496 5399 5301 5300 5397 5494 5495 5398
598 1 1 1 5302 5593 5596 5305 5399 5496 5594 5595 5499 5402 5304 5303 5400 5497 5498 5401
599 1 1 1 5305 5596 5599 5308 5402 5499 5597 5598 5502 5405 5307 5306 5403 5500 5501 5404
600 1 1 1 5308 5599 5602 5311 5405 5502 5600 5601 5505 5408 5310 5309 5406 5503 5504 5407
601 1 1 1 5311 5602 5605 5314 5408 5505 5603 5604 5508 5411 5313 5312 5409 5506 5507 5410
602 1 1 1 5314 5605 5608 5317 5411 5508 5606 5607 5511 5414 5316 5315 5412 5509 5510 5413
603 1 1 1 5317 5608 5611 5320 5414 5511 5609 5610 5514 5417 5319 5318 5415 5512 5513 5416
604 1 1 1 5320 5611 5614 5323 5417 5514 5612 5613 5517 5420 5322 5321 5418 5515 5516 5419
605 1 1 1 5323 5614 5617 5326 5420 5517 5615 5616 5520 5423 5325 5324 5421 5518 5519 5422
606 1 1 1 5326 5617 5620 5329 5423 5520 5618 5619 5523 5426 5328 5327 5424 5521 5522 5425
607 1 1 1 5329 5620 5623 5332 5426 5523 5621 5622 5526 5429 5331 5330 5427 5524 5525 5428
608 1 1 1 5332 5623 5626 5335 5429 5526 5624 5625 5529 5432 5334 5333 5430 5527 5528 5431
609 1 1 1 5530 5821 5824 5533 5627 5724 5822 5823 5727 5630 5532 5531 5628 5725 5726 5629
610 1 1 1 5533 5824 5827 5536 5630 5727 5825 5826 5730 5633 5535 5534 5631 5728 5729 5632
611 1 1 1 5536 5827 5830 5539 5633 5730 5828 5829 5733 5636 5538 5537 5634 5731 5732 5635
612 1 1 1 5539 5830 5833 5542 5636 5733 5831 5832 5736 5639 5541 5540 5637 5734 5735 5638
613 1 1 1 5542 5833 5836 5545 5639 5736 5834 5835 5739 5642 5544 5543 5640 5737 5738 5641
614 1 1 1 5545 5836 5839 5548 5642 5739 5837 5838 5742 5645 5547 5546 5643 5740 5741 5644
615 1 1 1 5548 5839 5842 5551 5645 5742 5840 5841 5745 5648 5550 5549 5646 5743 5744 5647
616 1 1 1 5551 5842 5845 5554 5648 5745 5843 5844 5748 5651 5553 5552 5649 5746 5747 5650
617 1 1 1 5554 5845 5848 5557 5651 5748 5846 5847 5751 5654 5556 5555 5652 5749 5750 5653
618 1 1 1 5557 5848 5851 5560 5654 5751 5849 5850 5754 5657 5559 5558 5655 5752 5753 5656
619 1 1 1 5560 5851 5854 5563 5657 5754 5852 5853 5757 5660 5562 5561 5658 5755 5756 5659
620 1 1 1 5563 5854 5857 5566 5660 5757 5855 5856 5760 5663 5565 5564 5661 5758 5759 5662
621 1 1 1 5566 5857 5860 5569 5663 5760 5858 5859 5763 5666 5568 5567 5664 5761 5762 5665
622 1 1 1 5569 5860 5863 5572 5666 5763 5861 5862 5766 5669 5571 5570 5667 5764 5765 5668
623 1 1 1 5572 5863 5866 5575 5669 5766 5864 5865 5769 5672 5574 5573 5670 5767 5768 5671
624 1 1 1 5575 5866 5869 5578 5672 5769 5867 5868 5772 5675 5577 5576 5673 5770 5771 5674
625 1 1 1 5578 5869 5872 5581 5675 5772 5870 5871 5775 5678 5580 5579 5676 5773 5774 5677
626 1 1 1 5581 5872 5875 5584 5678 5775 5873 5874 5778 5681 5583 5582 5679 5776 5777 5680
627 1 1 1 5584 5875 5878 5587 5681 5778 5876 5877 5781 5684 5586 5585 5682 5779 5780 5683
628 1 1 1 5587 5878 5881 5590 5684 5781 5879 5880 5784 5687 5589 5588 5685 5782 5783 5686
629 1 1 1 5590 5881 5884 5593 5687 5784 5882 5883 5787 5690 5592 5591 5688 5785 5786 5689
630 1 1 1 5593 5884 5887 5596 5690 5787 5885 5886 5790 5693 5595 5594 5691 5788 5789 5692
631 1 1 1 5596 5887 5890 5599 5693 5790 5888 5889 5793 5696 5598 5597 5694 5791 5792 5695
632 1 1 1 5599 5890 5893 5602 5696 5793 5891 5892 5796 5699 5601 5600 5697 5794 5795 5698
633 1 1 1 5602 5893 5896 5605 5699 5796 5894 5895 5799 5702 5604 5603 5700 5797 5798 5701
634 1 1 1 5605 5896 5899 5608 5702 5799 5897 5898 5802 5705 5607 5606 5703 5800 5801 5704
635 1 1 1 5608 5899 5902 5611 5705 5802 5900 5901 5805 5708 5610 5609 5706 5803 5804 5707
636 1 1 1 5611 5902 5905 5614 5708 5805 5903 5904 5808 5711 5613 5612 5709 5806 5807 5710
637 1 1 1 5614 5905 5908 5617 5711 5808 5906 5907 5811 5714 5616 5615 5712 5809 5810 5713
638 1 1 1 5617 5908 5911 5620 5714 5811 5909 5910 5814 5717 5619 5618 5715 5812 5813 5716
639 1 1 1 5620 5911 5914 5623 5717 5814 5912 5913 5817 5720 5622 5621 5718 5815 5816 5719
640 1 1 1 5623 5914 5917 5626 5720 5817 5915 5916 5820 5723 5625 5624 5721 5818 5819 5722
641 1 1 1 5821 6112 6115 5824 5918 6015 6113 6114 6018 5921 5823 5822 5919 6016 6017 5920
642 1 1 1 5824 6115 6118 5827 5921 6018 6116 6117 6021 5924 5826 5825 5922 6019 6020 5923
643 1 1 1 5827 6118 6121 5830 5924 6021 6119 6120 6024 5927 5829 5828 5925 6022 6023 5926
644 1 1 1 5830 6121 6124 5833 5927 6024 6122 6123 6027 5930 5832 5831 5928 6025 6026 5929
645 1 1 1 5833 6124 6127 5836 5930 6027 6125 6126 6030 5933 5835 5834 5931 6028 6029 5932
646 1 1 1 5836 6127 6130 5839 5933 6030 6128 6129 6033 5936 5838 5837 5934 6031 6032 5935
647 1 1 1 5839 6130 6133 5842 5936 6033 6131 6132 6036 5939 5841 5840 5937 6034 6035 5938
648 1 1 1 5842 6133 6136 5845 5939 6036 6134 6135 6039 5942 5844 5843 5940 6037 6038 5941
649 1 1 1 5845 6136 6139 5848 5942 6039 6137 6138 6042 5945 5847 5846 5943 6040 6041 5944
650 1 1 1 5848 6139 6142 5851 5945 6042 6140 6141 6045 5948 5850 5849 5946 6043 6044 5947
651 1 1 1 5851 6142 6145 5854 5948 6045 6143 6144 6048 5951 5853 5852 5949 6046 6047 5950
652 1 1 1 5854 6145 6148 5857 5951 6048 6146 6147 6051 5954 5856 5855 5952 6049 6050 5953
653 1 1 1 5857 6148 6151 5860 5954 6051 6149 6150 6054 5957 5859 5858 5955 6052 6053 5956
654 1 1 1 5860 6151 6154 5863 5957 6054 6152 6153 6057 5960 5862 5861 5958 6055 6056 5959
655 1 1 1 5863 6154 6157 5866 5960 6057 6155 6156 6060 5963 5865 5864 5961 6058 6059 5962
656 1 1 1 5866 6157 6160 5869 5963 6060 6158 6159 6063 5966 5868 5867 5964 6061 6062 5965
657 1 1 1 5869 6160 6163 5872 5966 6063 6161 6162 6066 5969 5871 5870 5967 6064 6065 5968
658 1 1 1 5872 6163 6166 5875 5969 6066 6164 6165 6069 5972 5874 5873 5970 6067 6068 5971
659 1 1 1 5875 6166 6169 5878 5972 6069 6167 6168 6072 5975 5877 5876 5973 6070 6071 5974
660 1 1 1 5878 6169 6172 5881 5975 6072 6170 6171 6075 5978 5880 5879 5976 6073 6074 5977
661 1 1 1 5881 6172 6175 5884 5978 6075 6173 6174 6078 5981 5883 5882 5979 6076 6077 5980
662 1 1 1 5884 6175 6178 5887 5981 6078 6176 6177 6081 5984 5886 5885 5982 6079 6080 5983
663 1 1 1 5887 6178 6181 5890 5984 6081 6179 6180 6084 5987 5889 5888 5985 6082 6083 5986
664 1 1 1 5890 6181 6184 5893 5987 6084 6182 6183 6087 5990 5892 5891 5988 6085 6086 5989
665 1 1 1 5893 6184 6187 5896 5990 6087 6185 6186 6090 5993 5895 5894 5991 6088 6089 5992
666 1 1 1 5896 6187 6190 5899 5993 6090 6188 6189 6093 5996 5898 5897 5994 6091 6092 5995
667 1 1 1 5899 6190 6193 5902 5996 6093 6191 6192 6096 5999 5901 5900 5997 6094 6095 5998
668 1 1 1 5902 6193 6196 5905 5999 6096 6194 6195 6099 6002 5904 5903 6000 6097 6098 6001
669 1 1 1 5905 6196 6199 5908 6002 6099 6197 6198 6102 6005 5907 5906 6003 6100 6101 6004
670 1 1 1 5908 6199 6202 5911 6005 6102 6200 6201 6105 6008 5910 5909 6006 6103 6104 6007
671 1 1 1 5911 6202 6205 5914 6008 6105 6203 6204 6108 6011 5913 5912 6009 6106 6107 6010
672 1 1 1 5914 6205 6208 5917 6011 6108 6206 6207 6111 6014 5916 5915 6012 6109 6110 6013
673 1 1 1 6112 6403 6406 6115 6209 6306 6404 6405 6309 6212 6114 6113 6210 6307 6308 6211
674 1 1 1 6115 6406 6409 6118 6212 6309 6407 6408 6312 6215 6117 6116 6213 6310 6311 6214
675 1 1 1 6118 6409 6412 6121 6215 6312 6410 6411 6315 6218 6120 6119 6216 6313 6314 6217
676 1 1 1 6121 6412 6415 6124 6218 6315 6413 6414 6318 6221 6123 6122 6219 6316 6317 6220
677 1 1 1 6124 6415 6418 6127 6221 6318 6416 6417 6321 6224 6126 6125 6222 6319 6320 6223
678 1 1 1 6127 6418 6421 6130 6224 6321 6419 6420 6324 6227 6129 6128 6225 6322 6323 6226
679 1 1 1 6130 6421 6424 6133 6227 6324 6422 6423 6327 6230 6132 6131 6228 6325 6326 6229
680 1 1 1 6133 6424 6427 6136 6230 6327 6425 6426 6330 6233 6135 6134 6231 6328 6329 6232
681 1 1 1 6136 6427 6430 6139 6233 6330 6428 6429 6333 6236 6138 6137 6234 6331 6332 6235
682 1 1 1 6139 6430 6433 6142 6236 6333 6431 6432 6336 6239 6141 6140 6237 6334 6335 6238
683 1 1 1 6142 6433 6436 6145 6239 6336 6434 6435 6339 6242 6144 6143 6240 6337 6338 6241
684 1 1 1 6145 6436 6439 6148 6242 6339 6437 6438 6342 6245 6147 6146 6243 6340 6341 6244
685 1 1 1 6148 6439 6442 6151 6245 6342 6440 6441 6345 6248 6150 6149 6246 6343 6344 6247
686 1 1 1 6151 6442 6445 6154 6248 6345 6443 6444 6348 6251 6153 6152 6249 6346 6347 6250
687 1 1 1 6154 6445 6448 6157 6251 6348 6446 6447 6351 6254 6156 6155 6252 6349 6350 6253
688 1 1 1 6157 6448 6451 6160 6254 6351 6449 6450 6354 6257 6159 6158 6255 6352 6353 6256
689 1 1 1 6160 6451 6454 6163 6257 6354 6452 6453 6357 6260 6162 6161 6258 6355 6356 6259
690 1 1 1 6163 6454 6457 6166 6260 6357 6455 6456 6360 6263 6165 6164 6261 6358 6359 6262
691 1 1 1 6166 6457 6460 6169 6263 6360 6458 6459 6363 6266 6168 6167 6264 6361 6362 6265
692 1 1 1 6169 6460 6463 6172 6266 6363 6461 6462 6366 6269 6171 6170 6267 6364 6365 6268
693 1 1 1 6172 6463 6466 6175 6269 6366 6464 6465 6369 6272 6174 6173 6270 6367 6368 6271
694 1 1 1 6175 6466 6469 6178 6272 6369 6467 6468 6372 6275 6177 6176 6273 6370 6371 6274
695 1 1 1 6178 6469 6472 6181 6275 6372 6470 6471 6375 6278 6180 6179 6276 6373 6374 6277
696 1 1 1 6181 6472 6475 6184 6278 6375 6473 6474 6378 6281 6183 6182 6279 6376 6377 6280
697 1 1 1 6184 6475 6478 6187 6281 6378 6476 6477 6381 6284 6186 6185 6282 6379 6380 6283
698 1 1 1 6187 6478 6481 6190 6284 6381 6479 6480 6384 6287 6189 6188 6285 6382 6383 6286
699 1 1 1 6190 6481 6484 6193 6287 6384 6482 6483 6387 6290 6192 6191 6288 6385 6386 6289
700 1 1 1 6193 6484 6487 6196 6290 6387 6485 6486 6390 6293 6195 6194 6291 6388 6389 6292
701 1 1 1 6196 6487 6490 6199 6293 6390 6488 6489 6393 6296 6198 6197 6294 6391 6392 6295
702 1 1 1 6199 6490 6493 6202 6296 6393 6491 6492 6396 6299 6201 6200 6297 6394 6395 6298
703 1 1 1 6202 6493 6496 6205 6299 6396 6494 6495 6399 6302 6204 6203 6300 6397 6398 6301
704 1 1 1 6205 6496 6499 6208 6302 6399 6497 6498 6402 6305 6207 6206 6303 6400 6401 6304
705 1 1 1 6403 6694 6697 6406 6500 6597 6695 6696 6600 6503 6405 6404 6501 6598 6599 6502
706 1 1 1 6406 6697 6700 6409 6503 6600 6698 6699 6603 6506 6408 6407 6504 6601 6602 6505
707 1 1 1 6409 6700 6703 6412 6506 6603 6701 6702 6606 6509 6411 6410 6507 6604 6605 6508
708 1 1 1 6412 6703 6706 6415 6509 6606 6704 6705 6609 6512 6414 6413 6510 6607 6608 6511
709 1 1 1 6415 6706 6709 6418 6512 6609 6707 6708 6612 6515 6417 6416 6513 6610 6611 6514
710 1 1 1 6418 6709 6712 6421 6515 6612 6710 6711 6615 6518 6420 6419 6516 6613 6614 6517
711 1 1 1 6421 6712 6715 6424 6518 6615 6713 6714 6618 6521 6423 6422 6519 6616 6617 6520
712 1 1 1 6424 6715 6718 6427 6521 6618 6716 6717 6621 6524 6426 6425 6522 6619 6620 6523
713 1 1 1 6427 6718 6721 6430 6524 6621 6719 6720 6624 6527 6429 6428 6525 6622 6623 6526
714 1 1 1 6430 6721 6724 6433 6527 6624 6722 6723 6627 6530 6432 6431 6528 6625 6626 6529
715 1 1 1 6433 6724 6727 6436 6530 6627 6725 6726 6630 6533 6435 6434 6531 6628 6629 6532
716 1 1 1 6436 6727 6730 6439 6533 6630 6728 6729 6633 6536 6438 6437 6534 6631 6632 6535
717 1 1 1 6439 6730 6733 6442 6536 6633 6731 6732 6636 6539 6441 6440 6537 6634 6635 6538
718 1 1 1 6442 6733 6736 6445 6539 6636 6734 6735 6639 6542 6444 6443 6540 6637 6638 6541
719 1 1 1 6445 6736 6739 6448 6542 6639 6737 6738 6642 6545 6447 6446 6543 6640 6641 6544
720 1 1 1 6448 6739 6742 6451 6545 6642 6740 6741 6645 6548 6450 6449 6546 6643 6644 6547
721 1 1 1 6451 6742 6745 6454 6548 6645 6743 6744 6648 6551 6453 6452 6549 6646 6647 6550
722 1 1 1 6454 6745 6748 6457 6551 6648 6746 6747 6651 6554 6456 6455 6552 6649 6650 6553
723 1 1 1 6457 6748 6751 6460 6554 6651 6749 6750 6654 6557 6459 6458 6555 6652 6653 6556
724 1 1 1 6460 6751 6754 6463 6557 6654 6752 6753 6657 6560 6462 6461 6558 6655 6656 6559
725 1 1 1 6463 6754 6757 6466 6560 6657 6755 6756 6660 6563 6465 6464 6561 6658 6659 6562
726 1 1 1 6466 6757 6760 6469 6563 6660 6758 6759 6663 6566 6468 6467 6564 6661 6662 6565
727 1 1 1 6469 6760 6763 6472 6566 6663 6761 6762 6666 6569 6471 6470 6567 6664 6665 6568
728 1 1 1 6472 6763 6766 6475 6569 6666 6764 6765 6669 6572 6474 6473 6570 6667 6668 6571
729 1 1 1 6475 6766 6769 6478 6572 6669 6767 6768 6672 6575 6477 6476 6573 6670 6671 6574
730 1 1 1 6478 6769 6772 6481 6575 6672 6770 6771 6675 6578 6480 6479 6576 6673 6674 6577
731 1 1 1 6481 6772 6775 6484 6578 6675 6773 6774 6678 6581 6483 6482 6579 6676 6677 6580
732 1 1 1 6484 6775 6778 6487 6581 6678 6776 6777 6681 6584 6486 6485 6582 6679 6680 6583
733 1 1 1 6487 6778 6781 6490 6584 6681 6779 6780 6684 6587 6489 6488 6585 6682 6683 6586
734 1 1 1 6490 6781 6784 6493 6587 6684 6782 6783 6687 6590 6492 6491 6588 6685 6686 6589
735 1 1 1 6493 6784 6787 6496 6590 6687 6785 6786 6690 6593 6495 6494 6591 6688 6689 6592
736 1 1 1 6496 6787 6790 6499 6593 6690 6788 6789 6693 6596 6498 6497 6594 6691 6692 6595
737 1 1 1 6694 6985 6988 6697 6791 6888 6986 6987 6891 6794 6696 6695 6792 6889 6890 6793
738 1 1 1 6697 6988 6991 6700 6794 6891 6989 6990 6894 6797 6699 6698 6795 6892 6893 6796
739 1 1 1 6700 6991 6994 6703 6797 6894 6992 6993 6897 6800 6702 6701 6798 6895 6896 6799
740 1 1 1 6703 6994 6997 6706 6800 6897 6995 6996 6900 6803 6705 6704 6801 6898 6899 6802
741 1 1 1 6706 6997 7000 6709 6803 6900 6998 6999 6903 6806 6708 6707 6804 6901 6902 6805
742 1 1 1 6709 7000 7003 6712 6806 6903 7001 7002 6906 6809 6711 6710 6807 6904 6905 6808
743 1 1 1 6712 7003 7006 6715 6809 6906 7004 7005 6909 6812 6714 6713 6810 6907 6908 6811
744 1 1 1 6715 7006 7009 6718 6812 6909 7007 7008 6912 6815 6717 6716 6813 6910 6911 6814
745 1 1 1 6718 7009 7012 6721 6815 6912 7010 7011 6915 6818 6720 6719 6816 6913 6914 6817
746 1 1 1 6721 7012 7015 6724 6818 6915 7013 7014 6918 6821 6723 6722 6819 6916 6917 6820
747 1 1 1 6724 7015 7018 6727 6821 6918 7016 7017 6921 6824 6726 6725 6822 6919 6920 6823
748 1 1 1 6727 7018 7021 6730 6824 6921 7019 7020 6924 6827 6729 6728 6825 6922 6923 6826
749 1 1 1 6730 7021 7024 6733 6827 6924 7022 7023 6927 6830 6732 6731 6828 6925 6926 6829
750 1 1 1 6733 7024 7027 6736 6830 6927 7025 7026 6930 6833 6735 6734 6831 6928 6929 6832
751 1 1 1 6736 7027 7030 6739 6833 6930 7028 7029 6933 6836 6738 6737 6834 6931 6932 6835
752 1 1 1 6739 7030 7033 6742 6836 6933 7031 7032 6936 6839 6741 6740 6837 6934 6935 6838
753 1 1 1 6742 7033 7036 6745 6839 6936 7034 7035 6939 6842 6744 6743 6840 6937 6938 6841
754 1 1 1 6745 7036 7039 6748 6842 6939 7037 7038 6942 6845 6747 6746 6843 6940 6941 6844
755 1 1 1 6748 7039 7042 6751 6845 6942 7040 7041 6945 6848 6750 6749 6846 6943 6944 6847
756 1 1 1 6751 7042 7045 6754 6848 6945 7043 7044 6948 6851 6753 6752 6849 6946 6947 6850
757 1 1 1 6754 7045 7048 6757 6851 6948 7046 7047 6951 6854 6756 6755 6852 6949 6950 6853
758 1 1 1 6757 7048 7051 6760 6854 6951 7049 7050 6954 6857 6759 6758 6855 6952 6953 6856
759 1 1 1 6760 7051 7054 6763 6857 6954 7052 7053 6957 6860 6762 6761 6858 6955 6956 6859
760 1 1 1 6763 7054 7057 6766 6860 6957 7055 7056 6960 6863 6765 6764 6861 6958 6959 6862
761 1 1 1 6766 7057 7060 6769 6863 6960 7058 7059 6963 6866 6768 6767 6864 6961 6962 6865
762 1 1 1 6769 7060 7063 6772 6866 6963 7061 7062 6966 6869 6771 6770 6867 6964 6965 6868
763 1 1 1 6772 7063 7066 6775 6869 6966 7064 7065 6969 6872 6774 6773 6870 6967 6968 6871
764 1 1 1 6775 7066 7069 6778 6872 6969 7067 7068 6972 6875 6777 6776 6873 6970 6971 6874
765 1 1 1 6778 7069 7072 6781 6875 6972 7070 7071 6975 6878 6780 6779 6876 6973 6974 6877
766 1 1 1 6781 7072 7075 6784 6878 6975 7073 7074 6978 6881 6783 6782 6879 6976 6977 6880
767 1 1 1 6784 7075 7078 6787 6881 6978 7076 7077 6981 6884 6786 6785 6882 6979 6980 6883
768 1 1 1 6787 7078 7081 6790 6884 6981 7079 7080 6984 6887 6789 6788 6885 6982 6983 6886
769 1 1 1 6985 7276 7279 6988 7082 7179 7277 7278 7182 7085 6987 6986 7083 7180 7181 7084
770 1 1 1 6988 7279 7282 6991 7085 7182 7280 7281 7185 7088 6990 6989 7086 7183 7184 7087
771 1 1 1 6991 7282 7285 6994 7088 7185 7283 7284 7188 7091 6993 6992 7089 7186 7187 7090
772 1 1 1 6994 7285 7288 6997 7091 7188 7286 7287 7191 7094 6996 6995 7092 7189 7190 7093
773 1 1 1 6997 7288 7291 7000 7094 7191 7289 7290 7194 7097 6999 6998 7095 7192 7193 7096
774 1 1 1 7000 7291 7294 7003 7097 7194 7292 7293 7197 7100 7002 7001 7098 7195 7196 7099
775 1 1 1 7003 7294 7297 7006 7100 7197 7295 7296 7200 7103 7005 7004 7101 7198 7199 7102
776 1 1 1 7006 7297 7300 7009 7103 7200 7298 7299 7203 7106 7008 7007 7104 7201 7202 7105
777 1 1 1 7009 7300 7303 7012 7106 7203 7301 7302 7206 7109 7011 7010 7107 7204 7205 7108
778 1 1 1 7012 7303 7306 7015 7109 7206 7304 7305 7209 7112 7014 7013 7110 7207 7208 7111
779 1 1 1 7015 7306 7309 7018 7112 7209 7307 7308 7212 7115 7017 7016 7113 7210 7211 7114
780 1 1 1 7018 7309 7312 7021 7115 7212 7310 7311 7215 7118 7020 7019 7116 7213 7214 7117
781 1 1 1 7021 7312 7315 7024 7118 7215 7313 7314 7218 7121 7023 7022 7119 7216 7217 7120
782 1 1 1 7024 7315 7318 7027 7121 7218 7316 7317 7221 7124 7026 7025 7122 7219 7220 7123
783 1 1 1 7027 7318 7321 7030 7124 7221 7319 7320 7224 7127 7029 7028 7125 7222 7223 7126
784 1 1 1 7030 7321 7324 7033 7127 7224 7322 7323 7227 7130 7032 7031 7128 7225 7226 7129
785 1 1 1 7033 7324 7327 7036 7130 7227 7325 7326 7230 7133 7035 7034 7131 7228 7229 7132
786 1 1 1 7036 7327 7330 7039 7133 7230 7328 7329 7233 7136 7038 7037 7134 7231 7232 7135
787 1 1 1 7039 7330 7333 7042 7136 7233 7331 7332 7236 7139 7041 7040 7137 7234 7235 7138
788 1 1 1 7042 7333 7336 7045 7139 7236 7334 7335 7239 7142 7044 7043 7140 7237 7238 7141
789 1 1 1 7045 7336 7339 7048 7142 7239 7337 7338 7242 7145 7047 7046 7143 7240 7241 7144
790 1 1 1 7048 7339 7342 7051 7145 7242 7340 7341 7245 7148 7050 7049 7146 7243 7244 7147
791 1 1 1 7051 7342 7345 7054 7148 7245 7343 7344 7248 7151 7053 7052 7149 7246 7247 7150
792 1 1 1 7054 7345 7348 7057 7151 7248 7346 7347 7251 7154 7056 7055 7152 7249 7250 7153
793 1 1 1 7057 7348 7351 7060 7154 7251 7349 7350 7254 7157 7059 7058 7155 7252 7253 7156
794 1 1 1 7060 7351 7354 7063 7157 7254 7352 7353 7257 7160 7062 7061 7158 7255 7256 7159
795 1 1 1 7063 7354 7357 7066 7160 7257 7355 7356 7260 7163 7065 7064 7161 7258 7259 7162
796 1 1 1 7066 7357 7360 7069 7163 7260 7358 7359 7263 7166 7068 7067 7164 7261 7262 7165
797 1 1 1 7069 7360 7363 7072 7166 7263 7361 7362 7266 7169 7071 7070 7167 7264 7265 7168
798 1 1 1 7072 7363 7366 7075 7169 7266 7364 7365 7269 7172 7074 7073 7170 7267 7268 7171
799 1 1 1 7075 7366 7369 7078 7172 7269 7367 7368 7272 7175 7077 7076 7173 7270 7271 7174
800 1 1 1 7078 7369 7372 7081 7175 7272 7370 7371 7275 7178 7080 7079 7176 7273 7274 7177
801 1 1 1 7276 7567 7570 7279 7373 7470 7568 7569 7473 7376 7278 7277 7374 7471 7472 7375
802 1 1 1 7279 7570 7573 7282 7376 7473 7571 7572 7476 7379 7281 7280 7377 7474 7475 7378
803 1 1 1 7282 7573 7576 7285 7379 7476 7574 7575 7479 7382 7284 7283 7380 7477 7478 7381
804 1 1 1 7285 7576 7579 7288 7382 7479 7577 7578 7482 7385 7287 7286 7383 7480 7481 7384
805 1 1 1 7288 7579 7582 7291 7385 7482 7580 7581 7485 7388 7290 7289 7386 7483 7484 7387
806 1 1 1 7291 7582 7585 7294 7388 7485 7583 7584 7488 7391 7293 7292 7389 7486 7487 7390
807 1 1 1 7294 7585 7588 7297 7391 7488 7586 7587 7491 7394 7296 7295 7392 7489 7490 7393
808 1 1 1 7297 7588 7591 7300 7394 7491 7589 7590 7494 7397 7299 7298 7395 7492 7493 7396
809 1 1 1 7300 7591 7594 7303 7397 7494 7592 7593 7497 7400 7302 7301 7398 7495 7496 7399
810 1 1 1 7303 7594 7597 7306 7400 7497 7595 7596 7500 7403 7305 7304 7401 7498 7499 7402
811 1 1 1 7306 7597 7600 7309 7403 7500 7598 7599 7503 7406 7308 7307 7404 7501 7502 7405
812 1 1 1 7309 7600 7603 7312 7406 7503 7601 7602 7506 7409 7311 7310 7407 7504 7505 7408
813 1 1 1 7312 7603 7606 7315 7409 7506 7604 7605 7509 7412 7314 7313 7410 7507 7508 7411
814 1 1 1 7315 7606 7609 7318 7412 7509 7607 7608 7512 7415 7317 7316 7413 7510 7511 7414
815 1 1 1 7318 7609 7612 7321 7415 7512 7610 7611 7515 7418 7320 7319 7416 7513 7514 7417
816 1 1 1 7321 7612 7615 7324 7418 7515 7613 7614 7518 7421 7323 7322 7419 7516 7517 7420
817 1 1 1 7324 7615 7618 7327 7421 7518 7616 7617 7521 7424 7326 7325 7422 7519 7520 7423
818 1 1 1 7327 7618 7621 7330 7424 7521 7619 7620 7524 7427 7329 7328 7425 7522 7523 7426
819 1 1 1 7330 7621 7624 7333 7427 7524 7622 7623 7527 7430 7332 7331 7428 7525 7526 7429
820 1 1 1 7333 7624 7627 7336 7430 7527 7625 7626 7530 7433 7335 7334 7431 7528 7529 7432
821 1 1 1 7336 7627 7630 7339 7433 7530 7628 7629 7533 7436 7338 7337 7434 7531 7532 7435
822 1 1 1 7339 7630 7633 7342 7436 7533 7631 7632 7536 7439 7341 7340 7437 7534 7535 7438
823 1 1 1 7342 7633 7636 7345 7439 7536 7634 7635 7539 7442 7344 7343 7440 7537 7538 7441
824 1 1 1 7345 7636 7639 7348 7442 7539 7637 7638 7542 7445 7347 7346 7443 7540 7541 7444
825 1 1 1 7348 7639 7642 7351 7445 7542 7640 7641 7545 7448 7350 7349 7446 7543 7544 7447
826 1 1 1 7351 7642 7645 7354 7448 7545 7643 7644 7548 7451 7353 7352 7449 7546 7547 7450
827 1 1 1 7354 7645 7648 7357 7451 7548 7646 7647 7551 7454 7356 7355 7452 7549 7550 7453
828 1 1 1 7357 7648 7651 7360 7454 7551 7649 7650 7554 7457 7359 7358 7455 7552 7553 7456
829 1 1 1 7360 7651 7654 7363 7457 7554 7652 7653 7557 7460 7362 7361 7458 7555 7556 7459
830 1 1 1 7363 7654 7657 7366 7460 7557 7655 7656 7560 7463 7365 7364 7461 7558 7559 7462
831 1 1 1 7366 7657 7660 7369 7463 7560 7658 7659 7563 7466 7368 7367 7464 7561 7562 7465
832 1 1 1 7369 7660 7663 7372 7466 7563 7661 7662 7566 7469 7371 7370 7467 7564 7565 7468
833 1 1 1 7567 7858 7861 7570 7664 7761 7859 7860 7764 7667 7569 7568 7665 7762 7763 7666
834 1 1 1 7570 7861 7864 7573 7667 7764 7862 7863 7767 7670 7572 7571 7668 7765 7766 7669
835 1 1 1 7573 7864 7867 7576 7670 7767 7865 7866 7770 7673 7575 7574 7671 7768 7769 7672
836 1 1 1 7576 7867 7870 7579 7673 7770 7868 7869 7773 7676 7578 7577 7674 7771 7772 7675
837 1 1 1 7579 7870 7873 7582 7676 7773 7871 7872 7776 7679 7581 7580 7677 7774 7775 7678
838 1 1 1 7582 7873 7876 7585 7679 7776 7874 7875 7779 7682 7584 7583 7680 7777 7778 7681
839 1 1 1 7585 7876 7879 7588 7682 7779 7877 7878 7782 7685 7587 7586 7683 7780 7781 7684
840 1 1 1 7588 7879 7882 7591 7685 7782 7880 7881 7785 7688 7590 7589 7686 7783 7784 7687
841 1 1 1 7591 7882 7885 7594 7688 7785 7883 7884 7788 7691 7593 7592 7689 7786 7787 7690
842 1 1 1 7594 7885 7888 7597 7691 7788 7886 7887 7791 7694 7596 7595 7692 7789 7790 7693
843 1 1 1 7597 7888 7891 7600 7694 7791 7889 7890 7794 7697 7599 7598 7695 7792 7793 7696
844 1 1 1 7600 7891 7894 7603 7697 7794 7892 7893 7797 7700 7602 7601 7698 7795 7796 7699
845 1 1 1 7603 7894 7897 7606 7700 7797 7895 7896 7800 7703 7605 7604 7701 7798 7799 7702
846 1 1 1 7606 7897 7900 7609 7703 7800 7898 7899 7803 7706 7608 7607 7704 7801 7802 7705
847 1 1 1 7609 7900 7903 7612 7706 7803 7901 7902 7806 7709 7611 7610 7707 7804 7805 7708
848 1 1 1 7612 7903 7906 7615 7709 7806 7904 7905 7809 7712 7614 7613 7710 7807 7808 7711
849 1 1 1 7615 7906 7909 7618 7712 7809 7907 7908 7812 7715 7617 7616 7713 7810 7811 7714
850 1 1 1 7618 7909 7912 7621 7715 7812 7910 7911 7815 7718 7620 7619 7716 7813 7814 7717
851 1 1 1 7621 7912 7915 7624 7718 7815 7913 7914 7818 7721 7623 7622 7719 7816 7817 7720
852 1 1 1 7624 7915 7918 7627 7721 7818 7916 7917 7821 7724 7626 7625 7722 7819 7820 7723
853 1 1 1 7627 7918 7921 7630 7724 7821 7919 7920 7824 7727 7629 7628 7725 7822 7823 7726
854 1 1 1 7630 7921 7924 7633 7727 7824 7922 7923 7827 7730 7632 7631 7728 7825 7826 7729
855 1 1 1 7633 7924 7927 7636 7730 7827 7925 7926 7830 7733 7635 7634 7731 7828 7829 7732
856 1 1 1 7636 7927 7930 7639 7733 7830 7928 7929 7833 7736 7638 7637 7734 7831 7832 7735
857 1 1 1 7639 7930 7933 7642 7736 7833 7931 7932 7836 7739 7641 7640 7737 7834 7835 7738
858 1 1 1 7642 7933 7936 7645 7739 7836 7934 7935 7839 7742 7644 7643 7740 7837 7838 7741
859 1 1 1 7645 7936 7939 7648 7742 7839 7937 7938 7842 7745 7647 7646 7743 7840 7841 7744
860 1 1 1 7648 7939 7942 7651 7745 7842 7940 7941 7845 7748 7650 7649 7746 7843 7844 7747
861 1 1 1 7651 7942 7945 7654 7748 7845 7943 7944 7848 7751 7653 7652 7749 7846 7847 7750
862 1 1 1 7654 7945 7948 7657 7751 7848 7946 7947 7851 7754 7656 7655 7752 7849 7850 7753
863 1 1 1 7657 7948 7951 7660 7754 7851 7949 7950 7857 7757 7659 7658 7755 7852 7853 7756
864 1 1 1 7660 7951 7954 7663 7757 7857 7952 7953 7854 7760 7662 7661 7758 7856 7855 7759
865 1 1 1 7858 8245 8242 7861 7955 8148 8244 8243 8145 7958 7860 7859 7956 8147 8146 7957
866 1 1 1 7861 8242 8239 7864 7958 8145 8241 8240 8142 7961 7863 7862 7959 8144 8143 7960
867 1 1 1 7864 8239 8236 7867 7961 8142 8238 8237 8139 7964 7866 7865 7962 8141 8140 7963
868 1 1 1 7867 8236 8233 7870 7964 8139 8235 8234 8136 7967 7869 7868 7965 8138 8137 7966
869 1 1 1 7870 8233 8230 7873 7967 8136 8232 8231 8133 7970 7872 7871 7968 8135 8134 7969
870 1 1 1 7873 8230 8227 7876 7970 8133 8229 8228 8130 7973 7875 7874 7971 8132 8131 7972
871 1 1 1 7876 8227 8224 7879 7973 8130 8226 8225 8127 7976 7878 7877 7974 8129 8128 7975
872 1 1 1 7879 8224 8221 7882 7976 8127 8223 8222 8124 7979 7881 7880 7977 8126 8125 7978
873 1 1 1 7882 8221 8218 7885 7979 8124 8220 8219 8121 7982 7884 7883 7980 8123 8122 7981
874 1 1 1 7885 8218 8215 7888 7982 8121 8217 8216 8118 7985 7887 7886 7983 8120 8119 7984
875 1 1 1 7888 8215 8212 7891 7985 8118 8214 8213 8115 7988 7890 7889 7986 8117 8116 7987
876 1 1 1 7891 8212 8209 7894 7988 8115 8211 8210 8112 7990 7893 7892 7989 8114 8113 7991
877 1 1 1 7894 8209 8206 7897 7990 8112 8208 8207 8109 7994 7896 7895 7992 8111 8110 7993
878 1 1 1 7897 8206 8203 7900 7994 8109 8205 8204 8106 7997 7899 7898 7995 8108 8107 7996
879 1 1 1 7900 8203 8200 7903 7997 8106 8202 8201 8103 8000 7902 7901 7998 8105 8104 7999
880 1 1 1 7903 8200 8197 7906 8000 8103 8199 8198 8100 8002 7905 7904 8001 8102 8101 8003
881 1 1 1 7906 8197 8194 7909 8002 8100 8196 8195 8097 8006 7908 7907 8004 8099 8098 8005
882 1 1 1 7909 8194 8191 7912 8006 8097 8193 8192 8094 8009 7911 7910 8008 8096 8095 8007
883 1 1 1 7912 8191 8188 7915 8009 8094 8190 8189 8091 8012 7914 7913 8010 8093 8092 8011
884 1 1 1 7915 8188 8185 7918 8012 8091 8187 8186 8088 8015 7917 7916 8013 8090 8089 8014
885 1 1 1 7918 8185 8182 7921 8015 8088 8184 8183 8085 8018 7920 7919 8017 8087 8086 8016
886 1 1 1 7921 8182 8179 7924 8018 8085 8181 8180 8082 8021 7923 7922 8019 8084 8083 8020
887 1 1 1 7924 8179 8176 7927 8021 8082 8178 8177 8079 8024 7926 7925 8022 8081 8080 8023
888 1 1 1 7927 8176 8173 7930 8024 8079 8175 8174 8076 8028 7929 7928 8025 8078 8077 8026
889 1 1 1 7930 8173 8170 7933 8028 8076 8172 8171 8073 8030 7932 7931 8027 8075 8074 8029
890 1 1 1 7933 8170 8167 7936 8030 8073 8169 8168 8070 8033 7935 7934 8031 8072 8071 8032
891 1 1 1 7936 8167 8164 7939 8033 8070 8166 8165 8067 8035 7938 7937 8034 8069 8068 8036
892 1 1 1 7939 8164 8161 7942 8035 8067 8163 8162 8064 8039 7941 7940 8038 8066 8065 8037
893 1 1 1 7942 8161 8158 7945 8039 8064 8160 8159 8061 8042 7944 7943 8040 8063 8062 8041
894 1 1 1 7945 8158 8155 7948 8042 8061 8157 8156 8056 8045 7947 7946 8043 8060 8058 8044
895 1 1 1 7948 8155 8152 7951 8045 8056 8154 8153 8052 8048 7950 7949 8046 8055 8053 8047
896 1 1 1 7951 8152 8149 7954 8048 8052 8151 8150 8059 8051 7953 7952 8049 8054 8057 8050
897 1 1 1 8245 8536 8533 8242 8342 8439 8535 8534 8436 8339 8243 8244 8341 8438 8437 8340
898 1 1 1 8242 8533 8530 8239 8339 8436 8532 8531 8433 8336 8240 8241 8338 8435 8434 8337
899 1 1 1 8239 8530 8527 8236 8336 8433 8529 8528 8430 8333 8237 8238 8335 8432 8431 8334
900 1 1 1 8236 8527 8524 8233 8333 8430 8526 8525 8427 8330 8234 8235 8332 8429 8428 8331
901 1 1 1 8233 8524 8521 8230 8330 8427 8523 8522 8424 8327 8231 8232 8329 8426 8425 8328
902 1 1 1 8230 8521 8518 8227 8327 8424 8520 8519 8421 8324 8228 8229 8326 8423 8422 8325
903 1 1 1 8227 8518 8515 8224 8324 8421 8517 8516 8418 8321 8225 8226 8323 8420 8419 8322
904 1 1 1 8224 8515 8512 8221 8321 8418 8514 8513 8415 8318 8222 8223 8320 8417 8416 8319
905 1 1 1 8221 8512 8509 8218 8318 8415 8511 8510 8412 8315 8219 8220 8317 8414 8413 8316
906 1 1 1 8218 8509 8506 8215 8315 8412 8508 8507 8409 8312 8216 8217 8314 8411 8410 8313
907 1 1 1 8215 8506 8503 8212 8312 8409 8505 8504 8406 8309 8213 8214 8311 8408 8407 8310
908 1 1 1 8212 8503 8500 8209 8309 8406 8502 8501 8403 8306 8210 8211 8308 8405 8404 8307
909 1 1 1 8209 8500 8497 8206 8306 8403 8499 8498 8400 8303 8207 8208 8305 8402 8401 8304
910 1 1 1 8206 8497 8494 8203 8303 8400 8496 8495 8397 8300 8204 8205 8302 8399 8398 8301
911 1 1 1 8203 8494 8491 8200 8300 8397 8493 8492 8394 8297 8201 8202 8299 8396 8395 8298
912 1 1 1 8200 8491 8488 8197 8297 8394 8490 8489 8391 8294 8198 8199 8296 8393 8392 8295
913 1 1 1 8197 8488 8485 8194 8294 8391 8487 8486 8388 8291 8195 8196 8293 8390 8389 8292
914 1 1 1 8194 8485 8482 8191 8291 8388 8484 8483 8385 8288 8192 8193 8290 8387 8386 8289
915 1 1 1 8191 8482 8479 8188 8288 8385 8481 8480 8382 8285 8189 8190 8287 8384 8383 8286
916 1 1 1 8188 8479 8476 8185 8285 8382 8478 8477 8379 8282 8186 8187 8284 8381 8380 8283
917 1 1 1 8185 8476 8473 8182 8282 8379 8475 8474 8376 8279 8183 8184 8281 8378 8377 8280
918 1 1 1 8182 8473 8470 8179 8279 8376 8472 8471 8373 8276 8180 8181 8278 8375 8374 8277
919 1 1 1 8179 8470 8467 8176 8276 8373 8469 8468 8370 8273 8177 8178 8275 8372 8371 8274
920 1 1 1 8176 8467 8464 8173 8273 8370 8466 8465 8367 8270 8174 8175 8272 8369 8368 8271
921 1 1 1 8173 8464 8461 8170 8270 8367 8463 8462 8364 8267 8171 8172 8269 8366 8365 8268
922 1 1 1 8170 8461 8458 8167 8267 8364 8460 8459 8361 8264 8168 8169 8266 8363 8362 8265
923 1 1 1 8167 8458 8455 8164 8264 8361 8457 8456 8358 8261 8165 8166 8263 8360 8359 8262
924 1 1 1 8164 8455 8452 8161 8261 8358 8454 8453 8355 8258 8162 8163 8260 8357 8356 8259
925 1 1 1 8161 8452 8449 8158 8258 8355 8451 8450 8352 8255 8159 8160 8257 8354 8353 8256
926 1 1 1 8158 8449 8446 8155 8255 8352 8448 8447 8349 8252 8156 8157 8254 8351 8350 8253
927 1 1 1 8155 8446 8443 8152 8252 8349 8445 8444 8346 8246 8153 8154 8251 8348 8347 8250
928 1 1 1 8152 8443 8440 8149 8246 8346 8442 8441 8343 8249 8150 8151 8247 8345 8344 8248
929 1 1 1 8536 8827 8824 8533 8633 8730 8826 8825 8727 8630 8534 8535 8632 8729 8728 8631
930 1 1 1 8533 8824 8821 8530 8630 8727 8823 8822 8724 8627 8531 8532 8629 8726 8725 8628
931 1 1 1 8530 8821 8818 8527 8627 8724 8820 8819 8721 8624 8528 8529 8626 8723 8722 8625
932 1 1 1 8527 8818 8815 8524 8624 8721 8817 8816 8718 8621 8525 8526 8623 8720 8719 8622
933 1 1 1 8524 8815 8812 8521 8621 8718 8814 8813 8715 8618 8522 8523 8620 8717 8716 8619
934 1 1 1 8521 8812 8809 8518 8618 8715 8811 8810 8712 8615 8519 8520 8617 8714 8713 8616
935 1 1 1 8518 8809 8806 8515 8615 8712 8808 8807 8709 8612 8516 8517 8614 8711 8710 8613
936 1 1 1 8515 8806 8803 8512 8612 8709 8805 8804 8706 8609 8513 8514 8611 8708 8707 8610
937 1 1 1 8512 8803 8800 8509 8609 8706 8802 8801 8703 8606 8510 8511 8608 8705 8704 8607
938 1 1 1 8509 8800 8797 8506 8606 8703 8799 8798 8700 8603 8507 8508 8605 8702 8701 8604
939 1 1 1 8506 8797 8794 8503 8603 8700 8796 8795 8697 8600 8504 8505 8602 8699 8698 8601
940 1 1 1 8503 8794 8791 8500 8600 8697 8793 8792 8694 8597 8501 8502 8599 8696 8695 8598
941 1 1 1 8500 8791 8788 8497 8597 8694 8790 8789 8691 8594 8498 8499 8596 8693 8692 8595
942 1 1 1 8497 8788 8785 8494 8594 8691 8787 8786 8688 8591 8495 8496 8593 8690 8689 8592
943 1 1 1 8494 8785 8782 8491 8591 8688 8784 8783 8685 8588 8492 8493 8590 8687 8686 8589
944 1 1 1 8491 8782 8779 8488 8588 8685 8781 8780 8682 8585 8489 8490 8587 8684 8683 8586
945 1 1 1 8488 8779 8776 8485 8585 8682 8778 8777 8679 8582 8486 8487 8584 8681 8680 8583
946 1 1 1 8485 8776 8773 8482 8582 8679 8775 8774 8676 8579 8483 8484 8581 8678 8677 8580
947 1 1 1 8482 8773 8770 8479 8579 8676 8772 8771 8673 8576 8480 8481 8578 8675 8674 8577
948 1 1 1 8479 8770 8767 8476 8576 8673 8769 8768 8670 8573 8477 8478 8575 8672 8671 8574
949 1 1 1 8476 8767 8764 8473 8573 8670 8766 8765 8667 8570 8474 8475 8572 8669 8668 8571
950 1 1 1 8473 8764 8761 8470 8570 8667 8763 8762 8664 8567 8471 8472 8569 8666 8665 8568
951 1 1 1 8470 8761 8758 8467 8567 8664 8760 8759 8661 8564 8468 8469 8566 8663 8662 8565
952 1 1 1 8467 8758 8755 8464 8564 8661 8757 8756 8658 8561 8465 8466 8563 8660 8659 8562
953 1 1 1 8464 8755 8752 8461 8561 8658 8754 8753 8655 8558 8462 8463 8560 8657 8656 8559
954 1 1 1 8461 8752 8749 8458 8558 8655 8751 8750 8652 8555 8459 8460 8557 8654 8653 8556
955 1 1 1 8458 8749 8746 8455 8555 8652 8748 8747 8649 8552 8456 8457 8554 8651 8650 8553
956 1 1 1 8455 8746 8743 8452 8552 8649 8745 8744 8646 8549 8453 8454 8551 8648 8647 8550
957 1 1 1 8452 8743 8740 8449 8549 8646 8742 8741 8643 8546 8450 8451 8548 8645 8644 8547
958 1 1 1 8449 8740 8737 8446 8546 8643 8739 8738 8640 8543 8447 8448 8545 8642 8641 8544
959 1 1 1 8446 8737 8734 8443 8543 8640 8736 8735 8637 8537 8444 8445 8542 8639 8638 8539
960 1 1 1 8443 8734 8731 8440 8537 8637 8733 8732 8634 8541 8441 8442 8538 8636 8635 8540
961 1 1 1 8827 9118 9115 8824 8924 9021 9117 9116 9018 8921 8825 8826 8923 9020 9019 8922
962 1 1 1 8824 9115 9112 8821 8921 9018 9114 9113 9015 8918 8822 8823 8920 9017 9016 8919
963 1 1 1 8821 9112 9109 8818 8918 9015 9111 9110 9012 8915 8819 8820 8917 9014 9013 8916
964 1 1 1 8818 9109 9106 8815 8915 9012 9108 9107 9009 8912 8816 8817 8914 9011 9010 8913
965 1 1 1 8815 9106 9103 8812 8912 9009 9105 9104 9006 8909 8813 8814 8911 9008 9007 8910
966 1 1 1 8812 9103 9100 8809 8909 9006 9102 9101 9003 8906 8810 8811 8908 9005 9004 8907
967 1 1 1 8809 9100 9097 8806 8906 9003 9099 9098 9000 8903 8807 8808 8905 9002 9001 8904
968 1 1 1 8806 9097 9094 8803 8903 9000 9096 9095 8997 8900 8804 8805 8902 8999 8998 8901
969 1 1 1 8803 9094 9091 8800 8900 8997 9093 9092 8994 8897 8801 8802 8899 8996 8995 8898
970 1 1 1 8800 9091 9088 8797 8897 8994 9090 9089 8991 8894 8798 8799 8896 8993 8992 8895
971 1 1 1 8797 9088 9085 8794 8894 8991 9087 9086 8988 8891 8795 8796 8893 8990 8989 8892
972 1 1 1 8794 9085 9082 8791 8891 8988 9084 9083 8985 8888 8792 8793 8890 8987 8986 8889
973 1 1 1 8791 9082 9079 8788 8888 8985 9081 9080 8982 8885 8789 8790 8887 8984 8983 8886
974 1 1 1 8788 9079 9076 8785 8885 8982 9078 9077 8979 8882 8786 8787 8884 8981 8980 8883
975 1 1 1 8785 9076 9073 8782 8882 8979 9075 9074 8976 8879 8783 8784 8881 8978 8977 8880
976 1 1 1 8782 9073 9070 8779 8879 8976 9072 9071 8973 8876 8780 8781 8878 8975 8974 8877
977 1 1 1 8779 9070 9067 8776 8876 8973 9069 9068 8970 8873 8777 8778 8875 8972 8971 8874
978 1 1 1 8776 9067 9064 8773 8873 8970 9066 9065 8967 8870 8774 8775 8872 8969 8968 8871
979 1 1 1 8773 9064 9061 8770 8870 8967 9063 9062 8964 8867 8771 8772 8869 8966 8965 8868
980 1 1 1 8770 9061 9058 8767 8867 8964 9060 9059 8961 8864 8768 8769 8866 8963 8962 8865
981 1 1 1 8767 9058 9055 8764 8864 8961 9057 9056 8958 8861 8765 8766 8863 8960 8959 8862
982 1 1 1 8764 9055 9052 8761 8861 8958 9054 9053 8955 8858 8762 8763 8860 8957 8956 8859
983 1 1 1 8761 9052 9049 8758 8858 8955 9051 9050 8952 8855 8759 8760 8857 8954 8953 8856
984 1 1 1 8758 9049 9046 8755 8855 8952 9048 9047 8949 8852 8756 8757 8854 8951 8950 8853
985 1 1 1 8755 9046 9043 8752 8852 8949 9045 9044 8946 8849 8753 8754 8851 8948 8947 8850
986 1 1 1 8752 9043 9040 8749 8849 8946 9042 9041 8943 8846 8750 8751 8848 8945 8944 8847
987 1 1 1 8749 9040 9037 8746 8846 8943 9039 9038 8940 8843 8747 8748 8845 8942 8941 8844
988 1 1 1 8746 9037 9034 8743 8843 8940 9036 9035 8937 8840 8744 8745 8842 8939 8938 8841
989 1 1 1 8743 9034 9031 8740 8840 8937 9033 9032 8934 8837 8741 8742 8839 8936 8935 8838
990 1 1 1 8740 9031 9028 8737 8837 8934 9030 9029 8930 8834 8738 8739 8836 8933 8932 8835
991 1 1 1 8737 9028 9025 8734 8834 8930 9027 9026 8925 8831 8735 8736 8833 8928 8926 8832
992 1 1 1 8734 9025 9022 8731 8831 8925 9024 9023 8931 8828 8732 8733 8830 8927 8929 8829
993 1 1 1 9118 9313 9315 9115 9215 9312 9346 9347 9309 9212 9116 9117 9214 9311 9310 9213
994 1 1 1 9115 9315 9316 9112 9212 9309 9348 9349 9306 9209 9113 9114 9211 9308 9307 9210
995 1 1 1 9112 9316 9317 9109 9209 9306 9350 9351 9303 9206 9110 9111 9208 9304 9305 9207
996 1 1 1 9109 9317 9318 9106 9206 9303 9352 9353 9300 9203 9107 9108 9205 9302 9301 9204
997 1 1 1 9106 9318 9319 9103 9203 9300 9354 9355 9297 9200 9104 9105 9202 9299 9298 9201
998 1 1 1 9103 9319 9320 9100 9200 9297 9356 9357 9294 9197 9101 9102 9199 9296 9295 9198
999 1 1 1 9100 9320 9321 9097 9197 9294 9358 9359 9291 9194 9098 9099 9196 9292 9293 9195
1000 1 1 1 9097 9321 9322 9094 9194 9291 9360 9361 9288 9191 9095 9096 9193 9290 9289 9192
1001 1 1 1 9094 9322 9323 9091 9191 9288 9362 9363 9285 9188 9092 9093 9190 9287 9286 9189
1002 1 1 1 9091 9323 9324 9088 9188 9285 9364 9365 9282 9185 9089 9090 9187 9284 9283 9186
1003 1 1 1 9088 9324 9325 9085 9185 9282 9366 9367 9279 9182 9086 9087 9184 9280 9281 9183
1004 1 1 1 9085 9325 9326 9082 9182 9279 9368 9369 9275 9179 9083 9084 9181 9278 9276 9180
1005 1 1 1 9082 9326 9327 9079 9179 9275 9370 9371 9273 9176 9080 9081 9178 9277 9274 9177
1006 1 1 1 9079 9327 9328 9076 9176 9273 9372 9373 9270 9173 9077 9078 9175 9272 9271 9174
1007 1 1 1 9076 9328 9329 9073 9173 9270 9374 9375 9267 9170 9074 9075 9172 9269 9268 9171
1008 1 1 1 9073 9329 9330 9070 9170 9267 9376 9377 9264 9167 9071 9072 9169 9266 9265 9168
1009 1 1 1 9070 9330 9331 9067 9167 9264 9378 9379 9261 9164 9068 9069 9166 9263 9262 9165
1010 1 1 1 9067 9331 9332 9064 9164 9261 9380 9381 9258 9161 9065 9066 9163 9260 9259 9162
1011 1 1 1 9064 9332 9333 9061 9161 9258 9382 9383 9255 9158 9062 9063 9160 9256 9257 9159
1012 1 1 1 9061 9333 9334 9058 9158 9255 9384 9385 9252 9155 9059 9060 9157 9254 9253 9156
1013 1 1 1 9058 9334 9335 9055 9155 9252 9386 9387 9249 9152 9056 9057 9154 9251 9250 9153
1014 1 1 1 9055 9335 9336 9052 9152 9249 9388 9389 9246 9149 9053 9054 9151 9248 9247 9150
1015 1 1 1 9052 9336 9337 9049 9149 9246 9390 9391 9243 9146 9050 9051 9148 9244 9245 9147
1016 1 1 1 9049 9337 9338 9046 9146 9243 9392 9393 9240 9143 9047 9048 9145 9242 9241 9144
1017 1 1 1 9046 9338 9339 9043 9143 9240 9394 9395 9237 9140 9044 9045 9142 9239 9238 9141
1018 1 1 1 9043 9339 9340 9040 9140 9237 9396 9397 9234 9137 9041 9042 9139 9236 9235 9138
1019 1 1 1 9040 9340 9341 9037 9137 9234 9398 9399 9230 9134 9038 9039 9136 9232 9231 9135
1020 1 1 1 9037 9341 9342 9034 9134 9230 9400 9401 9226 9131 9035 9036 9133 9228 9227 9132
1021 1 1 1 9034 9342 9343 9031 9131 9226 9402 9403 9222 9128 9032 9033 9130 9225 9224 9129
1022 1 1 1 9031 9343 9344 9028 9128 9222 9404 9405 9219 9125 9029 9030 9127 9221 9220 9126
1023 1 1 1 9028 9344 9345 9025 9125 9219 9406 9407 9216 9119 9026 9027 9124 9218 9217 9120
1024 1 1 1 9025 9345 9314 9022 9119 9216 9408 9409 9233 9123 9023 9024 9121 9223 9229 9122
