1 1 1 1 1 148 151 17 50 99 149 150 102 53 48 49 51 100 101 52
2 1 1 1 17 151 154 16 53 102 152 153 105 56 46 47 54 103 104 55
3 1 1 1 16 154 157 15 56 105 155 156 108 59 44 45 57 106 107 58
4 1 1 1 15 157 160 14 59 108 158 159 111 62 42 43 60 109 110 61
5 1 1 1 14 160 163 13 62 111 161 162 114 65 40 41 63 112 113 64
6 1 1 1 13 163 166 12 65 114 164 165 117 68 38 39 66 115 116 67
7 1 1 1 12 166 169 11 68 117 167 168 120 71 36 37 69 118 119 70
8 1 1 1 11 169 172 10 71 120 170 171 123 74 34 35 72 121 122 73
9 1 1 1 10 172 175 9 74 123 173 174 126 77 32 33 75 124 125 76
10 1 1 1 9 175 178 8 77 126 176 177 129 80 30 31 78 127 128 79
11 1 1 1 8 178 181 7 80 129 179 180 132 83 28 29 81 130 131 82
12 1 1 1 7 181 184 6 83 132 182 183 135 86 26 27 84 133 134 85
13 1 1 1 6 184 187 5 86 135 185 186 138 89 24 25 87 136 137 88
14 1 1 1 5 187 190 4 89 138 188 189 141 92 22 23 90 139 140 91
15 1 1 1 4 190 193 3 92 141 191 192 144 95 20 21 93 142 143 94
16 1 1 1 3 193 196 2 95 144 194 195 147 98 18 19 96 145 146 97
17 1 1 1 148 295 298 151 197 246 296 297 249 200 150 149 198 247 248 199
18 1 1 1 151 298 301 154 200 249 299 300 252 203 153 152 201 250 251 202
19 1 1 1 154 301 304 157 203 252 302 303 255 206 156 155 204 253 254 205
20 1 1 1 157 304 307 160 206 255 305 306 258 209 159 158 207 256 257 208
21 1 1 1 160 307 310 163 209 258 308 309 261 212 162 161 210 259 260 211
22 1 1 1 163 310 313 166 212 261 311 312 264 215 165 164 213 262 263 214
23 1 1 1 166 313 316 169 215 264 314 315 267 218 168 167 216 265 266 217
24 1 1 1 169 316 319 172 218 267 317 318 270 221 171 170 219 268 269 220
25 1 1 1 172 319 322 175 221 270 320 321 273 224 174 173 222 271 272 223
26 1 1 1 175 322 325 178 224 273 323 324 276 227 177 176 225 274 275 226
27 1 1 1 178 325 328 181 227 276 326 327 279 230 180 179 228 277 278 229
28 1 1 1 181 328 331 184 230 279 329 330 282 233 183 182 231 280 281 232
29 1 1 1 184 331 334 187 233 282 332 333 285 236 186 185 234 283 284 235
30 1 1 1 187 334 337 190 236 285 335 336 288 239 189 188 237 286 287 238
31 1 1 1 190 337 340 193 239 288 338 339 291 242 192 191 240 289 290 241
32 1 1 1 193 340 343 196 242 291 341 342 294 245 195 194 243 292 293 244
33 1 1 1 295 442 445 298 344 393 443 444 396 347 297 296 345 394 395 346
34 1 1 1 298 445 448 301 347 396 446 447 399 350 300 299 348 397 398 349
35 1 1 1 301 448 451 304 350 399 449 450 402 353 303 302 351 400 401 352
36 1 1 1 304 451 454 307 353 402 452 453 405 356 306 305 354 403 404 355
37 1 1 1 307 454 457 310 356 405 455 456 408 359 309 308 357 406 407 358
38 1 1 1 310 457 460 313 359 408 458 459 411 362 312 311 360 409 410 361
39 1 1 1 313 460 463 316 362 411 461 462 414 365 315 314 363 412 413 364
40 1 1 1 316 463 466 319 365 414 464 465 417 368 318 317 366 415 416 367
41 1 1 1 319 466 469 322 368 417 467 468 420 371 321 320 369 418 419 370
42 1 1 1 322 469 472 325 371 420 470 471 423 374 324 323 372 421 422 373
43 1 1 1 325 472 475 328 374 423 473 474 426 377 327 326 375 424 425 376
44 1 1 1 328 475 478 331 377 426 476 477 429 380 330 329 378 427 428 379
45 1 1 1 331 478 481 334 380 429 479 480 432 383 333 332 381 430 431 382
46 1 1 1 334 481 484 337 383 432 482 483 435 386 336 335 384 433 434 385
47 1 1 1 337 484 487 340 386 435 485 486 438 389 339 338 387 436 437 388
48 1 1 1 340 487 490 343 389 438 488 489 441 392 342 341 390 439 440 391
49 1 1 1 442 589 592 445 491 540 590 591 543 494 444 443 492 541 542 493
50 1 1 1 445 592 595 448 494 543 593 594 546 497 447 446 495 544 545 496
51 1 1 1 448 595 598 451 497 546 596 597 549 500 450 449 498 547 548 499
52 1 1 1 451 598 601 454 500 549 599 600 552 503 453 452 501 550 551 502
53 1 1 1 454 601 604 457 503 552 602 603 555 506 456 455 504 553 554 505
54 1 1 1 457 604 607 460 506 555 605 606 558 509 459 458 507 556 557 508
55 1 1 1 460 607 610 463 509 558 608 609 561 512 462 461 510 559 560 511
56 1 1 1 463 610 613 466 512 561 611 612 564 515 465 464 513 562 563 514
57 1 1 1 466 613 616 469 515 564 614 615 567 518 468 467 516 565 566 517
58 1 1 1 469 616 619 472 518 567 617 618 570 521 471 470 519 568 569 520
59 1 1 1 472 619 622 475 521 570 620 621 573 524 474 473 522 571 572 523
60 1 1 1 475 622 625 478 524 573 623 624 576 527 477 476 525 574 575 526
61 1 1 1 478 625 628 481 527 576 626 627 579 530 480 479 528 577 578 529
62 1 1 1 481 628 631 484 530 579 629 630 582 533 483 482 531 580 581 532
63 1 1 1 484 631 634 487 533 582 632 633 585 536 486 485 534 583 584 535
64 1 1 1 487 634 637 490 536 585 635 636 588 539 489 488 537 586 587 538
65 1 1 1 589 736 739 592 638 687 737 738 690 641 591 590 639 688 689 640
66 1 1 1 592 739 742 595 641 690 740 741 693 644 594 593 642 691 692 643
67 1 1 1 595 742 745 598 644 693 743 744 696 647 597 596 645 694 695 646
68 1 1 1 598 745 748 601 647 696 746 747 699 650 600 599 648 697 698 649
69 1 1 1 601 748 751 604 650 699 749 750 702 653 603 602 651 700 701 652
70 1 1 1 604 751 754 607 653 702 752 753 705 656 606 605 654 703 704 655
71 1 1 1 607 754 757 610 656 705 755 756 708 659 609 608 657 706 707 658
72 1 1 1 610 757 760 613 659 708 758 759 711 662 612 611 660 709 710 661
73 1 1 1 613 760 763 616 662 711 761 762 714 665 615 614 663 712 713 664
74 1 1 1 616 763 766 619 665 714 764 765 717 668 618 617 666 715 716 667
75 1 1 1 619 766 769 622 668 717 767 768 720 671 621 620 669 718 719 670
76 1 1 1 622 769 772 625 671 720 770 771 723 674 624 623 672 721 722 673
77 1 1 1 625 772 775 628 674 723 773 774 726 677 627 626 675 724 725 676
78 1 1 1 628 775 778 631 677 726 776 777 729 680 630 629 678 727 728 679
79 1 1 1 631 778 781 634 680 729 779 780 732 683 633 632 681 730 731 682
80 1 1 1 634 781 784 637 683 732 782 783 735 686 636 635 684 733 734 685
81 1 1 1 736 883 886 739 785 834 884 885 837 788 738 737 786 835 836 787
82 1 1 1 739 886 889 742 788 837 887 888 840 791 741 740 789 838 839 790
83 1 1 1 742 889 892 745 791 840 890 891 843 794 744 743 792 841 842 793
84 1 1 1 745 892 895 748 794 843 893 894 846 797 747 746 795 844 845 796
85 1 1 1 748 895 898 751 797 846 896 897 849 800 750 749 798 847 848 799
86 1 1 1 751 898 901 754 800 849 899 900 852 803 753 752 801 850 851 802
87 1 1 1 754 901 904 757 803 852 902 903 855 806 756 755 804 853 854 805
88 1 1 1 757 904 907 760 806 855 905 906 858 809 759 758 807 856 857 808
89 1 1 1 760 907 910 763 809 858 908 909 861 812 762 761 810 859 860 811
90 1 1 1 763 910 913 766 812 861 911 912 864 815 765 764 813 862 863 814
91 1 1 1 766 913 916 769 815 864 914 915 867 818 768 767 816 865 866 817
92 1 1 1 769 916 919 772 818 867 917 918 870 821 771 770 819 868 869 820
93 1 1 1 772 919 922 775 821 870 920 921 873 824 774 773 822 871 872 823
94 1 1 1 775 922 925 778 824 873 923 924 876 827 777 776 825 874 875 826
95 1 1 1 778 925 928 781 827 876 926 927 879 830 780 779 828 877 878 829
96 1 1 1 781 928 931 784 830 879 929 930 882 833 783 782 831 880 881 832
97 1 1 1 883 1030 1033 886 932 981 1031 1032 984 935 885 884 933 982 983 934
98 1 1 1 886 1033 1036 889 935 984 1034 1035 987 938 888 887 936 985 986 937
99 1 1 1 889 1036 1039 892 938 987 1037 1038 990 941 891 890 939 988 989 940
100 1 1 1 892 1039 1042 895 941 990 1040 1041 993 944 894 893 942 991 992 943
101 1 1 1 895 1042 1045 898 944 993 1043 1044 996 947 897 896 945 994 995 946
102 1 1 1 898 1045 1048 901 947 996 1046 1047 999 950 900 899 948 997 998 949
103 1 1 1 901 1048 1051 904 950 999 1049 1050 1002 953 903 902 951 1000 1001 952
104 1 1 1 904 1051 1054 907 953 1002 1052 1053 1005 956 906 905 954 1003 1004 955
105 1 1 1 907 1054 1057 910 956 1005 1055 1056 1008 959 909 908 957 1006 1007 958
106 1 1 1 910 1057 1060 913 959 1008 1058 1059 1011 962 912 911 960 1009 1010 961
107 1 1 1 913 1060 1063 916 962 1011 1061 1062 1014 965 915 914 963 1012 1013 964
108 1 1 1 916 1063 1066 919 965 1014 1064 1065 1017 968 918 917 966 1015 1016 967
109 1 1 1 919 1066 1069 922 968 1017 1067 1068 1020 971 921 920 969 1018 1019 970
110 1 1 1 922 1069 1072 925 971 1020 1070 1071 1023 974 924 923 972 1021 1022 973
111 1 1 1 925 1072 1075 928 974 1023 1073 1074 1026 977 927 926 975 1024 1025 976
112 1 1 1 928 1075 1078 931 977 1026 1076 1077 1029 980 930 929 978 1027 1028 979
113 1 1 1 1030 1177 1180 1033 1079 1128 1178 1179 1131 1082 1032 1031 1080 1129 1130 1081
114 1 1 1 1033 1180 1183 1036 1082 1131 1181 1182 1134 1085 1035 1034 1083 1132 1133 1084
115 1 1 1 1036 1183 1186 1039 1085 1134 1184 1185 1137 1088 1038 1037 1086 1135 1136 1087
116 1 1 1 1039 1186 1189 1042 1088 1137 1187 1188 1140 1091 1041 1040 1089 1138 1139 1090
117 1 1 1 1042 1189 1192 1045 1091 1140 1190 1191 1143 1094 1044 1043 1092 1141 1142 1093
118 1 1 1 1045 1192 1195 1048 1094 1143 1193 1194 1146 1097 1047 1046 1095 1144 1145 1096
119 1 1 1 1048 1195 1198 1051 1097 1146 1196 1197 1149 1100 1050 1049 1098 1147 1148 1099
120 1 1 1 1051 1198 1201 1054 1100 1149 1199 1200 1152 1103 1053 1052 1101 1150 1151 1102
121 1 1 1 1054 1201 1204 1057 1103 1152 1202 1203 1155 1106 1056 1055 1104 1153 1154 1105
122 1 1 1 1057 1204 1207 1060 1106 1155 1205 1206 1158 1109 1059 1058 1107 1156 1157 1108
123 1 1 1 1060 1207 1210 1063 1109 1158 1208 1209 1161 1112 1062 1061 1110 1159 1160 1111
124 1 1 1 1063 1210 1213 1066 1112 1161 1211 1212 1164 1115 1065 1064 1113 1162 1163 1114
125 1 1 1 1066 1213 1216 1069 1115 1164 1214 1215 1167 1118 1068 1067 1116 1165 1166 1117
126 1 1 1 1069 1216 1219 1072 1118 1167 1217 1218 1170 1121 1071 1070 1119 1168 1169 1120
127 1 1 1 1072 1219 1222 1075 1121 1170 1220 1221 1173 1124 1074 1073 1122 1171 1172 1123
128 1 1 1 1075 1222 1225 1078 1124 1173 1223 1224 1176 1127 1077 1076 1125 1174 1175 1126
129 1 1 1 1177 1324 1327 1180 1226 1275 1325 1326 1278 1229 1179 1178 1227 1276 1277 1228
130 1 1 1 1180 1327 1330 1183 1229 1278 1328 1329 1281 1232 1182 1181 1230 1279 1280 1231
131 1 1 1 1183 1330 1333 1186 1232 1281 1331 1332 1284 1235 1185 1184 1233 1282 1283 1234
132 1 1 1 1186 1333 1336 1189 1235 1284 1334 1335 1287 1238 1188 1187 1236 1285 1286 1237
133 1 1 1 1189 1336 1339 1192 1238 1287 1337 1338 1290 1241 1191 1190 1239 1288 1289 1240
134 1 1 1 1192 1339 1342 1195 1241 1290 1340 1341 1293 1244 1194 1193 1242 1291 1292 1243
135 1 1 1 1195 1342 1345 1198 1244 1293 1343 1344 1296 1247 1197 1196 1245 1294 1295 1246
136 1 1 1 1198 1345 1348 1201 1247 1296 1346 1347 1299 1250 1200 1199 1248 1297 1298 1249
137 1 1 1 1201 1348 1351 1204 1250 1299 1349 1350 1302 1253 1203 1202 1251 1300 1301 1252
138 1 1 1 1204 1351 1354 1207 1253 1302 1352 1353 1305 1256 1206 1205 1254 1303 1304 1255
139 1 1 1 1207 1354 1357 1210 1256 1305 1355 1356 1308 1259 1209 1208 1257 1306 1307 1258
140 1 1 1 1210 1357 1360 1213 1259 1308 1358 1359 1311 1262 1212 1211 1260 1309 1310 1261
141 1 1 1 1213 1360 1363 1216 1262 1311 1361 1362 1314 1265 1215 1214 1263 1312 1313 1264
142 1 1 1 1216 1363 1366 1219 1265 1314 1364 1365 1317 1268 1218 1217 1266 1315 1316 1267
143 1 1 1 1219 1366 1369 1222 1268 1317 1367 1368 1320 1271 1221 1220 1269 1318 1319 1270
144 1 1 1 1222 1369 1372 1225 1271 1320 1370 1371 1323 1274 1224 1223 1272 1321 1322 1273
145 1 1 1 1324 1471 1474 1327 1373 1422 1472 1473 1425 1376 1326 1325 1374 1423 1424 1375
146 1 1 1 1327 1474 1477 1330 1376 1425 1475 1476 1428 1379 1329 1328 1377 1426 1427 1378
147 1 1 1 1330 1477 1480 1333 1379 1428 1478 1479 1431 1382 1332 1331 1380 1429 1430 1381
148 1 1 1 1333 1480 1483 1336 1382 1431 1481 1482 1434 1385 1335 1334 1383 1432 1433 1384
149 1 1 1 1336 1483 1486 1339 1385 1434 1484 1485 1437 1388 1338 1337 1386 1435 1436 1387
150 1 1 1 1339 1486 1489 1342 1388 1437 1487 1488 1440 1391 1341 1340 1389 1438 1439 1390
151 1 1 1 1342 1489 1492 1345 1391 1440 1490 1491 1443 1394 1344 1343 1392 1441 1442 1393
152 1 1 1 1345 1492 1495 1348 1394 1443 1493 1494 1446 1397 1347 1346 1395 1444 1445 1396
153 1 1 1 1348 1495 1498 1351 1397 1446 1496 1497 1449 1400 1350 1349 1398 1447 1448 1399
154 1 1 1 1351 1498 1501 1354 1400 1449 1499 1500 1452 1403 1353 1352 1401 1450 1451 1402
155 1 1 1 1354 1501 1504 1357 1403 1452 1502 1503 1455 1406 1356 1355 1404 1453 1454 1405
156 1 1 1 1357 1504 1507 1360 1406 1455 1505 1506 1458 1409 1359 1358 1407 1456 1457 1408
157 1 1 1 1360 1507 1510 1363 1409 1458 1508 1509 1461 1412 1362 1361 1410 1459 1460 1411
158 1 1 1 1363 1510 1513 1366 1412 1461 1511 1512 1464 1415 1365 1364 1413 1462 1463 1414
159 1 1 1 1366 1513 1516 1369 1415 1464 1514 1515 1467 1418 1368 1367 1416 1465 1466 1417
160 1 1 1 1369 1516 1519 1372 1418 1467 1517 1518 1470 1421 1371 1370 1419 1468 1469 1420
161 1 1 1 1471 1618 1621 1474 1520 1569 1619 1620 1572 1523 1473 1472 1521 1570 1571 1522
162 1 1 1 1474 1621 1624 1477 1523 1572 1622 1623 1575 1526 1476 1475 1524 1573 1574 1525
163 1 1 1 1477 1624 1627 1480 1526 1575 1625 1626 1578 1529 1479 1478 1527 1576 1577 1528
164 1 1 1 1480 1627 1630 1483 1529 1578 1628 1629 1581 1532 1482 1481 1530 1579 1580 1531
165 1 1 1 1483 1630 1633 1486 1532 1581 1631 1632 1584 1535 1485 1484 1533 1582 1583 1534
166 1 1 1 1486 1633 1636 1489 1535 1584 1634 1635 1587 1538 1488 1487 1536 1585 1586 1537
167 1 1 1 1489 1636 1639 1492 1538 1587 1637 1638 1590 1541 1491 1490 1539 1588 1589 1540
168 1 1 1 1492 1639 1642 1495 1541 1590 1640 1641 1593 1544 1494 1493 1542 1591 1592 1543
169 1 1 1 1495 1642 1645 1498 1544 1593 1643 1644 1596 1547 1497 1496 1545 1594 1595 1546
170 1 1 1 1498 1645 1648 1501 1547 1596 1646 1647 1599 1550 1500 1499 1548 1597 1598 1549
171 1 1 1 1501 1648 1651 1504 1550 1599 1649 1650 1602 1553 1503 1502 1551 1600 1601 1552
172 1 1 1 1504 1651 1654 1507 1553 1602 1652 1653 1605 1556 1506 1505 1554 1603 1604 1555
173 1 1 1 1507 1654 1657 1510 1556 1605 1655 1656 1608 1559 1509 1508 1557 1606 1607 1558
174 1 1 1 1510 1657 1660 1513 1559 1608 1658 1659 1611 1562 1512 1511 1560 1609 1610 1561
175 1 1 1 1513 1660 1663 1516 1562 1611 1661 1662 1614 1565 1515 1514 1563 1612 1613 1564
176 1 1 1 1516 1663 1666 1519 1565 1614 1664 1665 1617 1568 1518 1517 1566 1615 1616 1567
177 1 1 1 1618 1765 1768 1621 1667 1716 1766 1767 1719 1670 1620 1619 1668 1717 1718 1669
178 1 1 1 1621 1768 1771 1624 1670 1719 1769 1770 1722 1673 1623 1622 1671 1720 1721 1672
179 1 1 1 1624 1771 1774 1627 1673 1722 1772 1773 1725 1676 1626 1625 1674 1723 1724 1675
180 1 1 1 1627 1774 1777 1630 1676 1725 1775 1776 1728 1679 1629 1628 1677 1726 1727 1678
181 1 1 1 1630 1777 1780 1633 1679 1728 1778 1779 1731 1682 1632 1631 1680 1729 1730 1681
182 1 1 1 1633 1780 1783 1636 1682 1731 1781 1782 1734 1685 1635 1634 1683 1732 1733 1684
183 1 1 1 1636 1783 1786 1639 1685 1734 1784 1785 1737 1688 1638 1637 1686 1735 1736 1687
184 1 1 1 1639 1786 1789 1642 1688 1737 1787 1788 1740 1691 1641 1640 1689 1738 1739 1690
185 1 1 1 1642 1789 1792 1645 1691 1740 1790 1791 1743 1694 1644 1643 1692 1741 1742 1693
186 1 1 1 1645 1792 1795 1648 1694 1743 1793 1794 1746 1697 1647 1646 1695 1744 1745 1696
187 1 1 1 1648 1795 1798 1651 1697 1746 1796 1797 1749 1700 1650 1649 1698 1747 1748 1699
188 1 1 1 1651 1798 1801 1654 1700 1749 1799 1800 1752 1703 1653 1652 1701 1750 1751 1702
189 1 1 1 1654 1801 1804 1657 1703 1752 1802 1803 1755 1706 1656 1655 1704 1753 1754 1705
190 1 1 1 1657 1804 1807 1660 1706 1755 1805 1806 1758 1709 1659 1658 1707 1756 1757 1708
191 1 1 1 1660 1807 1810 1663 1709 1758 1808 1809 1761 1712 1662 1661 1710 1759 1760 1711
192 1 1 1 1663 1810 1813 1666 1712 1761 1811 1812 1764 1715 1665 1664 1713 1762 1763 1714
193 1 1 1 1765 1912 1915 1768 1814 1863 1913 1914 1866 1817 1767 1766 1815 1864 1865 1816
194 1 1 1 1768 1915 1918 1771 1817 1866 1916 1917 1869 1820 1770 1769 1818 1867 1868 1819
195 1 1 1 1771 1918 1921 1774 1820 1869 1919 1920 1872 1823 1773 1772 1821 1870 1871 1822
196 1 1 1 1774 1921 1924 1777 1823 1872 1922 1923 1875 1826 1776 1775 1824 1873 1874 1825
197 1 1 1 1777 1924 1927 1780 1826 1875 1925 1926 1878 1829 1779 1778 1827 1876 1877 1828
198 1 1 1 1780 1927 1930 1783 1829 1878 1928 1929 1881 1832 1782 1781 1830 1879 1880 1831
199 1 1 1 1783 1930 1933 1786 1832 1881 1931 1932 1884 1835 1785 1784 1833 1882 1883 1834
200 1 1 1 1786 1933 1936 1789 1835 1884 1934 1935 1887 1838 1788 1787 1836 1885 1886 1837
201 1 1 1 1789 1936 1939 1792 1838 1887 1937 1938 1890 1841 1791 1790 1839 1888 1889 1840
202 1 1 1 1792 1939 1942 1795 1841 1890 1940 1941 1893 1844 1794 1793 1842 1891 1892 1843
203 1 1 1 1795 1942 1945 1798 1844 1893 1943 1944 1896 1847 1797 1796 1845 1894 1895 1846
204 1 1 1 1798 1945 1948 1801 1847 1896 1946 1947 1899 1850 1800 1799 1848 1897 1898 1849
205 1 1 1 1801 1948 1951 1804 1850 1899 1949 1950 1902 1853 1803 1802 1851 1900 1901 1852
206 1 1 1 1804 1951 1954 1807 1853 1902 1952 1953 1905 1856 1806 1805 1854 1903 1904 1855
207 1 1 1 1807 1954 1957 1810 1856 1905 1955 1956 1908 1859 1809 1808 1857 1906 1907 1858
208 1 1 1 1810 1957 1960 1813 1859 1908 1958 1959 1911 1862 1812 1811 1860 1909 1910 1861
209 1 1 1 1912 2107 2104 1915 1961 2010 2106 2105 2013 1964 1914 1913 1962 2011 2012 1963
210 1 1 1 1915 2104 2101 1918 1964 2013 2103 2102 2016 1967 1917 1916 1965 2014 2015 1966
211 1 1 1 1918 2101 2098 1921 1967 2016 2100 2099 2019 1970 1920 1919 1968 2017 2018 1969
212 1 1 1 1921 2098 2095 1924 1970 2019 2097 2096 2022 1973 1923 1922 1971 2020 2021 1972
213 1 1 1 1924 2095 2092 1927 1973 2022 2094 2093 2025 1976 1926 1925 1974 2023 2024 1975
214 1 1 1 1927 2092 2089 1930 1976 2025 2091 2090 2028 1979 1929 1928 1977 2026 2027 1978
215 1 1 1 1930 2089 2086 1933 1979 2028 2088 2087 2031 1982 1932 1931 1980 2029 2030 1981
216 1 1 1 1933 2086 2083 1936 1982 2031 2085 2084 2034 1985 1935 1934 1983 2032 2033 1984
217 1 1 1 1936 2083 2080 1939 1985 2034 2082 2081 2037 1988 1938 1937 1986 2035 2036 1987
218 1 1 1 1939 2080 2077 1942 1988 2037 2079 2078 2040 1991 1941 1940 1989 2038 2039 1990
219 1 1 1 1942 2077 2074 1945 1991 2040 2076 2075 2044 1994 1944 1943 1992 2041 2043 1993
220 1 1 1 1945 2074 2071 1948 1994 2044 2073 2072 2048 1997 1947 1946 1995 2045 2046 1996
221 1 1 1 1948 2071 2068 1951 1997 2048 2070 2069 2051 2000 1950 1949 1998 2049 2050 1999
222 1 1 1 1951 2068 2065 1954 2000 2051 2067 2066 2055 2003 1953 1952 2001 2052 2054 2002
223 1 1 1 1954 2065 2062 1957 2003 2055 2064 2063 2058 2006 1956 1955 2004 2056 2057 2005
224 1 1 1 1957 2062 2059 1960 2006 2058 2061 2060 2042 2009 1959 1958 2007 2053 2047 2008
225 1 1 1 2107 2254 2251 2104 2156 2205 2253 2252 2202 2153 2105 2106 2155 2204 2203 2154
226 1 1 1 2104 2251 2248 2101 2153 2202 2250 2249 2199 2150 2102 2103 2152 2201 2200 2151
227 1 1 1 2101 2248 2245 2098 2150 2199 2247 2246 2196 2147 2099 2100 2149 2198 2197 2148
228 1 1 1 2098 2245 2242 2095 2147 2196 2244 2243 2193 2144 2096 2097 2146 2195 2194 2145
229 1 1 1 2095 2242 2239 2092 2144 2193 2241 2240 2190 2141 2093 2094 2143 2192 2191 2142
230 1 1 1 2092 2239 2236 2089 2141 2190 2238 2237 2187 2138 2090 2091 2140 2189 2188 2139
231 1 1 1 2089 2236 2233 2086 2138 2187 2235 2234 2184 2135 2087 2088 2137 2186 2185 2136
232 1 1 1 2086 2233 2230 2083 2135 2184 2232 2231 2181 2132 2084 2085 2134 2183 2182 2133
233 1 1 1 2083 2230 2227 2080 2132 2181 2229 2228 2178 2129 2081 2082 2131 2180 2179 2130
234 1 1 1 2080 2227 2224 2077 2129 2178 2226 2225 2175 2126 2078 2079 2128 2177 2176 2127
235 1 1 1 2077 2224 2221 2074 2126 2175 2223 2222 2172 2123 2075 2076 2125 2174 2173 2124
236 1 1 1 2074 2221 2218 2071 2123 2172 2220 2219 2169 2120 2072 2073 2122 2171 2170 2121
237 1 1 1 2071 2218 2215 2068 2120 2169 2217 2216 2166 2117 2069 2070 2119 2168 2167 2118
238 1 1 1 2068 2215 2212 2065 2117 2166 2214 2213 2163 2114 2066 2067 2116 2165 2164 2115
239 1 1 1 2065 2212 2209 2062 2114 2163 2211 2210 2157 2111 2063 2064 2113 2161 2159 2112
240 1 1 1 2062 2209 2206 2059 2111 2157 2208 2207 2162 2108 2060 2061 2110 2158 2160 2109
241 1 1 1 2254 2353 2355 2251 2303 2352 2370 2371 2349 2300 2252 2253 2302 2351 2350 2301
242 1 1 1 2251 2355 2356 2248 2300 2349 2372 2373 2346 2297 2249 2250 2299 2348 2347 2298
243 1 1 1 2248 2356 2357 2245 2297 2346 2374 2375 2343 2294 2246 2247 2296 2345 2344 2295
244 1 1 1 2245 2357 2358 2242 2294 2343 2376 2377 2340 2291 2243 2244 2293 2342 2341 2292
245 1 1 1 2242 2358 2359 2239 2291 2340 2378 2379 2337 2288 2240 2241 2290 2339 2338 2289
246 1 1 1 2239 2359 2360 2236 2288 2337 2380 2381 2334 2285 2237 2238 2287 2336 2335 2286
247 1 1 1 2236 2360 2361 2233 2285 2334 2382 2383 2331 2282 2234 2235 2284 2333 2332 2283
248 1 1 1 2233 2361 2362 2230 2282 2331 2384 2385 2328 2279 2231 2232 2281 2330 2329 2280
249 1 1 1 2230 2362 2363 2227 2279 2328 2386 2387 2325 2276 2228 2229 2278 2327 2326 2277
250 1 1 1 2227 2363 2364 2224 2276 2325 2388 2389 2322 2273 2225 2226 2275 2324 2323 2274
251 1 1 1 2224 2364 2365 2221 2273 2322 2390 2391 2319 2270 2222 2223 2272 2321 2320 2271
252 1 1 1 2221 2365 2366 2218 2270 2319 2392 2393 2316 2267 2219 2220 2269 2318 2317 2268
253 1 1 1 2218 2366 2367 2215 2267 2316 2394 2395 2313 2264 2216 2217 2266 2315 2314 2265
254 1 1 1 2215 2367 2368 2212 2264 2313 2396 2397 2310 2261 2213 2214 2263 2312 2311 2262
255 1 1 1 2212 2368 2369 2209 2261 2310 2398 2399 2307 2258 2210 2211 2260 2309 2308 2259
256 1 1 1 2209 2369 2354 2206 2258 2307 2400 2401 2304 2255 2207 2208 2257 2306 2305 2256
