1 1 1 1 1 10 11 9
2 1 1 1 9 11 12 8
3 1 1 1 8 12 13 7
4 1 1 1 7 13 14 6
5 1 1 1 6 14 15 5
6 1 1 1 5 15 16 4
7 1 1 1 4 16 17 3
8 1 1 1 3 17 18 2
9 1 1 1 10 19 20 11
10 1 1 1 11 20 21 12
11 1 1 1 12 21 22 13
12 1 1 1 13 22 23 14
13 1 1 1 14 23 24 15
14 1 1 1 15 24 25 16
15 1 1 1 16 25 26 17
16 1 1 1 17 26 27 18
17 1 1 1 19 28 29 20
18 1 1 1 20 29 30 21
19 1 1 1 21 30 31 22
20 1 1 1 22 31 32 23
21 1 1 1 23 32 33 24
22 1 1 1 24 33 34 25
23 1 1 1 25 34 35 26
24 1 1 1 26 35 36 27
25 1 1 1 28 37 38 29
26 1 1 1 29 38 39 30
27 1 1 1 30 39 40 31
28 1 1 1 31 40 41 32
29 1 1 1 32 41 42 33
30 1 1 1 33 42 43 34
31 1 1 1 34 43 44 35
32 1 1 1 35 44 45 36
33 1 1 1 37 46 47 38
34 1 1 1 38 47 48 39
35 1 1 1 39 48 49 40
36 1 1 1 40 49 50 41
37 1 1 1 41 50 51 42
38 1 1 1 42 51 52 43
39 1 1 1 43 52 53 44
40 1 1 1 44 53 54 45
41 1 1 1 46 55 56 47
42 1 1 1 47 56 57 48
43 1 1 1 48 57 58 49
44 1 1 1 49 58 59 50
45 1 1 1 50 59 60 51
46 1 1 1 51 60 61 52
47 1 1 1 52 61 62 53
48 1 1 1 53 62 63 54
49 1 1 1 55 72 71 56
50 1 1 1 56 71 70 57
51 1 1 1 57 70 69 58
52 1 1 1 58 69 68 59
53 1 1 1 59 68 67 60
54 1 1 1 60 67 66 61
55 1 1 1 61 66 65 62
56 1 1 1 62 65 64 63
57 1 1 1 72 73 75 71
58 1 1 1 71 75 76 70
59 1 1 1 70 76 77 69
60 1 1 1 69 77 78 68
61 1 1 1 68 78 79 67
62 1 1 1 67 79 80 66
63 1 1 1 66 80 81 65
64 1 1 1 65 81 74 64
