1 1 1 1 1 131 133 33 66 132 68 65 67
2 1 1 1 33 133 135 32 68 134 70 64 69
3 1 1 1 32 135 137 31 70 136 72 63 71
4 1 1 1 31 137 139 30 72 138 74 62 73
5 1 1 1 30 139 141 29 74 140 76 61 75
6 1 1 1 29 141 143 28 76 142 78 60 77
7 1 1 1 28 143 145 27 78 144 80 59 79
8 1 1 1 27 145 147 26 80 146 82 58 81
9 1 1 1 26 147 149 25 82 148 84 57 83
10 1 1 1 25 149 151 24 84 150 86 56 85
11 1 1 1 24 151 153 23 86 152 88 55 87
12 1 1 1 23 153 155 22 88 154 90 54 89
13 1 1 1 22 155 157 21 90 156 92 53 91
14 1 1 1 21 157 159 20 92 158 94 52 93
15 1 1 1 20 159 161 19 94 160 96 51 95
16 1 1 1 19 161 163 18 96 162 98 50 97
17 1 1 1 18 163 165 17 98 164 100 49 99
18 1 1 1 17 165 167 16 100 166 102 48 101
19 1 1 1 16 167 169 15 102 168 104 47 103
20 1 1 1 15 169 171 14 104 170 106 46 105
21 1 1 1 14 171 173 13 106 172 108 45 107
22 1 1 1 13 173 175 12 108 174 110 44 109
23 1 1 1 12 175 177 11 110 176 112 43 111
24 1 1 1 11 177 179 10 112 178 114 42 113
25 1 1 1 10 179 181 9 114 180 116 41 115
26 1 1 1 9 181 183 8 116 182 118 40 117
27 1 1 1 8 183 185 7 118 184 120 39 119
28 1 1 1 7 185 187 6 120 186 122 38 121
29 1 1 1 6 187 189 5 122 188 124 37 123
30 1 1 1 5 189 191 4 124 190 126 36 125
31 1 1 1 4 191 193 3 126 192 128 35 127
32 1 1 1 3 193 195 2 128 194 130 34 129
33 1 1 1 131 261 263 133 196 262 198 132 197
34 1 1 1 133 263 265 135 198 264 200 134 199
35 1 1 1 135 265 267 137 200 266 202 136 201
36 1 1 1 137 267 269 139 202 268 204 138 203
37 1 1 1 139 269 271 141 204 270 206 140 205
38 1 1 1 141 271 273 143 206 272 208 142 207
39 1 1 1 143 273 275 145 208 274 210 144 209
40 1 1 1 145 275 277 147 210 276 212 146 211
41 1 1 1 147 277 279 149 212 278 214 148 213
42 1 1 1 149 279 281 151 214 280 216 150 215
43 1 1 1 151 281 283 153 216 282 218 152 217
44 1 1 1 153 283 285 155 218 284 220 154 219
45 1 1 1 155 285 287 157 220 286 222 156 221
46 1 1 1 157 287 289 159 222 288 224 158 223
47 1 1 1 159 289 291 161 224 290 226 160 225
48 1 1 1 161 291 293 163 226 292 228 162 227
49 1 1 1 163 293 295 165 228 294 230 164 229
50 1 1 1 165 295 297 167 230 296 232 166 231
51 1 1 1 167 297 299 169 232 298 234 168 233
52 1 1 1 169 299 301 171 234 300 236 170 235
53 1 1 1 171 301 303 173 236 302 238 172 237
54 1 1 1 173 303 305 175 238 304 240 174 239
55 1 1 1 175 305 307 177 240 306 242 176 241
56 1 1 1 177 307 309 179 242 308 244 178 243
57 1 1 1 179 309 311 181 244 310 246 180 245
58 1 1 1 181 311 313 183 246 312 248 182 247
59 1 1 1 183 313 315 185 248 314 250 184 249
60 1 1 1 185 315 317 187 250 316 252 186 251
61 1 1 1 187 317 319 189 252 318 254 188 253
62 1 1 1 189 319 321 191 254 320 256 190 255
63 1 1 1 191 321 323 193 256 322 258 192 257
64 1 1 1 193 323 325 195 258 324 260 194 259
65 1 1 1 261 391 393 263 326 392 328 262 327
66 1 1 1 263 393 395 265 328 394 330 264 329
67 1 1 1 265 395 397 267 330 396 332 266 331
68 1 1 1 267 397 399 269 332 398 334 268 333
69 1 1 1 269 399 401 271 334 400 336 270 335
70 1 1 1 271 401 403 273 336 402 338 272 337
71 1 1 1 273 403 405 275 338 404 340 274 339
72 1 1 1 275 405 407 277 340 406 342 276 341
73 1 1 1 277 407 409 279 342 408 344 278 343
74 1 1 1 279 409 411 281 344 410 346 280 345
75 1 1 1 281 411 413 283 346 412 348 282 347
76 1 1 1 283 413 415 285 348 414 350 284 349
77 1 1 1 285 415 417 287 350 416 352 286 351
78 1 1 1 287 417 419 289 352 418 354 288 353
79 1 1 1 289 419 421 291 354 420 356 290 355
80 1 1 1 291 421 423 293 356 422 358 292 357
81 1 1 1 293 423 425 295 358 424 360 294 359
82 1 1 1 295 425 427 297 360 426 362 296 361
83 1 1 1 297 427 429 299 362 428 364 298 363
84 1 1 1 299 429 431 301 364 430 366 300 365
85 1 1 1 301 431 433 303 366 432 368 302 367
86 1 1 1 303 433 435 305 368 434 370 304 369
87 1 1 1 305 435 437 307 370 436 372 306 371
88 1 1 1 307 437 439 309 372 438 374 308 373
89 1 1 1 309 439 441 311 374 440 376 310 375
90 1 1 1 311 441 443 313 376 442 378 312 377
91 1 1 1 313 443 445 315 378 444 380 314 379
92 1 1 1 315 445 447 317 380 446 382 316 381
93 1 1 1 317 447 449 319 382 448 384 318 383
94 1 1 1 319 449 451 321 384 450 386 320 385
95 1 1 1 321 451 453 323 386 452 388 322 387
96 1 1 1 323 453 455 325 388 454 390 324 389
97 1 1 1 391 521 523 393 456 522 458 392 457
98 1 1 1 393 523 525 395 458 524 460 394 459
99 1 1 1 395 525 527 397 460 526 462 396 461
100 1 1 1 397 527 529 399 462 528 464 398 463
101 1 1 1 399 529 531 401 464 530 466 400 465
102 1 1 1 401 531 533 403 466 532 468 402 467
103 1 1 1 403 533 535 405 468 534 470 404 469
104 1 1 1 405 535 537 407 470 536 472 406 471
105 1 1 1 407 537 539 409 472 538 474 408 473
106 1 1 1 409 539 541 411 474 540 476 410 475
107 1 1 1 411 541 543 413 476 542 478 412 477
108 1 1 1 413 543 545 415 478 544 480 414 479
109 1 1 1 415 545 547 417 480 546 482 416 481
110 1 1 1 417 547 549 419 482 548 484 418 483
111 1 1 1 419 549 551 421 484 550 486 420 485
112 1 1 1 421 551 553 423 486 552 488 422 487
113 1 1 1 423 553 555 425 488 554 490 424 489
114 1 1 1 425 555 557 427 490 556 492 426 491
115 1 1 1 427 557 559 429 492 558 494 428 493
116 1 1 1 429 559 561 431 494 560 496 430 495
117 1 1 1 431 561 563 433 496 562 498 432 497
118 1 1 1 433 563 565 435 498 564 500 434 499
119 1 1 1 435 565 567 437 500 566 502 436 501
120 1 1 1 437 567 569 439 502 568 504 438 503
121 1 1 1 439 569 571 441 504 570 506 440 505
122 1 1 1 441 571 573 443 506 572 508 442 507
123 1 1 1 443 573 575 445 508 574 510 444 509
124 1 1 1 445 575 577 447 510 576 512 446 511
125 1 1 1 447 577 579 449 512 578 514 448 513
126 1 1 1 449 579 581 451 514 580 516 450 515
127 1 1 1 451 581 583 453 516 582 518 452 517
128 1 1 1 453 583 585 455 518 584 520 454 519
129 1 1 1 521 651 653 523 586 652 588 522 587
130 1 1 1 523 653 655 525 588 654 590 524 589
131 1 1 1 525 655 657 527 590 656 592 526 591
132 1 1 1 527 657 659 529 592 658 594 528 593
133 1 1 1 529 659 661 531 594 660 596 530 595
134 1 1 1 531 661 663 533 596 662 598 532 597
135 1 1 1 533 663 665 535 598 664 600 534 599
136 1 1 1 535 665 667 537 600 666 602 536 601
137 1 1 1 537 667 669 539 602 668 604 538 603
138 1 1 1 539 669 671 541 604 670 606 540 605
139 1 1 1 541 671 673 543 606 672 608 542 607
140 1 1 1 543 673 675 545 608 674 610 544 609
141 1 1 1 545 675 677 547 610 676 612 546 611
142 1 1 1 547 677 679 549 612 678 614 548 613
143 1 1 1 549 679 681 551 614 680 616 550 615
144 1 1 1 551 681 683 553 616 682 618 552 617
145 1 1 1 553 683 685 555 618 684 620 554 619
146 1 1 1 555 685 687 557 620 686 622 556 621
147 1 1 1 557 687 689 559 622 688 624 558 623
148 1 1 1 559 689 691 561 624 690 626 560 625
149 1 1 1 561 691 693 563 626 692 628 562 627
150 1 1 1 563 693 695 565 628 694 630 564 629
151 1 1 1 565 695 697 567 630 696 632 566 631
152 1 1 1 567 697 699 569 632 698 634 568 633
153 1 1 1 569 699 701 571 634 700 636 570 635
154 1 1 1 571 701 703 573 636 702 638 572 637
155 1 1 1 573 703 705 575 638 704 640 574 639
156 1 1 1 575 705 707 577 640 706 642 576 641
157 1 1 1 577 707 709 579 642 708 644 578 643
158 1 1 1 579 709 711 581 644 710 646 580 645
159 1 1 1 581 711 713 583 646 712 648 582 647
160 1 1 1 583 713 715 585 648 714 650 584 649
161 1 1 1 651 781 783 653 716 782 718 652 717
162 1 1 1 653 783 785 655 718 784 720 654 719
163 1 1 1 655 785 787 657 720 786 722 656 721
164 1 1 1 657 787 789 659 722 788 724 658 723
165 1 1 1 659 789 791 661 724 790 726 660 725
166 1 1 1 661 791 793 663 726 792 728 662 727
167 1 1 1 663 793 795 665 728 794 730 664 729
168 1 1 1 665 795 797 667 730 796 732 666 731
169 1 1 1 667 797 799 669 732 798 734 668 733
170 1 1 1 669 799 801 671 734 800 736 670 735
171 1 1 1 671 801 803 673 736 802 738 672 737
172 1 1 1 673 803 805 675 738 804 740 674 739
173 1 1 1 675 805 807 677 740 806 742 676 741
174 1 1 1 677 807 809 679 742 808 744 678 743
175 1 1 1 679 809 811 681 744 810 746 680 745
176 1 1 1 681 811 813 683 746 812 748 682 747
177 1 1 1 683 813 815 685 748 814 750 684 749
178 1 1 1 685 815 817 687 750 816 752 686 751
179 1 1 1 687 817 819 689 752 818 754 688 753
180 1 1 1 689 819 821 691 754 820 756 690 755
181 1 1 1 691 821 823 693 756 822 758 692 757
182 1 1 1 693 823 825 695 758 824 760 694 759
183 1 1 1 695 825 827 697 760 826 762 696 761
184 1 1 1 697 827 829 699 762 828 764 698 763
185 1 1 1 699 829 831 701 764 830 766 700 765
186 1 1 1 701 831 833 703 766 832 768 702 767
187 1 1 1 703 833 835 705 768 834 770 704 769
188 1 1 1 705 835 837 707 770 836 772 706 771
189 1 1 1 707 837 839 709 772 838 774 708 773
190 1 1 1 709 839 841 711 774 840 776 710 775
191 1 1 1 711 841 843 713 776 842 778 712 777
192 1 1 1 713 843 845 715 778 844 780 714 779
193 1 1 1 781 911 913 783 846 912 848 782 847
194 1 1 1 783 913 915 785 848 914 850 784 849
195 1 1 1 785 915 917 787 850 916 852 786 851
196 1 1 1 787 917 919 789 852 918 854 788 853
197 1 1 1 789 919 921 791 854 920 856 790 855
198 1 1 1 791 921 923 793 856 922 858 792 857
199 1 1 1 793 923 925 795 858 924 860 794 859
200 1 1 1 795 925 927 797 860 926 862 796 861
201 1 1 1 797 927 929 799 862 928 864 798 863
202 1 1 1 799 929 931 801 864 930 866 800 865
203 1 1 1 801 931 933 803 866 932 868 802 867
204 1 1 1 803 933 935 805 868 934 870 804 869
205 1 1 1 805 935 937 807 870 936 872 806 871
206 1 1 1 807 937 939 809 872 938 874 808 873
207 1 1 1 809 939 941 811 874 940 876 810 875
208 1 1 1 811 941 943 813 876 942 878 812 877
209 1 1 1 813 943 945 815 878 944 880 814 879
210 1 1 1 815 945 947 817 880 946 882 816 881
211 1 1 1 817 947 949 819 882 948 884 818 883
212 1 1 1 819 949 951 821 884 950 886 820 885
213 1 1 1 821 951 953 823 886 952 888 822 887
214 1 1 1 823 953 955 825 888 954 890 824 889
215 1 1 1 825 955 957 827 890 956 892 826 891
216 1 1 1 827 957 959 829 892 958 894 828 893
217 1 1 1 829 959 961 831 894 960 896 830 895
218 1 1 1 831 961 963 833 896 962 898 832 897
219 1 1 1 833 963 965 835 898 964 900 834 899
220 1 1 1 835 965 967 837 900 966 902 836 901
221 1 1 1 837 967 969 839 902 968 904 838 903
222 1 1 1 839 969 971 841 904 970 906 840 905
223 1 1 1 841 971 973 843 906 972 908 842 907
224 1 1 1 843 973 975 845 908 974 910 844 909
225 1 1 1 911 1041 1043 913 976 1042 978 912 977
226 1 1 1 913 1043 1045 915 978 1044 980 914 979
227 1 1 1 915 1045 1047 917 980 1046 982 916 981
228 1 1 1 917 1047 1049 919 982 1048 984 918 983
229 1 1 1 919 1049 1051 921 984 1050 986 920 985
230 1 1 1 921 1051 1053 923 986 1052 988 922 987
231 1 1 1 923 1053 1055 925 988 1054 990 924 989
232 1 1 1 925 1055 1057 927 990 1056 992 926 991
233 1 1 1 927 1057 1059 929 992 1058 994 928 993
234 1 1 1 929 1059 1061 931 994 1060 996 930 995
235 1 1 1 931 1061 1063 933 996 1062 998 932 997
236 1 1 1 933 1063 1065 935 998 1064 1000 934 999
237 1 1 1 935 1065 1067 937 1000 1066 1002 936 1001
238 1 1 1 937 1067 1069 939 1002 1068 1004 938 1003
239 1 1 1 939 1069 1071 941 1004 1070 1006 940 1005
240 1 1 1 941 1071 1073 943 1006 1072 1008 942 1007
241 1 1 1 943 1073 1075 945 1008 1074 1010 944 1009
242 1 1 1 945 1075 1077 947 1010 1076 1012 946 1011
243 1 1 1 947 1077 1079 949 1012 1078 1014 948 1013
244 1 1 1 949 1079 1081 951 1014 1080 1016 950 1015
245 1 1 1 951 1081 1083 953 1016 1082 1018 952 1017
246 1 1 1 953 1083 1085 955 1018 1084 1020 954 1019
247 1 1 1 955 1085 1087 957 1020 1086 1022 956 1021
248 1 1 1 957 1087 1089 959 1022 1088 1024 958 1023
249 1 1 1 959 1089 1091 961 1024 1090 1026 960 1025
250 1 1 1 961 1091 1093 963 1026 1092 1028 962 1027
251 1 1 1 963 1093 1095 965 1028 1094 1030 964 1029
252 1 1 1 965 1095 1097 967 1030 1096 1032 966 1031
253 1 1 1 967 1097 1099 969 1032 1098 1034 968 1033
254 1 1 1 969 1099 1101 971 1034 1100 1036 970 1035
255 1 1 1 971 1101 1103 973 1036 1102 1038 972 1037
256 1 1 1 973 1103 1105 975 1038 1104 1040 974 1039
257 1 1 1 1041 1171 1173 1043 1106 1172 1108 1042 1107
258 1 1 1 1043 1173 1175 1045 1108 1174 1110 1044 1109
259 1 1 1 1045 1175 1177 1047 1110 1176 1112 1046 1111
260 1 1 1 1047 1177 1179 1049 1112 1178 1114 1048 1113
261 1 1 1 1049 1179 1181 1051 1114 1180 1116 1050 1115
262 1 1 1 1051 1181 1183 1053 1116 1182 1118 1052 1117
263 1 1 1 1053 1183 1185 1055 1118 1184 1120 1054 1119
264 1 1 1 1055 1185 1187 1057 1120 1186 1122 1056 1121
265 1 1 1 1057 1187 1189 1059 1122 1188 1124 1058 1123
266 1 1 1 1059 1189 1191 1061 1124 1190 1126 1060 1125
267 1 1 1 1061 1191 1193 1063 1126 1192 1128 1062 1127
268 1 1 1 1063 1193 1195 1065 1128 1194 1130 1064 1129
269 1 1 1 1065 1195 1197 1067 1130 1196 1132 1066 1131
270 1 1 1 1067 1197 1199 1069 1132 1198 1134 1068 1133
271 1 1 1 1069 1199 1201 1071 1134 1200 1136 1070 1135
272 1 1 1 1071 1201 1203 1073 1136 1202 1138 1072 1137
273 1 1 1 1073 1203 1205 1075 1138 1204 1140 1074 1139
274 1 1 1 1075 1205 1207 1077 1140 1206 1142 1076 1141
275 1 1 1 1077 1207 1209 1079 1142 1208 1144 1078 1143
276 1 1 1 1079 1209 1211 1081 1144 1210 1146 1080 1145
277 1 1 1 1081 1211 1213 1083 1146 1212 1148 1082 1147
278 1 1 1 1083 1213 1215 1085 1148 1214 1150 1084 1149
279 1 1 1 1085 1215 1217 1087 1150 1216 1152 1086 1151
280 1 1 1 1087 1217 1219 1089 1152 1218 1154 1088 1153
281 1 1 1 1089 1219 1221 1091 1154 1220 1156 1090 1155
282 1 1 1 1091 1221 1223 1093 1156 1222 1158 1092 1157
283 1 1 1 1093 1223 1225 1095 1158 1224 1160 1094 1159
284 1 1 1 1095 1225 1227 1097 1160 1226 1162 1096 1161
285 1 1 1 1097 1227 1229 1099 1162 1228 1164 1098 1163
286 1 1 1 1099 1229 1231 1101 1164 1230 1166 1100 1165
287 1 1 1 1101 1231 1233 1103 1166 1232 1168 1102 1167
288 1 1 1 1103 1233 1235 1105 1168 1234 1170 1104 1169
289 1 1 1 1171 1301 1303 1173 1236 1302 1238 1172 1237
290 1 1 1 1173 1303 1305 1175 1238 1304 1240 1174 1239
291 1 1 1 1175 1305 1307 1177 1240 1306 1242 1176 1241
292 1 1 1 1177 1307 1309 1179 1242 1308 1244 1178 1243
293 1 1 1 1179 1309 1311 1181 1244 1310 1246 1180 1245
294 1 1 1 1181 1311 1313 1183 1246 1312 1248 1182 1247
295 1 1 1 1183 1313 1315 1185 1248 1314 1250 1184 1249
296 1 1 1 1185 1315 1317 1187 1250 1316 1252 1186 1251
297 1 1 1 1187 1317 1319 1189 1252 1318 1254 1188 1253
298 1 1 1 1189 1319 1321 1191 1254 1320 1256 1190 1255
299 1 1 1 1191 1321 1323 1193 1256 1322 1258 1192 1257
300 1 1 1 1193 1323 1325 1195 1258 1324 1260 1194 1259
301 1 1 1 1195 1325 1327 1197 1260 1326 1262 1196 1261
302 1 1 1 1197 1327 1329 1199 1262 1328 1264 1198 1263
303 1 1 1 1199 1329 1331 1201 1264 1330 1266 1200 1265
304 1 1 1 1201 1331 1333 1203 1266 1332 1268 1202 1267
305 1 1 1 1203 1333 1335 1205 1268 1334 1270 1204 1269
306 1 1 1 1205 1335 1337 1207 1270 1336 1272 1206 1271
307 1 1 1 1207 1337 1339 1209 1272 1338 1274 1208 1273
308 1 1 1 1209 1339 1341 1211 1274 1340 1276 1210 1275
309 1 1 1 1211 1341 1343 1213 1276 1342 1278 1212 1277
310 1 1 1 1213 1343 1345 1215 1278 1344 1280 1214 1279
311 1 1 1 1215 1345 1347 1217 1280 1346 1282 1216 1281
312 1 1 1 1217 1347 1349 1219 1282 1348 1284 1218 1283
313 1 1 1 1219 1349 1351 1221 1284 1350 1286 1220 1285
314 1 1 1 1221 1351 1353 1223 1286 1352 1288 1222 1287
315 1 1 1 1223 1353 1355 1225 1288 1354 1290 1224 1289
316 1 1 1 1225 1355 1357 1227 1290 1356 1292 1226 1291
317 1 1 1 1227 1357 1359 1229 1292 1358 1294 1228 1293
318 1 1 1 1229 1359 1361 1231 1294 1360 1296 1230 1295
319 1 1 1 1231 1361 1363 1233 1296 1362 1298 1232 1297
320 1 1 1 1233 1363 1365 1235 1298 1364 1300 1234 1299
321 1 1 1 1301 1431 1433 1303 1366 1432 1368 1302 1367
322 1 1 1 1303 1433 1435 1305 1368 1434 1370 1304 1369
323 1 1 1 1305 1435 1437 1307 1370 1436 1372 1306 1371
324 1 1 1 1307 1437 1439 1309 1372 1438 1374 1308 1373
325 1 1 1 1309 1439 1441 1311 1374 1440 1376 1310 1375
326 1 1 1 1311 1441 1443 1313 1376 1442 1378 1312 1377
327 1 1 1 1313 1443 1445 1315 1378 1444 1380 1314 1379
328 1 1 1 1315 1445 1447 1317 1380 1446 1382 1316 1381
329 1 1 1 1317 1447 1449 1319 1382 1448 1384 1318 1383
330 1 1 1 1319 1449 1451 1321 1384 1450 1386 1320 1385
331 1 1 1 1321 1451 1453 1323 1386 1452 1388 1322 1387
332 1 1 1 1323 1453 1455 1325 1388 1454 1390 1324 1389
333 1 1 1 1325 1455 1457 1327 1390 1456 1392 1326 1391
334 1 1 1 1327 1457 1459 1329 1392 1458 1394 1328 1393
335 1 1 1 1329 1459 1461 1331 1394 1460 1396 1330 1395
336 1 1 1 1331 1461 1463 1333 1396 1462 1398 1332 1397
337 1 1 1 1333 1463 1465 1335 1398 1464 1400 1334 1399
338 1 1 1 1335 1465 1467 1337 1400 1466 1402 1336 1401
339 1 1 1 1337 1467 1469 1339 1402 1468 1404 1338 1403
340 1 1 1 1339 1469 1471 1341 1404 1470 1406 1340 1405
341 1 1 1 1341 1471 1473 1343 1406 1472 1408 1342 1407
342 1 1 1 1343 1473 1475 1345 1408 1474 1410 1344 1409
343 1 1 1 1345 1475 1477 1347 1410 1476 1412 1346 1411
344 1 1 1 1347 1477 1479 1349 1412 1478 1414 1348 1413
345 1 1 1 1349 1479 1481 1351 1414 1480 1416 1350 1415
346 1 1 1 1351 1481 1483 1353 1416 1482 1418 1352 1417
347 1 1 1 1353 1483 1485 1355 1418 1484 1420 1354 1419
348 1 1 1 1355 1485 1487 1357 1420 1486 1422 1356 1421
349 1 1 1 1357 1487 1489 1359 1422 1488 1424 1358 1423
350 1 1 1 1359 1489 1491 1361 1424 1490 1426 1360 1425
351 1 1 1 1361 1491 1493 1363 1426 1492 1428 1362 1427
352 1 1 1 1363 1493 1495 1365 1428 1494 1430 1364 1429
353 1 1 1 1431 1561 1563 1433 1496 1562 1498 1432 1497
354 1 1 1 1433 1563 1565 1435 1498 1564 1500 1434 1499
355 1 1 1 1435 1565 1567 1437 1500 1566 1502 1436 1501
356 1 1 1 1437 1567 1569 1439 1502 1568 1504 1438 1503
357 1 1 1 1439 1569 1571 1441 1504 1570 1506 1440 1505
358 1 1 1 1441 1571 1573 1443 1506 1572 1508 1442 1507
359 1 1 1 1443 1573 1575 1445 1508 1574 1510 1444 1509
360 1 1 1 1445 1575 1577 1447 1510 1576 1512 1446 1511
361 1 1 1 1447 1577 1579 1449 1512 1578 1514 1448 1513
362 1 1 1 1449 1579 1581 1451 1514 1580 1516 1450 1515
363 1 1 1 1451 1581 1583 1453 1516 1582 1518 1452 1517
364 1 1 1 1453 1583 1585 1455 1518 1584 1520 1454 1519
365 1 1 1 1455 1585 1587 1457 1520 1586 1522 1456 1521
366 1 1 1 1457 1587 1589 1459 1522 1588 1524 1458 1523
367 1 1 1 1459 1589 1591 1461 1524 1590 1526 1460 1525
368 1 1 1 1461 1591 1593 1463 1526 1592 1528 1462 1527
369 1 1 1 1463 1593 1595 1465 1528 1594 1530 1464 1529
370 1 1 1 1465 1595 1597 1467 1530 1596 1532 1466 1531
371 1 1 1 1467 1597 1599 1469 1532 1598 1534 1468 1533
372 1 1 1 1469 1599 1601 1471 1534 1600 1536 1470 1535
373 1 1 1 1471 1601 1603 1473 1536 1602 1538 1472 1537
374 1 1 1 1473 1603 1605 1475 1538 1604 1540 1474 1539
375 1 1 1 1475 1605 1607 1477 1540 1606 1542 1476 1541
376 1 1 1 1477 1607 1609 1479 1542 1608 1544 1478 1543
377 1 1 1 1479 1609 1611 1481 1544 1610 1546 1480 1545
378 1 1 1 1481 1611 1613 1483 1546 1612 1548 1482 1547
379 1 1 1 1483 1613 1615 1485 1548 1614 1550 1484 1549
380 1 1 1 1485 1615 1617 1487 1550 1616 1552 1486 1551
381 1 1 1 1487 1617 1619 1489 1552 1618 1554 1488 1553
382 1 1 1 1489 1619 1621 1491 1554 1620 1556 1490 1555
383 1 1 1 1491 1621 1623 1493 1556 1622 1558 1492 1557
384 1 1 1 1493 1623 1625 1495 1558 1624 1560 1494 1559
385 1 1 1 1561 1691 1693 1563 1626 1692 1628 1562 1627
386 1 1 1 1563 1693 1695 1565 1628 1694 1630 1564 1629
387 1 1 1 1565 1695 1697 1567 1630 1696 1632 1566 1631
388 1 1 1 1567 1697 1699 1569 1632 1698 1634 1568 1633
389 1 1 1 1569 1699 1701 1571 1634 1700 1636 1570 1635
390 1 1 1 1571 1701 1703 1573 1636 1702 1638 1572 1637
391 1 1 1 1573 1703 1705 1575 1638 1704 1640 1574 1639
392 1 1 1 1575 1705 1707 1577 1640 1706 1642 1576 1641
393 1 1 1 1577 1707 1709 1579 1642 1708 1644 1578 1643
394 1 1 1 1579 1709 1711 1581 1644 1710 1646 1580 1645
395 1 1 1 1581 1711 1713 1583 1646 1712 1648 1582 1647
396 1 1 1 1583 1713 1715 1585 1648 1714 1650 1584 1649
397 1 1 1 1585 1715 1717 1587 1650 1716 1652 1586 1651
398 1 1 1 1587 1717 1719 1589 1652 1718 1654 1588 1653
399 1 1 1 1589 1719 1721 1591 1654 1720 1656 1590 1655
400 1 1 1 1591 1721 1723 1593 1656 1722 1658 1592 1657
401 1 1 1 1593 1723 1725 1595 1658 1724 1660 1594 1659
402 1 1 1 1595 1725 1727 1597 1660 1726 1662 1596 1661
403 1 1 1 1597 1727 1729 1599 1662 1728 1664 1598 1663
404 1 1 1 1599 1729 1731 1601 1664 1730 1666 1600 1665
405 1 1 1 1601 1731 1733 1603 1666 1732 1668 1602 1667
406 1 1 1 1603 1733 1735 1605 1668 1734 1670 1604 1669
407 1 1 1 1605 1735 1737 1607 1670 1736 1672 1606 1671
408 1 1 1 1607 1737 1739 1609 1672 1738 1674 1608 1673
409 1 1 1 1609 1739 1741 1611 1674 1740 1676 1610 1675
410 1 1 1 1611 1741 1743 1613 1676 1742 1678 1612 1677
411 1 1 1 1613 1743 1745 1615 1678 1744 1680 1614 1679
412 1 1 1 1615 1745 1747 1617 1680 1746 1682 1616 1681
413 1 1 1 1617 1747 1749 1619 1682 1748 1684 1618 1683
414 1 1 1 1619 1749 1751 1621 1684 1750 1686 1620 1685
415 1 1 1 1621 1751 1753 1623 1686 1752 1688 1622 1687
416 1 1 1 1623 1753 1755 1625 1688 1754 1690 1624 1689
417 1 1 1 1691 1821 1823 1693 1756 1822 1758 1692 1757
418 1 1 1 1693 1823 1825 1695 1758 1824 1760 1694 1759
419 1 1 1 1695 1825 1827 1697 1760 1826 1762 1696 1761
420 1 1 1 1697 1827 1829 1699 1762 1828 1764 1698 1763
421 1 1 1 1699 1829 1831 1701 1764 1830 1766 1700 1765
422 1 1 1 1701 1831 1833 1703 1766 1832 1768 1702 1767
423 1 1 1 1703 1833 1835 1705 1768 1834 1770 1704 1769
424 1 1 1 1705 1835 1837 1707 1770 1836 1772 1706 1771
425 1 1 1 1707 1837 1839 1709 1772 1838 1774 1708 1773
426 1 1 1 1709 1839 1841 1711 1774 1840 1776 1710 1775
427 1 1 1 1711 1841 1843 1713 1776 1842 1778 1712 1777
428 1 1 1 1713 1843 1845 1715 1778 1844 1780 1714 1779
429 1 1 1 1715 1845 1847 1717 1780 1846 1782 1716 1781
430 1 1 1 1717 1847 1849 1719 1782 1848 1784 1718 1783
431 1 1 1 1719 1849 1851 1721 1784 1850 1786 1720 1785
432 1 1 1 1721 1851 1853 1723 1786 1852 1788 1722 1787
433 1 1 1 1723 1853 1855 1725 1788 1854 1790 1724 1789
434 1 1 1 1725 1855 1857 1727 1790 1856 1792 1726 1791
435 1 1 1 1727 1857 1859 1729 1792 1858 1794 1728 1793
436 1 1 1 1729 1859 1861 1731 1794 1860 1796 1730 1795
437 1 1 1 1731 1861 1863 1733 1796 1862 1798 1732 1797
438 1 1 1 1733 1863 1865 1735 1798 1864 1800 1734 1799
439 1 1 1 1735 1865 1867 1737 1800 1866 1802 1736 1801
440 1 1 1 1737 1867 1869 1739 1802 1868 1804 1738 1803
441 1 1 1 1739 1869 1871 1741 1804 1870 1806 1740 1805
442 1 1 1 1741 1871 1873 1743 1806 1872 1808 1742 1807
443 1 1 1 1743 1873 1875 1745 1808 1874 1810 1744 1809
444 1 1 1 1745 1875 1877 1747 1810 1876 1812 1746 1811
445 1 1 1 1747 1877 1879 1749 1812 1878 1814 1748 1813
446 1 1 1 1749 1879 1881 1751 1814 1880 1816 1750 1815
447 1 1 1 1751 1881 1883 1753 1816 1882 1818 1752 1817
448 1 1 1 1753 1883 1885 1755 1818 1884 1820 1754 1819
449 1 1 1 1821 1951 1953 1823 1886 1952 1888 1822 1887
450 1 1 1 1823 1953 1955 1825 1888 1954 1890 1824 1889
451 1 1 1 1825 1955 1957 1827 1890 1956 1892 1826 1891
452 1 1 1 1827 1957 1959 1829 1892 1958 1894 1828 1893
453 1 1 1 1829 1959 1961 1831 1894 1960 1896 1830 1895
454 1 1 1 1831 1961 1963 1833 1896 1962 1898 1832 1897
455 1 1 1 1833 1963 1965 1835 1898 1964 1900 1834 1899
456 1 1 1 1835 1965 1967 1837 1900 1966 1902 1836 1901
457 1 1 1 1837 1967 1969 1839 1902 1968 1904 1838 1903
458 1 1 1 1839 1969 1971 1841 1904 1970 1906 1840 1905
459 1 1 1 1841 1971 1973 1843 1906 1972 1908 1842 1907
460 1 1 1 1843 1973 1975 1845 1908 1974 1910 1844 1909
461 1 1 1 1845 1975 1977 1847 1910 1976 1912 1846 1911
462 1 1 1 1847 1977 1979 1849 1912 1978 1914 1848 1913
463 1 1 1 1849 1979 1981 1851 1914 1980 1916 1850 1915
464 1 1 1 1851 1981 1983 1853 1916 1982 1918 1852 1917
465 1 1 1 1853 1983 1985 1855 1918 1984 1920 1854 1919
466 1 1 1 1855 1985 1987 1857 1920 1986 1922 1856 1921
467 1 1 1 1857 1987 1989 1859 1922 1988 1924 1858 1923
468 1 1 1 1859 1989 1991 1861 1924 1990 1926 1860 1925
469 1 1 1 1861 1991 1993 1863 1926 1992 1928 1862 1927
470 1 1 1 1863 1993 1995 1865 1928 1994 1930 1864 1929
471 1 1 1 1865 1995 1997 1867 1930 1996 1932 1866 1931
472 1 1 1 1867 1997 1999 1869 1932 1998 1934 1868 1933
473 1 1 1 1869 1999 2001 1871 1934 2000 1936 1870 1935
474 1 1 1 1871 2001 2003 1873 1936 2002 1938 1872 1937
475 1 1 1 1873 2003 2005 1875 1938 2004 1940 1874 1939
476 1 1 1 1875 2005 2007 1877 1940 2006 1942 1876 1941
477 1 1 1 1877 2007 2009 1879 1942 2008 1944 1878 1943
478 1 1 1 1879 2009 2011 1881 1944 2010 1946 1880 1945
479 1 1 1 1881 2011 2013 1883 1946 2012 1948 1882 1947
480 1 1 1 1883 2013 2015 1885 1948 2014 1950 1884 1949
481 1 1 1 1951 2081 2083 1953 2016 2082 2018 1952 2017
482 1 1 1 1953 2083 2085 1955 2018 2084 2020 1954 2019
483 1 1 1 1955 2085 2087 1957 2020 2086 2022 1956 2021
484 1 1 1 1957 2087 2089 1959 2022 2088 2024 1958 2023
485 1 1 1 1959 2089 2091 1961 2024 2090 2026 1960 2025
486 1 1 1 1961 2091 2093 1963 2026 2092 2028 1962 2027
487 1 1 1 1963 2093 2095 1965 2028 2094 2030 1964 2029
488 1 1 1 1965 2095 2097 1967 2030 2096 2032 1966 2031
489 1 1 1 1967 2097 2099 1969 2032 2098 2034 1968 2033
490 1 1 1 1969 2099 2101 1971 2034 2100 2036 1970 2035
491 1 1 1 1971 2101 2103 1973 2036 2102 2038 1972 2037
492 1 1 1 1973 2103 2105 1975 2038 2104 2040 1974 2039
493 1 1 1 1975 2105 2107 1977 2040 2106 2042 1976 2041
494 1 1 1 1977 2107 2109 1979 2042 2108 2044 1978 2043
495 1 1 1 1979 2109 2111 1981 2044 2110 2046 1980 2045
496 1 1 1 1981 2111 2113 1983 2046 2112 2048 1982 2047
497 1 1 1 1983 2113 2115 1985 2048 2114 2050 1984 2049
498 1 1 1 1985 2115 2117 1987 2050 2116 2052 1986 2051
499 1 1 1 1987 2117 2119 1989 2052 2118 2054 1988 2053
500 1 1 1 1989 2119 2121 1991 2054 2120 2056 1990 2055
501 1 1 1 1991 2121 2123 1993 2056 2122 2058 1992 2057
502 1 1 1 1993 2123 2125 1995 2058 2124 2060 1994 2059
503 1 1 1 1995 2125 2127 1997 2060 2126 2062 1996 2061
504 1 1 1 1997 2127 2129 1999 2062 2128 2064 1998 2063
505 1 1 1 1999 2129 2131 2001 2064 2130 2066 2000 2065
506 1 1 1 2001 2131 2133 2003 2066 2132 2068 2002 2067
507 1 1 1 2003 2133 2135 2005 2068 2134 2070 2004 2069
508 1 1 1 2005 2135 2137 2007 2070 2136 2072 2006 2071
509 1 1 1 2007 2137 2139 2009 2072 2138 2074 2008 2073
510 1 1 1 2009 2139 2141 2011 2074 2140 2076 2010 2075
511 1 1 1 2011 2141 2143 2013 2076 2142 2078 2012 2077
512 1 1 1 2013 2143 2145 2015 2078 2144 2080 2014 2079
513 1 1 1 2081 2211 2213 2083 2146 2212 2148 2082 2147
514 1 1 1 2083 2213 2215 2085 2148 2214 2150 2084 2149
515 1 1 1 2085 2215 2217 2087 2150 2216 2152 2086 2151
516 1 1 1 2087 2217 2219 2089 2152 2218 2154 2088 2153
517 1 1 1 2089 2219 2221 2091 2154 2220 2156 2090 2155
518 1 1 1 2091 2221 2223 2093 2156 2222 2158 2092 2157
519 1 1 1 2093 2223 2225 2095 2158 2224 2160 2094 2159
520 1 1 1 2095 2225 2227 2097 2160 2226 2162 2096 2161
521 1 1 1 2097 2227 2229 2099 2162 2228 2164 2098 2163
522 1 1 1 2099 2229 2231 2101 2164 2230 2166 2100 2165
523 1 1 1 2101 2231 2233 2103 2166 2232 2168 2102 2167
524 1 1 1 2103 2233 2235 2105 2168 2234 2170 2104 2169
525 1 1 1 2105 2235 2237 2107 2170 2236 2172 2106 2171
526 1 1 1 2107 2237 2239 2109 2172 2238 2174 2108 2173
527 1 1 1 2109 2239 2241 2111 2174 2240 2176 2110 2175
528 1 1 1 2111 2241 2243 2113 2176 2242 2178 2112 2177
529 1 1 1 2113 2243 2245 2115 2178 2244 2180 2114 2179
530 1 1 1 2115 2245 2247 2117 2180 2246 2182 2116 2181
531 1 1 1 2117 2247 2249 2119 2182 2248 2184 2118 2183
532 1 1 1 2119 2249 2251 2121 2184 2250 2186 2120 2185
533 1 1 1 2121 2251 2253 2123 2186 2252 2188 2122 2187
534 1 1 1 2123 2253 2255 2125 2188 2254 2190 2124 2189
535 1 1 1 2125 2255 2257 2127 2190 2256 2192 2126 2191
536 1 1 1 2127 2257 2259 2129 2192 2258 2194 2128 2193
537 1 1 1 2129 2259 2261 2131 2194 2260 2196 2130 2195
538 1 1 1 2131 2261 2263 2133 2196 2262 2198 2132 2197
539 1 1 1 2133 2263 2265 2135 2198 2264 2200 2134 2199
540 1 1 1 2135 2265 2267 2137 2200 2266 2202 2136 2201
541 1 1 1 2137 2267 2269 2139 2202 2268 2204 2138 2203
542 1 1 1 2139 2269 2271 2141 2204 2270 2206 2140 2205
543 1 1 1 2141 2271 2273 2143 2206 2272 2208 2142 2207
544 1 1 1 2143 2273 2275 2145 2208 2274 2210 2144 2209
545 1 1 1 2211 2341 2343 2213 2276 2342 2278 2212 2277
546 1 1 1 2213 2343 2345 2215 2278 2344 2280 2214 2279
547 1 1 1 2215 2345 2347 2217 2280 2346 2282 2216 2281
548 1 1 1 2217 2347 2349 2219 2282 2348 2284 2218 2283
549 1 1 1 2219 2349 2351 2221 2284 2350 2286 2220 2285
550 1 1 1 2221 2351 2353 2223 2286 2352 2288 2222 2287
551 1 1 1 2223 2353 2355 2225 2288 2354 2290 2224 2289
552 1 1 1 2225 2355 2357 2227 2290 2356 2292 2226 2291
553 1 1 1 2227 2357 2359 2229 2292 2358 2294 2228 2293
554 1 1 1 2229 2359 2361 2231 2294 2360 2296 2230 2295
555 1 1 1 2231 2361 2363 2233 2296 2362 2298 2232 2297
556 1 1 1 2233 2363 2365 2235 2298 2364 2300 2234 2299
557 1 1 1 2235 2365 2367 2237 2300 2366 2302 2236 2301
558 1 1 1 2237 2367 2369 2239 2302 2368 2304 2238 2303
559 1 1 1 2239 2369 2371 2241 2304 2370 2306 2240 2305
560 1 1 1 2241 2371 2373 2243 2306 2372 2308 2242 2307
561 1 1 1 2243 2373 2375 2245 2308 2374 2310 2244 2309
562 1 1 1 2245 2375 2377 2247 2310 2376 2312 2246 2311
563 1 1 1 2247 2377 2379 2249 2312 2378 2314 2248 2313
564 1 1 1 2249 2379 2381 2251 2314 2380 2316 2250 2315
565 1 1 1 2251 2381 2383 2253 2316 2382 2318 2252 2317
566 1 1 1 2253 2383 2385 2255 2318 2384 2320 2254 2319
567 1 1 1 2255 2385 2387 2257 2320 2386 2322 2256 2321
568 1 1 1 2257 2387 2389 2259 2322 2388 2324 2258 2323
569 1 1 1 2259 2389 2391 2261 2324 2390 2326 2260 2325
570 1 1 1 2261 2391 2393 2263 2326 2392 2328 2262 2327
571 1 1 1 2263 2393 2395 2265 2328 2394 2330 2264 2329
572 1 1 1 2265 2395 2397 2267 2330 2396 2332 2266 2331
573 1 1 1 2267 2397 2399 2269 2332 2398 2334 2268 2333
574 1 1 1 2269 2399 2401 2271 2334 2400 2336 2270 2335
575 1 1 1 2271 2401 2403 2273 2336 2402 2338 2272 2337
576 1 1 1 2273 2403 2405 2275 2338 2404 2340 2274 2339
577 1 1 1 2341 2471 2473 2343 2406 2472 2408 2342 2407
578 1 1 1 2343 2473 2475 2345 2408 2474 2410 2344 2409
579 1 1 1 2345 2475 2477 2347 2410 2476 2412 2346 2411
580 1 1 1 2347 2477 2479 2349 2412 2478 2414 2348 2413
581 1 1 1 2349 2479 2481 2351 2414 2480 2416 2350 2415
582 1 1 1 2351 2481 2483 2353 2416 2482 2418 2352 2417
583 1 1 1 2353 2483 2485 2355 2418 2484 2420 2354 2419
584 1 1 1 2355 2485 2487 2357 2420 2486 2422 2356 2421
585 1 1 1 2357 2487 2489 2359 2422 2488 2424 2358 2423
586 1 1 1 2359 2489 2491 2361 2424 2490 2426 2360 2425
587 1 1 1 2361 2491 2493 2363 2426 2492 2428 2362 2427
588 1 1 1 2363 2493 2495 2365 2428 2494 2430 2364 2429
589 1 1 1 2365 2495 2497 2367 2430 2496 2432 2366 2431
590 1 1 1 2367 2497 2499 2369 2432 2498 2434 2368 2433
591 1 1 1 2369 2499 2501 2371 2434 2500 2436 2370 2435
592 1 1 1 2371 2501 2503 2373 2436 2502 2438 2372 2437
593 1 1 1 2373 2503 2505 2375 2438 2504 2440 2374 2439
594 1 1 1 2375 2505 2507 2377 2440 2506 2442 2376 2441
595 1 1 1 2377 2507 2509 2379 2442 2508 2444 2378 2443
596 1 1 1 2379 2509 2511 2381 2444 2510 2446 2380 2445
597 1 1 1 2381 2511 2513 2383 2446 2512 2448 2382 2447
598 1 1 1 2383 2513 2515 2385 2448 2514 2450 2384 2449
599 1 1 1 2385 2515 2517 2387 2450 2516 2452 2386 2451
600 1 1 1 2387 2517 2519 2389 2452 2518 2454 2388 2453
601 1 1 1 2389 2519 2521 2391 2454 2520 2456 2390 2455
602 1 1 1 2391 2521 2523 2393 2456 2522 2458 2392 2457
603 1 1 1 2393 2523 2525 2395 2458 2524 2460 2394 2459
604 1 1 1 2395 2525 2527 2397 2460 2526 2462 2396 2461
605 1 1 1 2397 2527 2529 2399 2462 2528 2464 2398 2463
606 1 1 1 2399 2529 2531 2401 2464 2530 2466 2400 2465
607 1 1 1 2401 2531 2533 2403 2466 2532 2468 2402 2467
608 1 1 1 2403 2533 2535 2405 2468 2534 2470 2404 2469
609 1 1 1 2471 2601 2603 2473 2536 2602 2538 2472 2537
610 1 1 1 2473 2603 2605 2475 2538 2604 2540 2474 2539
611 1 1 1 2475 2605 2607 2477 2540 2606 2542 2476 2541
612 1 1 1 2477 2607 2609 2479 2542 2608 2544 2478 2543
613 1 1 1 2479 2609 2611 2481 2544 2610 2546 2480 2545
614 1 1 1 2481 2611 2613 2483 2546 2612 2548 2482 2547
615 1 1 1 2483 2613 2615 2485 2548 2614 2550 2484 2549
616 1 1 1 2485 2615 2617 2487 2550 2616 2552 2486 2551
617 1 1 1 2487 2617 2619 2489 2552 2618 2554 2488 2553
618 1 1 1 2489 2619 2621 2491 2554 2620 2556 2490 2555
619 1 1 1 2491 2621 2623 2493 2556 2622 2558 2492 2557
620 1 1 1 2493 2623 2625 2495 2558 2624 2560 2494 2559
621 1 1 1 2495 2625 2627 2497 2560 2626 2562 2496 2561
622 1 1 1 2497 2627 2629 2499 2562 2628 2564 2498 2563
623 1 1 1 2499 2629 2631 2501 2564 2630 2566 2500 2565
624 1 1 1 2501 2631 2633 2503 2566 2632 2568 2502 2567
625 1 1 1 2503 2633 2635 2505 2568 2634 2570 2504 2569
626 1 1 1 2505 2635 2637 2507 2570 2636 2572 2506 2571
627 1 1 1 2507 2637 2639 2509 2572 2638 2574 2508 2573
628 1 1 1 2509 2639 2641 2511 2574 2640 2576 2510 2575
629 1 1 1 2511 2641 2643 2513 2576 2642 2578 2512 2577
630 1 1 1 2513 2643 2645 2515 2578 2644 2580 2514 2579
631 1 1 1 2515 2645 2647 2517 2580 2646 2582 2516 2581
632 1 1 1 2517 2647 2649 2519 2582 2648 2584 2518 2583
633 1 1 1 2519 2649 2651 2521 2584 2650 2586 2520 2585
634 1 1 1 2521 2651 2653 2523 2586 2652 2588 2522 2587
635 1 1 1 2523 2653 2655 2525 2588 2654 2590 2524 2589
636 1 1 1 2525 2655 2657 2527 2590 2656 2592 2526 2591
637 1 1 1 2527 2657 2659 2529 2592 2658 2594 2528 2593
638 1 1 1 2529 2659 2661 2531 2594 2660 2596 2530 2595
639 1 1 1 2531 2661 2663 2533 2596 2662 2598 2532 2597
640 1 1 1 2533 2663 2665 2535 2598 2664 2600 2534 2599
641 1 1 1 2601 2731 2733 2603 2666 2732 2668 2602 2667
642 1 1 1 2603 2733 2735 2605 2668 2734 2670 2604 2669
643 1 1 1 2605 2735 2737 2607 2670 2736 2672 2606 2671
644 1 1 1 2607 2737 2739 2609 2672 2738 2674 2608 2673
645 1 1 1 2609 2739 2741 2611 2674 2740 2676 2610 2675
646 1 1 1 2611 2741 2743 2613 2676 2742 2678 2612 2677
647 1 1 1 2613 2743 2745 2615 2678 2744 2680 2614 2679
648 1 1 1 2615 2745 2747 2617 2680 2746 2682 2616 2681
649 1 1 1 2617 2747 2749 2619 2682 2748 2684 2618 2683
650 1 1 1 2619 2749 2751 2621 2684 2750 2686 2620 2685
651 1 1 1 2621 2751 2753 2623 2686 2752 2688 2622 2687
652 1 1 1 2623 2753 2755 2625 2688 2754 2690 2624 2689
653 1 1 1 2625 2755 2757 2627 2690 2756 2692 2626 2691
654 1 1 1 2627 2757 2759 2629 2692 2758 2694 2628 2693
655 1 1 1 2629 2759 2761 2631 2694 2760 2696 2630 2695
656 1 1 1 2631 2761 2763 2633 2696 2762 2698 2632 2697
657 1 1 1 2633 2763 2765 2635 2698 2764 2700 2634 2699
658 1 1 1 2635 2765 2767 2637 2700 2766 2702 2636 2701
659 1 1 1 2637 2767 2769 2639 2702 2768 2704 2638 2703
660 1 1 1 2639 2769 2771 2641 2704 2770 2706 2640 2705
661 1 1 1 2641 2771 2773 2643 2706 2772 2708 2642 2707
662 1 1 1 2643 2773 2775 2645 2708 2774 2710 2644 2709
663 1 1 1 2645 2775 2777 2647 2710 2776 2712 2646 2711
664 1 1 1 2647 2777 2779 2649 2712 2778 2714 2648 2713
665 1 1 1 2649 2779 2781 2651 2714 2780 2716 2650 2715
666 1 1 1 2651 2781 2783 2653 2716 2782 2718 2652 2717
667 1 1 1 2653 2783 2785 2655 2718 2784 2720 2654 2719
668 1 1 1 2655 2785 2787 2657 2720 2786 2722 2656 2721
669 1 1 1 2657 2787 2789 2659 2722 2788 2724 2658 2723
670 1 1 1 2659 2789 2791 2661 2724 2790 2726 2660 2725
671 1 1 1 2661 2791 2793 2663 2726 2792 2728 2662 2727
672 1 1 1 2663 2793 2795 2665 2728 2794 2730 2664 2729
673 1 1 1 2731 2861 2863 2733 2796 2862 2798 2732 2797
674 1 1 1 2733 2863 2865 2735 2798 2864 2800 2734 2799
675 1 1 1 2735 2865 2867 2737 2800 2866 2802 2736 2801
676 1 1 1 2737 2867 2869 2739 2802 2868 2804 2738 2803
677 1 1 1 2739 2869 2871 2741 2804 2870 2806 2740 2805
678 1 1 1 2741 2871 2873 2743 2806 2872 2808 2742 2807
679 1 1 1 2743 2873 2875 2745 2808 2874 2810 2744 2809
680 1 1 1 2745 2875 2877 2747 2810 2876 2812 2746 2811
681 1 1 1 2747 2877 2879 2749 2812 2878 2814 2748 2813
682 1 1 1 2749 2879 2881 2751 2814 2880 2816 2750 2815
683 1 1 1 2751 2881 2883 2753 2816 2882 2818 2752 2817
684 1 1 1 2753 2883 2885 2755 2818 2884 2820 2754 2819
685 1 1 1 2755 2885 2887 2757 2820 2886 2822 2756 2821
686 1 1 1 2757 2887 2889 2759 2822 2888 2824 2758 2823
687 1 1 1 2759 2889 2891 2761 2824 2890 2826 2760 2825
688 1 1 1 2761 2891 2893 2763 2826 2892 2828 2762 2827
689 1 1 1 2763 2893 2895 2765 2828 2894 2830 2764 2829
690 1 1 1 2765 2895 2897 2767 2830 2896 2832 2766 2831
691 1 1 1 2767 2897 2899 2769 2832 2898 2834 2768 2833
692 1 1 1 2769 2899 2901 2771 2834 2900 2836 2770 2835
693 1 1 1 2771 2901 2903 2773 2836 2902 2838 2772 2837
694 1 1 1 2773 2903 2905 2775 2838 2904 2840 2774 2839
695 1 1 1 2775 2905 2907 2777 2840 2906 2842 2776 2841
696 1 1 1 2777 2907 2909 2779 2842 2908 2844 2778 2843
697 1 1 1 2779 2909 2911 2781 2844 2910 2846 2780 2845
698 1 1 1 2781 2911 2913 2783 2846 2912 2848 2782 2847
699 1 1 1 2783 2913 2915 2785 2848 2914 2850 2784 2849
700 1 1 1 2785 2915 2917 2787 2850 2916 2852 2786 2851
701 1 1 1 2787 2917 2919 2789 2852 2918 2854 2788 2853
702 1 1 1 2789 2919 2921 2791 2854 2920 2856 2790 2855
703 1 1 1 2791 2921 2923 2793 2856 2922 2858 2792 2857
704 1 1 1 2793 2923 2925 2795 2858 2924 2860 2794 2859
705 1 1 1 2861 2991 2993 2863 2926 2992 2928 2862 2927
706 1 1 1 2863 2993 2995 2865 2928 2994 2930 2864 2929
707 1 1 1 2865 2995 2997 2867 2930 2996 2932 2866 2931
708 1 1 1 2867 2997 2999 2869 2932 2998 2934 2868 2933
709 1 1 1 2869 2999 3001 2871 2934 3000 2936 2870 2935
710 1 1 1 2871 3001 3003 2873 2936 3002 2938 2872 2937
711 1 1 1 2873 3003 3005 2875 2938 3004 2940 2874 2939
712 1 1 1 2875 3005 3007 2877 2940 3006 2942 2876 2941
713 1 1 1 2877 3007 3009 2879 2942 3008 2944 2878 2943
714 1 1 1 2879 3009 3011 2881 2944 3010 2946 2880 2945
715 1 1 1 2881 3011 3013 2883 2946 3012 2948 2882 2947
716 1 1 1 2883 3013 3015 2885 2948 3014 2950 2884 2949
717 1 1 1 2885 3015 3017 2887 2950 3016 2952 2886 2951
718 1 1 1 2887 3017 3019 2889 2952 3018 2954 2888 2953
719 1 1 1 2889 3019 3021 2891 2954 3020 2956 2890 2955
720 1 1 1 2891 3021 3023 2893 2956 3022 2958 2892 2957
721 1 1 1 2893 3023 3025 2895 2958 3024 2960 2894 2959
722 1 1 1 2895 3025 3027 2897 2960 3026 2962 2896 2961
723 1 1 1 2897 3027 3029 2899 2962 3028 2964 2898 2963
724 1 1 1 2899 3029 3031 2901 2964 3030 2966 2900 2965
725 1 1 1 2901 3031 3033 2903 2966 3032 2968 2902 2967
726 1 1 1 2903 3033 3035 2905 2968 3034 2970 2904 2969
727 1 1 1 2905 3035 3037 2907 2970 3036 2972 2906 2971
728 1 1 1 2907 3037 3039 2909 2972 3038 2974 2908 2973
729 1 1 1 2909 3039 3041 2911 2974 3040 2976 2910 2975
730 1 1 1 2911 3041 3043 2913 2976 3042 2978 2912 2977
731 1 1 1 2913 3043 3045 2915 2978 3044 2980 2914 2979
732 1 1 1 2915 3045 3047 2917 2980 3046 2982 2916 2981
733 1 1 1 2917 3047 3049 2919 2982 3048 2984 2918 2983
734 1 1 1 2919 3049 3051 2921 2984 3050 2986 2920 2985
735 1 1 1 2921 3051 3053 2923 2986 3052 2988 2922 2987
736 1 1 1 2923 3053 3055 2925 2988 3054 2990 2924 2989
737 1 1 1 2991 3121 3123 2993 3056 3122 3058 2992 3057
738 1 1 1 2993 3123 3125 2995 3058 3124 3060 2994 3059
739 1 1 1 2995 3125 3127 2997 3060 3126 3062 2996 3061
740 1 1 1 2997 3127 3129 2999 3062 3128 3064 2998 3063
741 1 1 1 2999 3129 3131 3001 3064 3130 3066 3000 3065
742 1 1 1 3001 3131 3133 3003 3066 3132 3068 3002 3067
743 1 1 1 3003 3133 3135 3005 3068 3134 3070 3004 3069
744 1 1 1 3005 3135 3137 3007 3070 3136 3072 3006 3071
745 1 1 1 3007 3137 3139 3009 3072 3138 3074 3008 3073
746 1 1 1 3009 3139 3141 3011 3074 3140 3076 3010 3075
747 1 1 1 3011 3141 3143 3013 3076 3142 3078 3012 3077
748 1 1 1 3013 3143 3145 3015 3078 3144 3080 3014 3079
749 1 1 1 3015 3145 3147 3017 3080 3146 3082 3016 3081
750 1 1 1 3017 3147 3149 3019 3082 3148 3084 3018 3083
751 1 1 1 3019 3149 3151 3021 3084 3150 3086 3020 3085
752 1 1 1 3021 3151 3153 3023 3086 3152 3088 3022 3087
753 1 1 1 3023 3153 3155 3025 3088 3154 3090 3024 3089
754 1 1 1 3025 3155 3157 3027 3090 3156 3092 3026 3091
755 1 1 1 3027 3157 3159 3029 3092 3158 3094 3028 3093
756 1 1 1 3029 3159 3161 3031 3094 3160 3096 3030 3095
757 1 1 1 3031 3161 3163 3033 3096 3162 3098 3032 3097
758 1 1 1 3033 3163 3165 3035 3098 3164 3100 3034 3099
759 1 1 1 3035 3165 3167 3037 3100 3166 3102 3036 3101
760 1 1 1 3037 3167 3169 3039 3102 3168 3104 3038 3103
761 1 1 1 3039 3169 3171 3041 3104 3170 3106 3040 3105
762 1 1 1 3041 3171 3173 3043 3106 3172 3108 3042 3107
763 1 1 1 3043 3173 3175 3045 3108 3174 3110 3044 3109
764 1 1 1 3045 3175 3177 3047 3110 3176 3112 3046 3111
765 1 1 1 3047 3177 3179 3049 3112 3178 3114 3048 3113
766 1 1 1 3049 3179 3181 3051 3114 3180 3116 3050 3115
767 1 1 1 3051 3181 3183 3053 3116 3182 3118 3052 3117
768 1 1 1 3053 3183 3185 3055 3118 3184 3120 3054 3119
769 1 1 1 3121 3251 3253 3123 3186 3252 3188 3122 3187
770 1 1 1 3123 3253 3255 3125 3188 3254 3190 3124 3189
771 1 1 1 3125 3255 3257 3127 3190 3256 3192 3126 3191
772 1 1 1 3127 3257 3259 3129 3192 3258 3194 3128 3193
773 1 1 1 3129 3259 3261 3131 3194 3260 3196 3130 3195
774 1 1 1 3131 3261 3263 3133 3196 3262 3198 3132 3197
775 1 1 1 3133 3263 3265 3135 3198 3264 3200 3134 3199
776 1 1 1 3135 3265 3267 3137 3200 3266 3202 3136 3201
777 1 1 1 3137 3267 3269 3139 3202 3268 3204 3138 3203
778 1 1 1 3139 3269 3271 3141 3204 3270 3206 3140 3205
779 1 1 1 3141 3271 3273 3143 3206 3272 3208 3142 3207
780 1 1 1 3143 3273 3275 3145 3208 3274 3210 3144 3209
781 1 1 1 3145 3275 3277 3147 3210 3276 3212 3146 3211
782 1 1 1 3147 3277 3279 3149 3212 3278 3214 3148 3213
783 1 1 1 3149 3279 3281 3151 3214 3280 3216 3150 3215
784 1 1 1 3151 3281 3283 3153 3216 3282 3218 3152 3217
785 1 1 1 3153 3283 3285 3155 3218 3284 3220 3154 3219
786 1 1 1 3155 3285 3287 3157 3220 3286 3222 3156 3221
787 1 1 1 3157 3287 3289 3159 3222 3288 3224 3158 3223
788 1 1 1 3159 3289 3291 3161 3224 3290 3226 3160 3225
789 1 1 1 3161 3291 3293 3163 3226 3292 3228 3162 3227
790 1 1 1 3163 3293 3295 3165 3228 3294 3230 3164 3229
791 1 1 1 3165 3295 3297 3167 3230 3296 3232 3166 3231
792 1 1 1 3167 3297 3299 3169 3232 3298 3234 3168 3233
793 1 1 1 3169 3299 3301 3171 3234 3300 3236 3170 3235
794 1 1 1 3171 3301 3303 3173 3236 3302 3238 3172 3237
795 1 1 1 3173 3303 3305 3175 3238 3304 3240 3174 3239
796 1 1 1 3175 3305 3307 3177 3240 3306 3242 3176 3241
797 1 1 1 3177 3307 3309 3179 3242 3308 3244 3178 3243
798 1 1 1 3179 3309 3311 3181 3244 3310 3246 3180 3245
799 1 1 1 3181 3311 3313 3183 3246 3312 3248 3182 3247
800 1 1 1 3183 3313 3315 3185 3248 3314 3250 3184 3249
801 1 1 1 3251 3381 3383 3253 3316 3382 3318 3252 3317
802 1 1 1 3253 3383 3385 3255 3318 3384 3320 3254 3319
803 1 1 1 3255 3385 3387 3257 3320 3386 3322 3256 3321
804 1 1 1 3257 3387 3389 3259 3322 3388 3324 3258 3323
805 1 1 1 3259 3389 3391 3261 3324 3390 3326 3260 3325
806 1 1 1 3261 3391 3393 3263 3326 3392 3328 3262 3327
807 1 1 1 3263 3393 3395 3265 3328 3394 3330 3264 3329
808 1 1 1 3265 3395 3397 3267 3330 3396 3332 3266 3331
809 1 1 1 3267 3397 3399 3269 3332 3398 3334 3268 3333
810 1 1 1 3269 3399 3401 3271 3334 3400 3336 3270 3335
811 1 1 1 3271 3401 3403 3273 3336 3402 3338 3272 3337
812 1 1 1 3273 3403 3405 3275 3338 3404 3340 3274 3339
813 1 1 1 3275 3405 3407 3277 3340 3406 3342 3276 3341
814 1 1 1 3277 3407 3409 3279 3342 3408 3344 3278 3343
815 1 1 1 3279 3409 3411 3281 3344 3410 3346 3280 3345
816 1 1 1 3281 3411 3413 3283 3346 3412 3348 3282 3347
817 1 1 1 3283 3413 3415 3285 3348 3414 3350 3284 3349
818 1 1 1 3285 3415 3417 3287 3350 3416 3352 3286 3351
819 1 1 1 3287 3417 3419 3289 3352 3418 3354 3288 3353
820 1 1 1 3289 3419 3421 3291 3354 3420 3356 3290 3355
821 1 1 1 3291 3421 3423 3293 3356 3422 3358 3292 3357
822 1 1 1 3293 3423 3425 3295 3358 3424 3360 3294 3359
823 1 1 1 3295 3425 3427 3297 3360 3426 3362 3296 3361
824 1 1 1 3297 3427 3429 3299 3362 3428 3364 3298 3363
825 1 1 1 3299 3429 3431 3301 3364 3430 3366 3300 3365
826 1 1 1 3301 3431 3433 3303 3366 3432 3368 3302 3367
827 1 1 1 3303 3433 3435 3305 3368 3434 3370 3304 3369
828 1 1 1 3305 3435 3437 3307 3370 3436 3372 3306 3371
829 1 1 1 3307 3437 3439 3309 3372 3438 3374 3308 3373
830 1 1 1 3309 3439 3441 3311 3374 3440 3376 3310 3375
831 1 1 1 3311 3441 3443 3313 3376 3442 3378 3312 3377
832 1 1 1 3313 3443 3445 3315 3378 3444 3380 3314 3379
833 1 1 1 3381 3511 3513 3383 3446 3512 3448 3382 3447
834 1 1 1 3383 3513 3515 3385 3448 3514 3450 3384 3449
835 1 1 1 3385 3515 3517 3387 3450 3516 3452 3386 3451
836 1 1 1 3387 3517 3519 3389 3452 3518 3454 3388 3453
837 1 1 1 3389 3519 3521 3391 3454 3520 3456 3390 3455
838 1 1 1 3391 3521 3523 3393 3456 3522 3458 3392 3457
839 1 1 1 3393 3523 3525 3395 3458 3524 3460 3394 3459
840 1 1 1 3395 3525 3527 3397 3460 3526 3462 3396 3461
841 1 1 1 3397 3527 3529 3399 3462 3528 3464 3398 3463
842 1 1 1 3399 3529 3531 3401 3464 3530 3466 3400 3465
843 1 1 1 3401 3531 3533 3403 3466 3532 3468 3402 3467
844 1 1 1 3403 3533 3535 3405 3468 3534 3470 3404 3469
845 1 1 1 3405 3535 3537 3407 3470 3536 3472 3406 3471
846 1 1 1 3407 3537 3539 3409 3472 3538 3474 3408 3473
847 1 1 1 3409 3539 3541 3411 3474 3540 3476 3410 3475
848 1 1 1 3411 3541 3543 3413 3476 3542 3478 3412 3477
849 1 1 1 3413 3543 3545 3415 3478 3544 3480 3414 3479
850 1 1 1 3415 3545 3547 3417 3480 3546 3482 3416 3481
851 1 1 1 3417 3547 3549 3419 3482 3548 3484 3418 3483
852 1 1 1 3419 3549 3551 3421 3484 3550 3486 3420 3485
853 1 1 1 3421 3551 3553 3423 3486 3552 3488 3422 3487
854 1 1 1 3423 3553 3555 3425 3488 3554 3490 3424 3489
855 1 1 1 3425 3555 3557 3427 3490 3556 3492 3426 3491
856 1 1 1 3427 3557 3559 3429 3492 3558 3494 3428 3493
857 1 1 1 3429 3559 3561 3431 3494 3560 3496 3430 3495
858 1 1 1 3431 3561 3563 3433 3496 3562 3498 3432 3497
859 1 1 1 3433 3563 3565 3435 3498 3564 3500 3434 3499
860 1 1 1 3435 3565 3567 3437 3500 3566 3502 3436 3501
861 1 1 1 3437 3567 3569 3439 3502 3568 3504 3438 3503
862 1 1 1 3439 3569 3571 3441 3504 3570 3506 3440 3505
863 1 1 1 3441 3571 3573 3443 3506 3572 3510 3442 3507
864 1 1 1 3443 3573 3575 3445 3510 3574 3508 3444 3509
865 1 1 1 3511 3705 3703 3513 3640 3704 3638 3512 3639
866 1 1 1 3513 3703 3701 3515 3638 3702 3636 3514 3637
867 1 1 1 3515 3701 3699 3517 3636 3700 3634 3516 3635
868 1 1 1 3517 3699 3697 3519 3634 3698 3632 3518 3633
869 1 1 1 3519 3697 3695 3521 3632 3696 3630 3520 3631
870 1 1 1 3521 3695 3693 3523 3630 3694 3628 3522 3629
871 1 1 1 3523 3693 3691 3525 3628 3692 3626 3524 3627
872 1 1 1 3525 3691 3689 3527 3626 3690 3624 3526 3625
873 1 1 1 3527 3689 3687 3529 3624 3688 3622 3528 3623
874 1 1 1 3529 3687 3685 3531 3622 3686 3620 3530 3621
875 1 1 1 3531 3685 3683 3533 3620 3684 3618 3532 3619
876 1 1 1 3533 3683 3681 3535 3618 3682 3616 3534 3617
877 1 1 1 3535 3681 3679 3537 3616 3680 3614 3536 3615
878 1 1 1 3537 3679 3677 3539 3614 3678 3612 3538 3613
879 1 1 1 3539 3677 3675 3541 3612 3676 3610 3540 3611
880 1 1 1 3541 3675 3673 3543 3610 3674 3608 3542 3609
881 1 1 1 3543 3673 3671 3545 3608 3672 3606 3544 3607
882 1 1 1 3545 3671 3669 3547 3606 3670 3604 3546 3605
883 1 1 1 3547 3669 3667 3549 3604 3668 3602 3548 3603
884 1 1 1 3549 3667 3665 3551 3602 3666 3600 3550 3601
885 1 1 1 3551 3665 3663 3553 3600 3664 3598 3552 3599
886 1 1 1 3553 3663 3661 3555 3598 3662 3596 3554 3597
887 1 1 1 3555 3661 3659 3557 3596 3660 3594 3556 3595
888 1 1 1 3557 3659 3657 3559 3594 3658 3592 3558 3593
889 1 1 1 3559 3657 3655 3561 3592 3656 3590 3560 3591
890 1 1 1 3561 3655 3653 3563 3590 3654 3588 3562 3589
891 1 1 1 3563 3653 3651 3565 3588 3652 3586 3564 3587
892 1 1 1 3565 3651 3649 3567 3586 3650 3584 3566 3585
893 1 1 1 3567 3649 3647 3569 3584 3648 3582 3568 3583
894 1 1 1 3569 3647 3645 3571 3582 3646 3580 3570 3581
895 1 1 1 3571 3645 3643 3573 3580 3644 3578 3572 3579
896 1 1 1 3573 3643 3641 3575 3578 3642 3576 3574 3577
897 1 1 1 3705 3835 3833 3703 3770 3834 3768 3704 3769
898 1 1 1 3703 3833 3831 3701 3768 3832 3766 3702 3767
899 1 1 1 3701 3831 3829 3699 3766 3830 3764 3700 3765
900 1 1 1 3699 3829 3827 3697 3764 3828 3762 3698 3763
901 1 1 1 3697 3827 3825 3695 3762 3826 3760 3696 3761
902 1 1 1 3695 3825 3823 3693 3760 3824 3758 3694 3759
903 1 1 1 3693 3823 3821 3691 3758 3822 3756 3692 3757
904 1 1 1 3691 3821 3819 3689 3756 3820 3754 3690 3755
905 1 1 1 3689 3819 3817 3687 3754 3818 3752 3688 3753
906 1 1 1 3687 3817 3815 3685 3752 3816 3750 3686 3751
907 1 1 1 3685 3815 3813 3683 3750 3814 3748 3684 3749
908 1 1 1 3683 3813 3811 3681 3748 3812 3746 3682 3747
909 1 1 1 3681 3811 3809 3679 3746 3810 3744 3680 3745
910 1 1 1 3679 3809 3807 3677 3744 3808 3742 3678 3743
911 1 1 1 3677 3807 3805 3675 3742 3806 3740 3676 3741
912 1 1 1 3675 3805 3803 3673 3740 3804 3738 3674 3739
913 1 1 1 3673 3803 3801 3671 3738 3802 3736 3672 3737
914 1 1 1 3671 3801 3799 3669 3736 3800 3734 3670 3735
915 1 1 1 3669 3799 3797 3667 3734 3798 3732 3668 3733
916 1 1 1 3667 3797 3795 3665 3732 3796 3730 3666 3731
917 1 1 1 3665 3795 3793 3663 3730 3794 3728 3664 3729
918 1 1 1 3663 3793 3791 3661 3728 3792 3726 3662 3727
919 1 1 1 3661 3791 3789 3659 3726 3790 3724 3660 3725
920 1 1 1 3659 3789 3787 3657 3724 3788 3722 3658 3723
921 1 1 1 3657 3787 3785 3655 3722 3786 3720 3656 3721
922 1 1 1 3655 3785 3783 3653 3720 3784 3718 3654 3719
923 1 1 1 3653 3783 3781 3651 3718 3782 3716 3652 3717
924 1 1 1 3651 3781 3779 3649 3716 3780 3714 3650 3715
925 1 1 1 3649 3779 3777 3647 3714 3778 3712 3648 3713
926 1 1 1 3647 3777 3775 3645 3712 3776 3710 3646 3711
927 1 1 1 3645 3775 3773 3643 3710 3774 3708 3644 3709
928 1 1 1 3643 3773 3771 3641 3708 3772 3706 3642 3707
929 1 1 1 3835 3965 3963 3833 3900 3964 3898 3834 3899
930 1 1 1 3833 3963 3961 3831 3898 3962 3896 3832 3897
931 1 1 1 3831 3961 3959 3829 3896 3960 3894 3830 3895
932 1 1 1 3829 3959 3957 3827 3894 3958 3892 3828 3893
933 1 1 1 3827 3957 3955 3825 3892 3956 3890 3826 3891
934 1 1 1 3825 3955 3953 3823 3890 3954 3888 3824 3889
935 1 1 1 3823 3953 3951 3821 3888 3952 3886 3822 3887
936 1 1 1 3821 3951 3949 3819 3886 3950 3884 3820 3885
937 1 1 1 3819 3949 3947 3817 3884 3948 3882 3818 3883
938 1 1 1 3817 3947 3945 3815 3882 3946 3880 3816 3881
939 1 1 1 3815 3945 3943 3813 3880 3944 3878 3814 3879
940 1 1 1 3813 3943 3941 3811 3878 3942 3876 3812 3877
941 1 1 1 3811 3941 3939 3809 3876 3940 3874 3810 3875
942 1 1 1 3809 3939 3937 3807 3874 3938 3872 3808 3873
943 1 1 1 3807 3937 3935 3805 3872 3936 3870 3806 3871
944 1 1 1 3805 3935 3933 3803 3870 3934 3868 3804 3869
945 1 1 1 3803 3933 3931 3801 3868 3932 3866 3802 3867
946 1 1 1 3801 3931 3929 3799 3866 3930 3864 3800 3865
947 1 1 1 3799 3929 3927 3797 3864 3928 3862 3798 3863
948 1 1 1 3797 3927 3925 3795 3862 3926 3860 3796 3861
949 1 1 1 3795 3925 3923 3793 3860 3924 3858 3794 3859
950 1 1 1 3793 3923 3921 3791 3858 3922 3856 3792 3857
951 1 1 1 3791 3921 3919 3789 3856 3920 3854 3790 3855
952 1 1 1 3789 3919 3917 3787 3854 3918 3852 3788 3853
953 1 1 1 3787 3917 3915 3785 3852 3916 3850 3786 3851
954 1 1 1 3785 3915 3913 3783 3850 3914 3848 3784 3849
955 1 1 1 3783 3913 3911 3781 3848 3912 3846 3782 3847
956 1 1 1 3781 3911 3909 3779 3846 3910 3844 3780 3845
957 1 1 1 3779 3909 3907 3777 3844 3908 3842 3778 3843
958 1 1 1 3777 3907 3905 3775 3842 3906 3840 3776 3841
959 1 1 1 3775 3905 3903 3773 3840 3904 3838 3774 3839
960 1 1 1 3773 3903 3901 3771 3838 3902 3836 3772 3837
961 1 1 1 3965 4095 4093 3963 4030 4094 4028 3964 4029
962 1 1 1 3963 4093 4091 3961 4028 4092 4026 3962 4027
963 1 1 1 3961 4091 4089 3959 4026 4090 4024 3960 4025
964 1 1 1 3959 4089 4087 3957 4024 4088 4022 3958 4023
965 1 1 1 3957 4087 4085 3955 4022 4086 4020 3956 4021
966 1 1 1 3955 4085 4083 3953 4020 4084 4018 3954 4019
967 1 1 1 3953 4083 4081 3951 4018 4082 4016 3952 4017
968 1 1 1 3951 4081 4079 3949 4016 4080 4014 3950 4015
969 1 1 1 3949 4079 4077 3947 4014 4078 4012 3948 4013
970 1 1 1 3947 4077 4075 3945 4012 4076 4010 3946 4011
971 1 1 1 3945 4075 4073 3943 4010 4074 4008 3944 4009
972 1 1 1 3943 4073 4071 3941 4008 4072 4006 3942 4007
973 1 1 1 3941 4071 4069 3939 4006 4070 4004 3940 4005
974 1 1 1 3939 4069 4067 3937 4004 4068 4002 3938 4003
975 1 1 1 3937 4067 4065 3935 4002 4066 4000 3936 4001
976 1 1 1 3935 4065 4063 3933 4000 4064 3998 3934 3999
977 1 1 1 3933 4063 4061 3931 3998 4062 3996 3932 3997
978 1 1 1 3931 4061 4059 3929 3996 4060 3994 3930 3995
979 1 1 1 3929 4059 4057 3927 3994 4058 3992 3928 3993
980 1 1 1 3927 4057 4055 3925 3992 4056 3990 3926 3991
981 1 1 1 3925 4055 4053 3923 3990 4054 3988 3924 3989
982 1 1 1 3923 4053 4051 3921 3988 4052 3986 3922 3987
983 1 1 1 3921 4051 4049 3919 3986 4050 3984 3920 3985
984 1 1 1 3919 4049 4047 3917 3984 4048 3982 3918 3983
985 1 1 1 3917 4047 4045 3915 3982 4046 3980 3916 3981
986 1 1 1 3915 4045 4043 3913 3980 4044 3978 3914 3979
987 1 1 1 3913 4043 4041 3911 3978 4042 3976 3912 3977
988 1 1 1 3911 4041 4039 3909 3976 4040 3974 3910 3975
989 1 1 1 3909 4039 4037 3907 3974 4038 3972 3908 3973
990 1 1 1 3907 4037 4035 3905 3972 4036 3970 3906 3971
991 1 1 1 3905 4035 4033 3903 3970 4034 3968 3904 3969
992 1 1 1 3903 4033 4031 3901 3968 4032 3966 3902 3967
993 1 1 1 4095 4161 4163 4093 4160 4194 4158 4094 4159
994 1 1 1 4093 4163 4164 4091 4158 4195 4156 4092 4157
995 1 1 1 4091 4164 4165 4089 4156 4196 4154 4090 4155
996 1 1 1 4089 4165 4166 4087 4154 4197 4152 4088 4153
997 1 1 1 4087 4166 4167 4085 4152 4198 4150 4086 4151
998 1 1 1 4085 4167 4168 4083 4150 4199 4148 4084 4149
999 1 1 1 4083 4168 4169 4081 4148 4200 4146 4082 4147
1000 1 1 1 4081 4169 4170 4079 4146 4201 4144 4080 4145
1001 1 1 1 4079 4170 4171 4077 4144 4202 4142 4078 4143
1002 1 1 1 4077 4171 4172 4075 4142 4203 4140 4076 4141
1003 1 1 1 4075 4172 4173 4073 4140 4204 4138 4074 4139
1004 1 1 1 4073 4173 4174 4071 4138 4205 4136 4072 4137
1005 1 1 1 4071 4174 4175 4069 4136 4206 4134 4070 4135
1006 1 1 1 4069 4175 4176 4067 4134 4207 4132 4068 4133
1007 1 1 1 4067 4176 4177 4065 4132 4208 4130 4066 4131
1008 1 1 1 4065 4177 4178 4063 4130 4209 4128 4064 4129
1009 1 1 1 4063 4178 4179 4061 4128 4210 4126 4062 4127
1010 1 1 1 4061 4179 4180 4059 4126 4211 4124 4060 4125
1011 1 1 1 4059 4180 4181 4057 4124 4212 4122 4058 4123
1012 1 1 1 4057 4181 4182 4055 4122 4213 4120 4056 4121
1013 1 1 1 4055 4182 4183 4053 4120 4214 4118 4054 4119
1014 1 1 1 4053 4183 4184 4051 4118 4215 4116 4052 4117
1015 1 1 1 4051 4184 4185 4049 4116 4216 4114 4050 4115
1016 1 1 1 4049 4185 4186 4047 4114 4217 4112 4048 4113
1017 1 1 1 4047 4186 4187 4045 4112 4218 4110 4046 4111
1018 1 1 1 4045 4187 4188 4043 4110 4219 4108 4044 4109
1019 1 1 1 4043 4188 4189 4041 4108 4220 4106 4042 4107
1020 1 1 1 4041 4189 4190 4039 4106 4221 4104 4040 4105
1021 1 1 1 4039 4190 4191 4037 4104 4222 4102 4038 4103
1022 1 1 1 4037 4191 4192 4035 4102 4223 4100 4036 4101
1023 1 1 1 4035 4192 4193 4033 4100 4224 4098 4034 4099
1024 1 1 1 4033 4193 4162 4031 4098 4225 4096 4032 4097
