1 1 1 1 1 35 37 9 18 36 20 17 19
2 1 1 1 9 37 39 8 20 38 22 16 21
3 1 1 1 8 39 41 7 22 40 24 15 23
4 1 1 1 7 41 43 6 24 42 26 14 25
5 1 1 1 6 43 45 5 26 44 28 13 27
6 1 1 1 5 45 47 4 28 46 30 12 29
7 1 1 1 4 47 49 3 30 48 32 11 31
8 1 1 1 3 49 51 2 32 50 34 10 33
9 1 1 1 35 69 71 37 52 70 54 36 53
10 1 1 1 37 71 73 39 54 72 56 38 55
11 1 1 1 39 73 75 41 56 74 58 40 57
12 1 1 1 41 75 77 43 58 76 60 42 59
13 1 1 1 43 77 79 45 60 78 62 44 61
14 1 1 1 45 79 81 47 62 80 64 46 63
15 1 1 1 47 81 83 49 64 82 66 48 65
16 1 1 1 49 83 85 51 66 84 68 50 67
17 1 1 1 69 103 105 71 86 104 88 70 87
18 1 1 1 71 105 107 73 88 106 90 72 89
19 1 1 1 73 107 109 75 90 108 92 74 91
20 1 1 1 75 109 111 77 92 110 94 76 93
21 1 1 1 77 111 113 79 94 112 96 78 95
22 1 1 1 79 113 115 81 96 114 98 80 97
23 1 1 1 81 115 117 83 98 116 100 82 99
24 1 1 1 83 117 119 85 100 118 102 84 101
25 1 1 1 103 137 139 105 120 138 122 104 121
26 1 1 1 105 139 141 107 122 140 124 106 123
27 1 1 1 107 141 143 109 124 142 126 108 125
28 1 1 1 109 143 145 111 126 144 128 110 127
29 1 1 1 111 145 147 113 128 146 130 112 129
30 1 1 1 113 147 149 115 130 148 132 114 131
31 1 1 1 115 149 151 117 132 150 134 116 133
32 1 1 1 117 151 153 119 134 152 136 118 135
33 1 1 1 137 171 173 139 154 172 156 138 155
34 1 1 1 139 173 175 141 156 174 158 140 157
35 1 1 1 141 175 177 143 158 176 160 142 159
36 1 1 1 143 177 179 145 160 178 162 144 161
37 1 1 1 145 179 181 147 162 180 164 146 163
38 1 1 1 147 181 183 149 164 182 166 148 165
39 1 1 1 149 183 185 151 166 184 168 150 167
40 1 1 1 151 185 187 153 168 186 170 152 169
41 1 1 1 171 205 207 173 188 206 190 172 189
42 1 1 1 173 207 209 175 190 208 192 174 191
43 1 1 1 175 209 211 177 192 210 194 176 193
44 1 1 1 177 211 213 179 194 212 196 178 195
45 1 1 1 179 213 215 181 196 214 198 180 197
46 1 1 1 181 215 217 183 198 216 200 182 199
47 1 1 1 183 217 219 185 200 218 202 184 201
48 1 1 1 185 219 221 187 202 220 204 186 203
49 1 1 1 205 255 253 207 222 254 224 206 223
50 1 1 1 207 253 251 209 224 252 226 208 225
51 1 1 1 209 251 249 211 226 250 228 210 227
52 1 1 1 211 249 247 213 228 248 230 212 229
53 1 1 1 213 247 245 215 230 246 232 214 231
54 1 1 1 215 245 243 217 232 244 234 216 233
55 1 1 1 217 243 241 219 234 242 236 218 235
56 1 1 1 219 241 239 221 236 240 238 220 237
57 1 1 1 255 273 275 253 272 282 270 254 271
58 1 1 1 253 275 276 251 270 283 268 252 269
59 1 1 1 251 276 277 249 268 284 266 250 267
60 1 1 1 249 277 278 247 266 285 264 248 265
61 1 1 1 247 278 279 245 264 286 262 246 263
62 1 1 1 245 279 280 243 262 287 260 244 261
63 1 1 1 243 280 281 241 260 288 258 242 259
64 1 1 1 241 281 274 239 258 289 256 240 257
