1 0 0 0
2 0 1 0
3 0 0.8 0
4 0 0.600000000001387 0
5 0 0.400000000001665 0
6 0 0.200000000000833 0
7 0.199999999999557 0 0
8 0.199999999999812 0.200000000000577 0
9 0.200000000000067 0.400000000001127 0
10 0.200000000000322 0.600000000000899 0
11 0.200000000000577 0.799999999999895 0
12 0.200000000000833 1 0
13 0.399999999998973 0 0
14 0.399999999999512 0.200000000000322 0
15 0.40000000000005 0.400000000000588 0
16 0.400000000000588 0.60000000000041 0
17 0.400000000001127 0.799999999999789 0
18 0.400000000001665 1 0
19 0.599999999998945 0 0
20 0.599999999999434 0.200000000000067 0
21 0.599999999999922 0.40000000000005 0
22 0.600000000000411 0.599999999999922 0
23 0.600000000000899 0.799999999999683 0
24 0.600000000001387 1 0
25 0.799999999999472 0 0
26 0.799999999999578 0.199999999999812 0
27 0.799999999999683 0.399999999999512 0
28 0.799999999999789 0.599999999999434 0
29 0.799999999999895 0.799999999999578 0
30 0.8 1 0
31 1 0 0
32 1 1 0
33 1 0.199999999999557 0
34 1 0.399999999998973 0
35 1 0.599999999998945 0
36 1 0.799999999999472 0
