1 0 0 0
2 0 1 0
3 0 0.874999999999501 0
4 0 0.750000000000347 0
5 0 0.625000000001214 0
6 0 0.500000000002059 0
7 0 0.375000000001561 0
8 0 0.250000000001041 0
9 0 0.12500000000052 0
10 0 0.958333333333112 0
11 0 0.91666666666629 0
12 0 0.833333333333128 0
13 0 0.79166666666672 0
14 0 0.708333333333923 0
15 0 0.666666666667581 0
16 0 0.583333333334812 0
17 0 0.54166666666845 0
18 0 0.458333333335227 0
19 0 0.416666666668394 0
20 0 0.333333333334721 0
21 0 0.29166666666788 0
22 0 0.208333333334201 0
23 0 0.16666666666736 0
24 0 0.0833333333336802 0
25 0 0.0416666666668402 0
26 0.041666666666584 0 0
27 0.0416666666665967 0.0416666666668298 0
28 0.0416666666666095 0.0833333333336594 0
29 0.0416666666666222 0.125000000000489 0
30 0.0416666666666326 0.166666666667317 0
31 0.0416666666666429 0.208333333334145 0
32 0.0416666666666533 0.250000000000973 0
33 0.0416666666666637 0.2916666666678 0
34 0.041666666666674 0.333333333334628 0
35 0.0416666666666844 0.375000000001456 0
36 0.0416666666666948 0.416666666668277 0
37 0.0416666666667052 0.458333333335098 0
38 0.0416666666667156 0.500000000001919 0
39 0.041666666666726 0.541666666668324 0
40 0.0416666666667363 0.58333333333471 0
41 0.0416666666667467 0.625000000001122 0
42 0.0416666666667571 0.66666666666751 0
43 0.0416666666667674 0.70833333333388 0
44 0.0416666666667778 0.750000000000305 0
45 0.0416666666667882 0.791666666666699 0
46 0.0416666666667986 0.833333333333115 0
47 0.041666666666809 0.874999999999508 0
48 0.0416666666668193 0.916666666666309 0
49 0.0416666666668298 0.958333333333133 0
50 0.0416666666668402 1 0
51 0.0833333333331713 0 0
52 0.0833333333331957 0.0416666666668193 0
53 0.08333333333322 0.0833333333336387 0
54 0.0833333333332444 0.125000000000458 0
55 0.0833333333332651 0.166666666667274 0
56 0.0833333333332859 0.208333333334089 0
57 0.0833333333333066 0.250000000000905 0
58 0.0833333333333274 0.29166666666772 0
59 0.0833333333333481 0.333333333334536 0
60 0.0833333333333689 0.375000000001351 0
61 0.0833333333333896 0.41666666666816 0
62 0.0833333333334104 0.45833333333497 0
63 0.0833333333334312 0.500000000001779 0
64 0.0833333333334519 0.541666666668198 0
65 0.0833333333334726 0.583333333334608 0
66 0.0833333333334934 0.62500000000103 0
67 0.0833333333335141 0.666666666667438 0
68 0.0833333333335349 0.708333333333837 0
69 0.0833333333335556 0.750000000000263 0
70 0.0833333333335764 0.791666666666677 0
71 0.0833333333335972 0.833333333333102 0
72 0.0833333333336179 0.874999999999515 0
73 0.0833333333336387 0.916666666666329 0
74 0.0833333333336594 0.958333333333154 0
75 0.0833333333336802 1 0
76 0.124999999999773 0 0
77 0.124999999999804 0.041666666666809 0
78 0.124999999999835 0.0833333333336179 0
79 0.124999999999866 0.125000000000427 0
80 0.124999999999898 0.16666666666723 0
81 0.124999999999929 0.208333333334034 0
82 0.12499999999996 0.250000000000837 0
83 0.124999999999991 0.29166666666764 0
84 0.125000000000022 0.333333333334443 0
85 0.125000000000053 0.375000000001247 0
86 0.125000000000084 0.416666666668044 0
87 0.125000000000116 0.458333333334841 0
88 0.125000000000147 0.500000000001639 0
89 0.125000000000178 0.541666666668072 0
90 0.125000000000209 0.583333333334505 0
91 0.12500000000024 0.625000000000939 0
92 0.125000000000271 0.666666666667366 0
93 0.125000000000302 0.708333333333794 0
94 0.125000000000334 0.750000000000221 0
95 0.125000000000365 0.791666666666655 0
96 0.125000000000396 0.833333333333089 0
97 0.125000000000427 0.874999999999522 0
98 0.125000000000458 0.916666666666348 0
99 0.125000000000489 0.958333333333174 0
100 0.12500000000052 1 0
101 0.166666666666319 0 0
102 0.166666666666362 0.0416666666667986 0
103 0.166666666666406 0.0833333333335972 0
104 0.166666666666449 0.125000000000396 0
105 0.166666666666493 0.166666666667187 0
106 0.166666666666536 0.208333333333978 0
107 0.166666666666579 0.250000000000769 0
108 0.166666666666623 0.29166666666756 0
109 0.166666666666666 0.333333333334351 0
110 0.16666666666671 0.375000000001142 0
111 0.166666666666753 0.416666666667927 0
112 0.166666666666796 0.458333333334713 0
113 0.16666666666684 0.500000000001498 0
114 0.166666666666883 0.541666666667948 0
115 0.166666666666927 0.583333333334397 0
116 0.16666666666697 0.625000000000847 0
117 0.166666666667013 0.666666666667291 0
118 0.166666666667057 0.708333333333735 0
119 0.1666666666671 0.750000000000179 0
120 0.166666666667143 0.791666666666629 0
121 0.166666666667187 0.833333333333079 0
122 0.16666666666723 0.874999999999529 0
123 0.166666666667274 0.916666666666353 0
124 0.166666666667317 0.958333333333176 0
125 0.16666666666736 1 0
126 0.208333333332865 0 0
127 0.208333333332921 0.0416666666667882 0
128 0.208333333332976 0.0833333333335764 0
129 0.208333333333032 0.125000000000365 0
130 0.208333333333088 0.166666666667143 0
131 0.208333333333143 0.208333333333922 0
132 0.208333333333199 0.250000000000701 0
133 0.208333333333254 0.29166666666748 0
134 0.20833333333331 0.333333333334258 0
135 0.208333333333366 0.375000000001037 0
136 0.208333333333421 0.416666666667811 0
137 0.208333333333477 0.458333333334584 0
138 0.208333333333533 0.500000000001358 0
139 0.208333333333588 0.541666666667824 0
140 0.208333333333644 0.583333333334289 0
141 0.2083333333337 0.625000000000755 0
142 0.208333333333755 0.666666666667216 0
143 0.208333333333811 0.708333333333677 0
144 0.208333333333867 0.750000000000137 0
145 0.208333333333922 0.791666666666604 0
146 0.208333333333978 0.83333333333307 0
147 0.208333333334034 0.874999999999536 0
148 0.208333333334089 0.916666666666358 0
149 0.208333333334145 0.958333333333179 0
150 0.208333333334201 1 0
151 0.249999999999411 0 0
152 0.249999999999479 0.0416666666667778 0
153 0.249999999999547 0.0833333333335557 0
154 0.249999999999615 0.125000000000334 0
155 0.249999999999683 0.1666666666671 0
156 0.24999999999975 0.208333333333867 0
157 0.249999999999818 0.250000000000633 0
158 0.249999999999886 0.291666666667399 0
159 0.249999999999954 0.333333333334166 0
160 0.250000000000022 0.375000000000932 0
161 0.25000000000009 0.416666666667694 0
162 0.250000000000158 0.458333333334456 0
163 0.250000000000226 0.500000000001218 0
164 0.250000000000294 0.541666666667699 0
165 0.250000000000361 0.583333333334181 0
166 0.250000000000429 0.625000000000663 0
167 0.250000000000497 0.666666666667141 0
168 0.250000000000565 0.708333333333618 0
169 0.250000000000633 0.750000000000095 0
170 0.250000000000701 0.791666666666578 0
171 0.250000000000769 0.833333333333061 0
172 0.250000000000837 0.874999999999543 0
173 0.250000000000905 0.916666666666362 0
174 0.250000000000973 0.958333333333181 0
175 0.250000000001041 1 0
176 0.291666666665956 0 0
177 0.291666666666036 0.0416666666667674 0
178 0.291666666666116 0.0833333333335349 0
179 0.291666666666197 0.125000000000302 0
180 0.291666666666277 0.166666666667057 0
181 0.291666666666357 0.208333333333811 0
182 0.291666666666437 0.250000000000565 0
183 0.291666666666517 0.291666666667319 0
184 0.291666666666598 0.333333333334073 0
185 0.291666666666678 0.375000000000827 0
186 0.291666666666758 0.416666666667577 0
187 0.291666666666838 0.458333333334327 0
188 0.291666666666918 0.500000000001077 0
189 0.291666666666999 0.541666666667575 0
190 0.291666666667079 0.583333333334073 0
191 0.291666666667159 0.625000000000571 0
192 0.291666666667239 0.666666666667066 0
193 0.291666666667319 0.708333333333559 0
194 0.291666666667399 0.750000000000054 0
195 0.29166666666748 0.791666666666552 0
196 0.29166666666756 0.833333333333052 0
197 0.29166666666764 0.87499999999955 0
198 0.29166666666772 0.916666666666367 0
199 0.2916666666678 0.958333333333183 0
200 0.29166666666788 1 0
201 0.333333333332501 0 0
202 0.333333333332594 0.0416666666667571 0
203 0.333333333332686 0.0833333333335141 0
204 0.333333333332778 0.125000000000271 0
205 0.333333333332871 0.166666666667013 0
206 0.333333333332963 0.208333333333755 0
207 0.333333333333056 0.250000000000497 0
208 0.333333333333148 0.291666666667239 0
209 0.333333333333241 0.333333333333981 0
210 0.333333333333333 0.375000000000723 0
211 0.333333333333426 0.416666666667461 0
212 0.333333333333518 0.458333333334199 0
213 0.333333333333611 0.500000000000937 0
214 0.333333333333703 0.541666666667451 0
215 0.333333333333796 0.583333333333965 0
216 0.333333333333888 0.62500000000048 0
217 0.333333333333981 0.66666666666699 0
218 0.333333333334073 0.708333333333501 0
219 0.333333333334166 0.750000000000012 0
220 0.333333333334258 0.791666666666527 0
221 0.333333333334351 0.833333333333042 0
222 0.333333333334443 0.874999999999558 0
223 0.333333333334536 0.916666666666372 0
224 0.333333333334628 0.958333333333186 0
225 0.333333333334721 1 0
226 0.374999999999046 0 0
227 0.374999999999151 0.0416666666667467 0
228 0.374999999999256 0.0833333333334934 0
229 0.37499999999936 0.12500000000024 0
230 0.374999999999465 0.16666666666697 0
231 0.37499999999957 0.2083333333337 0
232 0.374999999999675 0.250000000000429 0
233 0.37499999999978 0.291666666667159 0
234 0.374999999999884 0.333333333333888 0
235 0.374999999999989 0.375000000000618 0
236 0.375000000000094 0.416666666667344 0
237 0.375000000000199 0.45833333333407 0
238 0.375000000000303 0.500000000000797 0
239 0.375000000000408 0.541666666667327 0
240 0.375000000000513 0.583333333333858 0
241 0.375000000000618 0.625000000000388 0
242 0.375000000000723 0.666666666666915 0
243 0.375000000000827 0.708333333333442 0
244 0.375000000000932 0.74999999999997 0
245 0.375000000001037 0.791666666666501 0
246 0.375000000001142 0.833333333333033 0
247 0.375000000001247 0.874999999999565 0
248 0.375000000001351 0.916666666666376 0
249 0.375000000001456 0.958333333333188 0
250 0.375000000001561 1 0
251 0.416666666665595 0 0
252 0.416666666665711 0.0416666666667363 0
253 0.416666666665828 0.0833333333334726 0
254 0.416666666665945 0.125000000000209 0
255 0.416666666666061 0.166666666666927 0
256 0.416666666666178 0.208333333333644 0
257 0.416666666666294 0.250000000000361 0
258 0.416666666666411 0.291666666667079 0
259 0.416666666666528 0.333333333333796 0
260 0.416666666666644 0.375000000000513 0
261 0.416666666666761 0.416666666667228 0
262 0.416666666666878 0.458333333333942 0
263 0.416666666666994 0.500000000000656 0
264 0.416666666667111 0.541666666667203 0
265 0.416666666667228 0.58333333333375 0
266 0.416666666667344 0.625000000000296 0
267 0.416666666667461 0.66666666666684 0
268 0.416666666667577 0.708333333333384 0
269 0.416666666667694 0.749999999999928 0
270 0.416666666667811 0.791666666666476 0
271 0.416666666667927 0.833333333333024 0
272 0.416666666668044 0.874999999999572 0
273 0.41666666666816 0.916666666666381 0
274 0.416666666668277 0.958333333333191 0
275 0.416666666668394 1 0
276 0.458333333332143 0 0
277 0.458333333332272 0.0416666666667259 0
278 0.4583333333324 0.0833333333334519 0
279 0.458333333332529 0.125000000000178 0
280 0.458333333332657 0.166666666666883 0
281 0.458333333332786 0.208333333333588 0
282 0.458333333332914 0.250000000000294 0
283 0.458333333333043 0.291666666666998 0
284 0.458333333333171 0.333333333333703 0
285 0.4583333333333 0.375000000000408 0
286 0.458333333333428 0.416666666667111 0
287 0.458333333333557 0.458333333333813 0
288 0.458333333333685 0.500000000000516 0
289 0.458333333333813 0.541666666667079 0
290 0.458333333333942 0.583333333333641 0
291 0.45833333333407 0.625000000000204 0
292 0.458333333334199 0.666666666666765 0
293 0.458333333334327 0.708333333333325 0
294 0.458333333334456 0.749999999999886 0
295 0.458333333334584 0.79166666666645 0
296 0.458333333334713 0.833333333333014 0
297 0.458333333334841 0.874999999999579 0
298 0.45833333333497 0.916666666666386 0
299 0.458333333335098 0.958333333333193 0
300 0.458333333335227 1 0
301 0.499999999998692 0 0
302 0.499999999998832 0.0416666666667156 0
303 0.499999999998973 0.0833333333334311 0
304 0.499999999999113 0.125000000000147 0
305 0.499999999999253 0.16666666666684 0
306 0.499999999999394 0.208333333333533 0
307 0.499999999999534 0.250000000000226 0
308 0.499999999999674 0.291666666666918 0
309 0.499999999999814 0.333333333333611 0
310 0.499999999999955 0.375000000000303 0
311 0.500000000000095 0.416666666666994 0
312 0.500000000000235 0.458333333333685 0
313 0.500000000000376 0.500000000000376 0
314 0.500000000000516 0.541666666666955 0
315 0.500000000000656 0.583333333333534 0
316 0.500000000000797 0.625000000000113 0
317 0.500000000000937 0.66666666666669 0
318 0.500000000001077 0.708333333333267 0
319 0.500000000001218 0.749999999999844 0
320 0.500000000001358 0.791666666666424 0
321 0.500000000001498 0.833333333333005 0
322 0.500000000001638 0.874999999999586 0
323 0.500000000001779 0.91666666666639 0
324 0.500000000001919 0.958333333333195 0
325 0.500000000002059 1 0
326 0.541666666665465 0 0
327 0.541666666665589 0.0416666666667052 0
328 0.541666666665713 0.0833333333334104 0
329 0.541666666665838 0.125000000000116 0
330 0.541666666665962 0.166666666666796 0
331 0.541666666666086 0.208333333333477 0
332 0.54166666666621 0.250000000000158 0
333 0.541666666666334 0.291666666666838 0
334 0.541666666666458 0.333333333333518 0
335 0.541666666666582 0.375000000000199 0
336 0.541666666666706 0.416666666666878 0
337 0.54166666666683 0.458333333333557 0
338 0.541666666666955 0.500000000000235 0
339 0.541666666667079 0.541666666666831 0
340 0.541666666667203 0.583333333333426 0
341 0.541666666667327 0.625000000000021 0
342 0.541666666667451 0.666666666666614 0
343 0.541666666667575 0.708333333333208 0
344 0.5416666666677 0.749999999999802 0
345 0.541666666667824 0.791666666666399 0
346 0.541666666667948 0.833333333332996 0
347 0.541666666668072 0.874999999999593 0
348 0.541666666668198 0.916666666666395 0
349 0.541666666668324 0.958333333333198 0
350 0.54166666666845 1 0
351 0.583333333332238 0 0
352 0.583333333332346 0.0416666666666948 0
353 0.583333333332454 0.0833333333333896 0
354 0.583333333332562 0.125000000000084 0
355 0.58333333333267 0.166666666666753 0
356 0.583333333332778 0.208333333333421 0
357 0.583333333332886 0.25000000000009 0
358 0.583333333332994 0.291666666666758 0
359 0.583333333333102 0.333333333333426 0
360 0.58333333333321 0.375000000000094 0
361 0.583333333333318 0.416666666666761 0
362 0.583333333333426 0.458333333333428 0
363 0.583333333333534 0.500000000000095 0
364 0.583333333333642 0.541666666666706 0
365 0.583333333333749 0.583333333333318 0
366 0.583333333333857 0.624999999999929 0
367 0.583333333333965 0.666666666666539 0
368 0.583333333334073 0.70833333333315 0
369 0.583333333334181 0.74999999999976 0
370 0.583333333334289 0.791666666666373 0
371 0.583333333334397 0.833333333332986 0
372 0.583333333334505 0.8749999999996 0
373 0.583333333334608 0.9166666666664 0
374 0.58333333333471 0.9583333333332 0
375 0.583333333334812 1 0
376 0.624999999999011 0 0
377 0.624999999999103 0.0416666666666844 0
378 0.624999999999195 0.0833333333333689 0
379 0.624999999999286 0.125000000000053 0
380 0.624999999999378 0.16666666666671 0
381 0.62499999999947 0.208333333333366 0
382 0.624999999999562 0.250000000000022 0
383 0.624999999999653 0.291666666666678 0
384 0.624999999999745 0.333333333333333 0
385 0.624999999999837 0.374999999999989 0
386 0.624999999999929 0.416666666666644 0
387 0.625000000000021 0.4583333333333 0
388 0.625000000000113 0.499999999999955 0
389 0.625000000000204 0.541666666666582 0
390 0.625000000000296 0.58333333333321 0
391 0.625000000000388 0.624999999999837 0
392 0.62500000000048 0.666666666666464 0
393 0.625000000000572 0.708333333333091 0
394 0.625000000000663 0.749999999999718 0
395 0.625000000000755 0.791666666666348 0
396 0.625000000000847 0.833333333332977 0
397 0.625000000000939 0.874999999999607 0
398 0.625000000001031 0.916666666666405 0
399 0.625000000001122 0.958333333333202 0
400 0.625000000001214 1 0
401 0.666666666665787 0 0
402 0.666666666665863 0.041666666666674 0
403 0.666666666665938 0.0833333333333481 0
404 0.666666666666013 0.125000000000022 0
405 0.666666666666088 0.166666666666666 0
406 0.666666666666163 0.20833333333331 0
407 0.666666666666239 0.249999999999954 0
408 0.666666666666314 0.291666666666598 0
409 0.666666666666389 0.333333333333241 0
410 0.666666666666464 0.374999999999884 0
411 0.666666666666539 0.416666666666528 0
412 0.666666666666615 0.458333333333171 0
413 0.66666666666669 0.499999999999814 0
414 0.666666666666765 0.541666666666458 0
415 0.66666666666684 0.583333333333102 0
416 0.666666666666915 0.624999999999745 0
417 0.66666666666699 0.666666666666389 0
418 0.666666666667066 0.708333333333032 0
419 0.666666666667141 0.749999999999676 0
420 0.666666666667216 0.791666666666322 0
421 0.666666666667291 0.833333333332968 0
422 0.666666666667366 0.874999999999614 0
423 0.666666666667438 0.916666666666409 0
424 0.66666666666751 0.958333333333205 0
425 0.666666666667581 1 0
426 0.708333333332564 0 0
427 0.708333333332622 0.0416666666666637 0
428 0.708333333332681 0.0833333333333273 0
429 0.70833333333274 0.124999999999991 0
430 0.708333333332798 0.166666666666623 0
431 0.708333333332857 0.208333333333254 0
432 0.708333333332915 0.249999999999886 0
433 0.708333333332974 0.291666666666517 0
434 0.708333333333032 0.333333333333148 0
435 0.708333333333091 0.37499999999978 0
436 0.70833333333315 0.416666666666411 0
437 0.708333333333208 0.458333333333043 0
438 0.708333333333267 0.499999999999674 0
439 0.708333333333325 0.541666666666334 0
440 0.708333333333384 0.583333333332994 0
441 0.708333333333442 0.624999999999654 0
442 0.708333333333501 0.666666666666314 0
443 0.708333333333559 0.708333333332974 0
444 0.708333333333618 0.749999999999634 0
445 0.708333333333677 0.791666666666296 0
446 0.708333333333735 0.833333333332959 0
447 0.708333333333794 0.874999999999621 0
448 0.708333333333837 0.916666666666414 0
449 0.70833333333388 0.958333333333207 0
450 0.708333333333923 1 0
451 0.749999999999341 0 0
452 0.749999999999382 0.0416666666666533 0
453 0.749999999999424 0.0833333333333066 0
454 0.749999999999466 0.12499999999996 0
455 0.749999999999508 0.166666666666579 0
456 0.74999999999955 0.208333333333199 0
457 0.749999999999592 0.249999999999818 0
458 0.749999999999634 0.291666666666437 0
459 0.749999999999676 0.333333333333056 0
460 0.749999999999718 0.374999999999675 0
461 0.74999999999976 0.416666666666294 0
462 0.749999999999802 0.458333333332914 0
463 0.749999999999844 0.499999999999534 0
464 0.749999999999886 0.54166666666621 0
465 0.749999999999928 0.583333333332886 0
466 0.74999999999997 0.624999999999562 0
467 0.750000000000012 0.666666666666239 0
468 0.750000000000053 0.708333333332915 0
469 0.750000000000095 0.749999999999592 0
470 0.750000000000137 0.791666666666271 0
471 0.750000000000179 0.833333333332949 0
472 0.750000000000221 0.874999999999628 0
473 0.750000000000263 0.916666666666419 0
474 0.750000000000305 0.958333333333209 0
475 0.750000000000347 1 0
476 0.791666666666117 0 0
477 0.791666666666143 0.0416666666666429 0
478 0.791666666666168 0.0833333333332859 0
479 0.791666666666194 0.124999999999929 0
480 0.79166666666622 0.166666666666536 0
481 0.791666666666245 0.208333333333143 0
482 0.791666666666271 0.24999999999975 0
483 0.791666666666296 0.291666666666357 0
484 0.791666666666322 0.333333333332963 0
485 0.791666666666348 0.37499999999957 0
486 0.791666666666373 0.416666666666178 0
487 0.791666666666399 0.458333333332786 0
488 0.791666666666424 0.499999999999394 0
489 0.79166666666645 0.541666666666086 0
490 0.791666666666476 0.583333333332778 0
491 0.791666666666501 0.62499999999947 0
492 0.791666666666527 0.666666666666163 0
493 0.791666666666552 0.708333333332857 0
494 0.791666666666578 0.74999999999955 0
495 0.791666666666604 0.791666666666245 0
496 0.791666666666629 0.83333333333294 0
497 0.791666666666655 0.874999999999635 0
498 0.791666666666677 0.916666666666423 0
499 0.791666666666699 0.958333333333212 0
500 0.79166666666672 1 0
501 0.833333333332894 0 0
502 0.833333333332903 0.0416666666666326 0
503 0.833333333332912 0.0833333333332651 0
504 0.833333333332922 0.124999999999898 0
505 0.833333333332931 0.166666666666493 0
506 0.83333333333294 0.208333333333088 0
507 0.833333333332949 0.249999999999683 0
508 0.833333333332959 0.291666666666277 0
509 0.833333333332968 0.333333333332871 0
510 0.833333333332977 0.374999999999465 0
511 0.833333333332986 0.416666666666061 0
512 0.833333333332996 0.458333333332657 0
513 0.833333333333005 0.499999999999253 0
514 0.833333333333014 0.541666666665962 0
515 0.833333333333024 0.58333333333267 0
516 0.833333333333033 0.624999999999378 0
517 0.833333333333042 0.666666666666088 0
518 0.833333333333051 0.708333333332798 0
519 0.833333333333061 0.749999999999508 0
520 0.83333333333307 0.79166666666622 0
521 0.833333333333079 0.833333333332931 0
522 0.833333333333089 0.874999999999642 0
523 0.833333333333102 0.916666666666428 0
524 0.833333333333115 0.958333333333214 0
525 0.833333333333128 1 0
526 0.874999999999501 1 0
527 0.874999999999508 0.958333333333216 0
528 0.874999999999515 0.916666666666433 0
529 0.874999999999522 0.874999999999649 0
530 0.874999999999529 0.833333333332922 0
531 0.874999999999536 0.791666666666194 0
532 0.874999999999543 0.749999999999467 0
533 0.87499999999955 0.70833333333274 0
534 0.874999999999558 0.666666666666013 0
535 0.874999999999565 0.624999999999286 0
536 0.874999999999572 0.583333333332562 0
537 0.874999999999579 0.541666666665837 0
538 0.874999999999586 0.499999999999113 0
539 0.874999999999593 0.458333333332529 0
540 0.8749999999996 0.416666666665945 0
541 0.874999999999607 0.374999999999361 0
542 0.874999999999614 0.333333333332778 0
543 0.874999999999621 0.291666666666197 0
544 0.874999999999628 0.249999999999615 0
545 0.874999999999635 0.208333333333032 0
546 0.874999999999642 0.166666666666449 0
547 0.874999999999649 0.124999999999867 0
548 0.874999999999656 0.0833333333332444 0
549 0.874999999999663 0.0416666666666222 0
550 0.87499999999967 0 0
551 0.91666666666629 1 0
552 0.916666666666309 0.958333333333219 0
553 0.916666666666329 0.916666666666438 0
554 0.916666666666348 0.874999999999656 0
555 0.916666666666353 0.833333333332912 0
556 0.916666666666358 0.791666666666168 0
557 0.916666666666362 0.749999999999425 0
558 0.916666666666367 0.708333333332681 0
559 0.916666666666372 0.666666666665938 0
560 0.916666666666376 0.624999999999194 0
561 0.916666666666381 0.583333333332454 0
562 0.916666666666386 0.541666666665713 0
563 0.91666666666639 0.499999999998973 0
564 0.916666666666395 0.4583333333324 0
565 0.9166666666664 0.416666666665828 0
566 0.916666666666405 0.374999999999256 0
567 0.916666666666409 0.333333333332686 0
568 0.916666666666414 0.291666666666116 0
569 0.916666666666419 0.249999999999547 0
570 0.916666666666423 0.208333333332976 0
571 0.916666666666428 0.166666666666406 0
572 0.916666666666433 0.124999999999835 0
573 0.916666666666438 0.08333333333322 0
574 0.916666666666442 0.0416666666666095 0
575 0.916666666666447 0 0
576 0.958333333333112 1 0
577 0.958333333333133 0.958333333333221 0
578 0.958333333333153 0.916666666666442 0
579 0.958333333333174 0.874999999999663 0
580 0.958333333333176 0.833333333332903 0
581 0.958333333333179 0.791666666666143 0
582 0.958333333333181 0.749999999999383 0
583 0.958333333333183 0.708333333332622 0
584 0.958333333333186 0.666666666665863 0
585 0.958333333333188 0.624999999999103 0
586 0.95833333333319 0.583333333332346 0
587 0.958333333333193 0.541666666665589 0
588 0.958333333333195 0.499999999998832 0
589 0.958333333333198 0.458333333332272 0
590 0.9583333333332 0.416666666665711 0
591 0.958333333333202 0.374999999999151 0
592 0.958333333333205 0.333333333332594 0
593 0.958333333333207 0.291666666666036 0
594 0.958333333333209 0.249999999999479 0
595 0.958333333333212 0.208333333332921 0
596 0.958333333333214 0.166666666666363 0
597 0.958333333333216 0.124999999999804 0
598 0.958333333333219 0.0833333333331957 0
599 0.958333333333221 0.0416666666665967 0
600 0.958333333333223 0 0
601 1 0 0
602 1 1 0
603 1 0.124999999999773 0
604 1 0.249999999999411 0
605 1 0.374999999999046 0
606 1 0.499999999998692 0
607 1 0.624999999999011 0
608 1 0.749999999999341 0
609 1 0.87499999999967 0
610 1 0.041666666666584 0
611 1 0.0833333333331713 0
612 1 0.166666666666319 0
613 1 0.208333333332865 0
614 1 0.291666666665956 0
615 1 0.333333333332501 0
616 1 0.416666666665595 0
617 1 0.458333333332143 0
618 1 0.541666666665465 0
619 1 0.583333333332238 0
620 1 0.666666666665787 0
621 1 0.708333333332564 0
622 1 0.791666666666117 0
623 1 0.833333333332894 0
624 1 0.916666666666447 0
625 1 0.958333333333223 0
