1 0 0 0
2 0 1 0
3 0 0.93749999999974 0
4 0 0.874999999999501 0
5 0 0.812499999999913 0
6 0 0.750000000000347 0
7 0 0.68750000000078 0
8 0 0.625000000001214 0
9 0 0.562500000001648 0
10 0 0.500000000002059 0
11 0 0.437500000001821 0
12 0 0.375000000001561 0
13 0 0.312500000001301 0
14 0 0.250000000001041 0
15 0 0.18750000000078 0
16 0 0.12500000000052 0
17 0 0.0625000000002601 0
18 0.0624999999998729 0 0
19 0.0624999999998971 0.0625000000002359 0
20 0.0624999999999213 0.125000000000474 0
21 0.0624999999999455 0.187500000000706 0
22 0.0624999999999697 0.250000000000939 0
23 0.0624999999999939 0.312500000001171 0
24 0.0625000000000181 0.375000000001404 0
25 0.0625000000000423 0.437500000001636 0
26 0.0625000000000665 0.500000000001849 0
27 0.0625000000000907 0.562500000001472 0
28 0.0625000000001149 0.625000000001076 0
29 0.0625000000001391 0.68750000000068 0
30 0.0625000000001633 0.750000000000284 0
31 0.0625000000001875 0.812499999999888 0
32 0.0625000000002117 0.874999999999512 0
33 0.0625000000002359 0.937499999999746 0
34 0.0625000000002601 1 0
35 0.124999999999773 0 0
36 0.12499999999982 0.0625000000002117 0
37 0.124999999999866 0.125000000000427 0
38 0.124999999999913 0.187500000000632 0
39 0.12499999999996 0.250000000000837 0
40 0.125000000000007 0.312500000001042 0
41 0.125000000000053 0.375000000001247 0
42 0.1250000000001 0.437500000001451 0
43 0.125000000000147 0.500000000001639 0
44 0.125000000000193 0.562500000001297 0
45 0.12500000000024 0.625000000000939 0
46 0.125000000000287 0.68750000000058 0
47 0.125000000000334 0.750000000000221 0
48 0.12500000000038 0.812499999999862 0
49 0.125000000000427 0.874999999999522 0
50 0.125000000000474 0.937499999999752 0
51 0.12500000000052 1 0
52 0.187499999999593 0 0
53 0.187499999999668 0.0625000000001875 0
54 0.187499999999742 0.12500000000038 0
55 0.187499999999816 0.187500000000558 0
56 0.18749999999989 0.250000000000735 0
57 0.187499999999964 0.312500000000912 0
58 0.187500000000039 0.375000000001089 0
59 0.187500000000113 0.437500000001266 0
60 0.187500000000187 0.500000000001428 0
61 0.187500000000261 0.562500000001122 0
62 0.187500000000335 0.625000000000801 0
63 0.18750000000041 0.68750000000048 0
64 0.187500000000484 0.750000000000158 0
65 0.187500000000558 0.812499999999837 0
66 0.187500000000632 0.874999999999533 0
67 0.187500000000706 0.937499999999758 0
68 0.18750000000078 1 0
69 0.249999999999411 0 0
70 0.249999999999513 0.0625000000001633 0
71 0.249999999999615 0.125000000000334 0
72 0.249999999999717 0.187500000000484 0
73 0.249999999999818 0.250000000000633 0
74 0.24999999999992 0.312500000000783 0
75 0.250000000000022 0.375000000000932 0
76 0.250000000000124 0.437500000001082 0
77 0.250000000000226 0.500000000001218 0
78 0.250000000000328 0.562500000000947 0
79 0.250000000000429 0.625000000000663 0
80 0.250000000000531 0.687500000000379 0
81 0.250000000000633 0.750000000000095 0
82 0.250000000000735 0.812499999999811 0
83 0.250000000000837 0.874999999999543 0
84 0.250000000000939 0.937499999999763 0
85 0.250000000001041 1 0
86 0.312499999999229 0 0
87 0.312499999999358 0.0625000000001391 0
88 0.312499999999488 0.125000000000287 0
89 0.312499999999617 0.18750000000041 0
90 0.312499999999746 0.250000000000531 0
91 0.312499999999876 0.312500000000653 0
92 0.312500000000006 0.375000000000775 0
93 0.312500000000135 0.437500000000897 0
94 0.312500000000265 0.500000000001007 0
95 0.312500000000394 0.562500000000772 0
96 0.312500000000524 0.625000000000525 0
97 0.312500000000653 0.687500000000279 0
98 0.312500000000783 0.750000000000033 0
99 0.312500000000912 0.812499999999786 0
100 0.312500000001042 0.874999999999554 0
101 0.312500000001171 0.93749999999977 0
102 0.312500000001301 1 0
103 0.374999999999046 0 0
104 0.374999999999203 0.0625000000001149 0
105 0.37499999999936 0.12500000000024 0
106 0.374999999999518 0.187500000000335 0
107 0.374999999999675 0.250000000000429 0
108 0.374999999999832 0.312500000000524 0
109 0.374999999999989 0.375000000000618 0
110 0.375000000000146 0.437500000000712 0
111 0.375000000000303 0.500000000000797 0
112 0.375000000000461 0.562500000000597 0
113 0.375000000000618 0.625000000000388 0
114 0.375000000000775 0.687500000000179 0
115 0.375000000000932 0.74999999999997 0
116 0.375000000001089 0.81249999999976 0
117 0.375000000001247 0.874999999999565 0
118 0.375000000001404 0.937499999999775 0
119 0.375000000001561 1 0
120 0.437499999998864 0 0
121 0.437499999999048 0.0625000000000907 0
122 0.437499999999233 0.125000000000193 0
123 0.437499999999418 0.187500000000261 0
124 0.437499999999603 0.250000000000328 0
125 0.437499999999788 0.312500000000394 0
126 0.437499999999973 0.375000000000461 0
127 0.437500000000157 0.437500000000527 0
128 0.437500000000342 0.500000000000586 0
129 0.437500000000527 0.562500000000422 0
130 0.437500000000712 0.62500000000025 0
131 0.437500000000897 0.687500000000078 0
132 0.437500000001082 0.749999999999907 0
133 0.437500000001266 0.812499999999735 0
134 0.437500000001451 0.874999999999575 0
135 0.437500000001636 0.937499999999782 0
136 0.437500000001821 1 0
137 0.499999999998692 0 0
138 0.499999999998902 0.0625000000000665 0
139 0.499999999999113 0.125000000000147 0
140 0.499999999999323 0.187500000000187 0
141 0.499999999999534 0.250000000000226 0
142 0.499999999999744 0.312500000000265 0
143 0.499999999999955 0.375000000000303 0
144 0.500000000000165 0.437500000000342 0
145 0.500000000000376 0.500000000000376 0
146 0.500000000000586 0.562500000000247 0
147 0.500000000000797 0.625000000000113 0
148 0.500000000001007 0.687499999999978 0
149 0.500000000001218 0.749999999999844 0
150 0.500000000001428 0.812499999999709 0
151 0.500000000001638 0.874999999999586 0
152 0.500000000001849 0.937499999999788 0
153 0.500000000002059 1 0
154 0.562499999998846 0 0
155 0.562499999999021 0.0625000000000423 0
156 0.562499999999196 0.1250000000001 0
157 0.562499999999371 0.187500000000113 0
158 0.562499999999546 0.250000000000124 0
159 0.562499999999722 0.312500000000135 0
160 0.562499999999897 0.375000000000146 0
161 0.562500000000072 0.437500000000157 0
162 0.562500000000247 0.500000000000165 0
163 0.562500000000422 0.562500000000072 0
164 0.562500000000597 0.624999999999975 0
165 0.562500000000772 0.687499999999878 0
166 0.562500000000947 0.749999999999781 0
167 0.562500000001122 0.812499999999684 0
168 0.562500000001297 0.874999999999596 0
169 0.562500000001472 0.937499999999793 0
170 0.562500000001648 1 0
171 0.624999999999011 0 0
172 0.624999999999149 0.0625000000000181 0
173 0.624999999999286 0.125000000000053 0
174 0.624999999999424 0.187500000000039 0
175 0.624999999999562 0.250000000000022 0
176 0.624999999999699 0.312500000000006 0
177 0.624999999999837 0.374999999999989 0
178 0.624999999999975 0.437499999999973 0
179 0.625000000000113 0.499999999999955 0
180 0.62500000000025 0.562499999999897 0
181 0.625000000000388 0.624999999999837 0
182 0.625000000000525 0.687499999999778 0
183 0.625000000000663 0.749999999999718 0
184 0.625000000000801 0.812499999999658 0
185 0.625000000000939 0.874999999999607 0
186 0.625000000001076 0.937499999999799 0
187 0.625000000001214 1 0
188 0.687499999999176 0 0
189 0.687499999999276 0.0624999999999939 0
190 0.687499999999376 0.125000000000007 0
191 0.687499999999477 0.187499999999964 0
192 0.687499999999577 0.24999999999992 0
193 0.687499999999677 0.312499999999876 0
194 0.687499999999778 0.374999999999832 0
195 0.687499999999878 0.437499999999788 0
196 0.687499999999978 0.499999999999744 0
197 0.687500000000078 0.562499999999722 0
198 0.687500000000179 0.624999999999699 0
199 0.687500000000279 0.687499999999677 0
200 0.687500000000379 0.749999999999655 0
201 0.68750000000048 0.812499999999633 0
202 0.68750000000058 0.874999999999617 0
203 0.68750000000068 0.937499999999805 0
204 0.68750000000078 1 0
205 0.749999999999341 0 0
206 0.749999999999403 0.0624999999999697 0
207 0.749999999999466 0.12499999999996 0
208 0.749999999999529 0.18749999999989 0
209 0.749999999999592 0.249999999999818 0
210 0.749999999999655 0.312499999999746 0
211 0.749999999999718 0.374999999999675 0
212 0.749999999999781 0.437499999999603 0
213 0.749999999999844 0.499999999999534 0
214 0.749999999999907 0.562499999999546 0
215 0.74999999999997 0.624999999999562 0
216 0.750000000000033 0.687499999999577 0
217 0.750000000000095 0.749999999999592 0
218 0.750000000000158 0.812499999999607 0
219 0.750000000000221 0.874999999999628 0
220 0.750000000000284 0.937499999999811 0
221 0.750000000000347 1 0
222 0.812499999999506 0 0
223 0.812499999999531 0.0624999999999455 0
224 0.812499999999556 0.124999999999913 0
225 0.812499999999582 0.187499999999816 0
226 0.812499999999607 0.249999999999717 0
227 0.812499999999633 0.312499999999617 0
228 0.812499999999658 0.374999999999518 0
229 0.812499999999684 0.437499999999418 0
230 0.812499999999709 0.499999999999323 0
231 0.812499999999735 0.562499999999371 0
232 0.81249999999976 0.624999999999424 0
233 0.812499999999786 0.687499999999477 0
234 0.812499999999811 0.749999999999529 0
235 0.812499999999837 0.812499999999582 0
236 0.812499999999862 0.874999999999639 0
237 0.812499999999888 0.937499999999817 0
238 0.812499999999913 1 0
239 0.874999999999501 1 0
240 0.874999999999512 0.937499999999823 0
241 0.874999999999522 0.874999999999649 0
242 0.874999999999533 0.812499999999557 0
243 0.874999999999543 0.749999999999467 0
244 0.874999999999554 0.687499999999376 0
245 0.874999999999565 0.624999999999286 0
246 0.874999999999575 0.562499999999196 0
247 0.874999999999586 0.499999999999113 0
248 0.874999999999596 0.437499999999233 0
249 0.874999999999607 0.374999999999361 0
250 0.874999999999617 0.312499999999488 0
251 0.874999999999628 0.249999999999615 0
252 0.874999999999638 0.187499999999742 0
253 0.874999999999649 0.124999999999867 0
254 0.87499999999966 0.0624999999999213 0
255 0.87499999999967 0 0
256 0.93749999999974 1 0
257 0.937499999999746 0.937499999999829 0
258 0.937499999999752 0.87499999999966 0
259 0.937499999999758 0.812499999999531 0
260 0.937499999999764 0.749999999999403 0
261 0.93749999999977 0.687499999999276 0
262 0.937499999999775 0.624999999999149 0
263 0.937499999999782 0.562499999999021 0
264 0.937499999999788 0.499999999998903 0
265 0.937499999999793 0.437499999999048 0
266 0.937499999999799 0.374999999999203 0
267 0.937499999999805 0.312499999999358 0
268 0.937499999999811 0.249999999999513 0
269 0.937499999999817 0.187499999999668 0
270 0.937499999999823 0.12499999999982 0
271 0.937499999999829 0.0624999999998971 0
272 0.937499999999835 0 0
273 1 0 0
274 1 1 0
275 1 0.0624999999998729 0
276 1 0.124999999999773 0
277 1 0.187499999999593 0
278 1 0.249999999999411 0
279 1 0.312499999999229 0
280 1 0.374999999999046 0
281 1 0.437499999998864 0
282 1 0.499999999998692 0
283 1 0.562499999998846 0
284 1 0.624999999999011 0
285 1 0.687499999999176 0
286 1 0.749999999999341 0
287 1 0.812499999999506 0
288 1 0.87499999999967 0
289 1 0.937499999999835 0
