1 0 0 0
2 0 1 0
3 0 0.93749999999974 0
4 0 0.874999999999501 0
5 0 0.812499999999913 0
6 0 0.750000000000347 0
7 0 0.68750000000078 0
8 0 0.625000000001214 0
9 0 0.562500000001648 0
10 0 0.500000000002059 0
11 0 0.437500000001821 0
12 0 0.375000000001561 0
13 0 0.312500000001301 0
14 0 0.250000000001041 0
15 0 0.18750000000078 0
16 0 0.12500000000052 0
17 0 0.0625000000002601 0
18 0 0.979166666666577 0
19 0 0.958333333333159 0
20 0 0.916666666666341 0
21 0 0.895833333332917 0
22 0 0.854166666666297 0
23 0 0.833333333333124 0
24 0 0.791666666666711 0
25 0 0.770833333333534 0
26 0 0.729166666667132 0
27 0 0.708333333333971 0
28 0 0.666666666667614 0
29 0 0.645833333334374 0
30 0 0.604166666668028 0
31 0 0.583333333334838 0
32 0 0.541666666668454 0
33 0 0.520833333335257 0
34 0 0.479166666668647 0
35 0 0.458333333335234 0
36 0 0.416666666668401 0
37 0 0.395833333334981 0
38 0 0.354166666668141 0
39 0 0.333333333334721 0
40 0 0.291666666667881 0
41 0 0.270833333334461 0
42 0 0.22916666666762 0
43 0 0.2083333333342 0
44 0 0.16666666666736 0
45 0 0.14583333333394 0
46 0 0.1041666666671 0
47 0 0.0833333333336801 0
48 0 0.0416666666668401 0
49 0 0.0208333333334201 0
50 0.0208333333332945 0 0
51 0.020833333333296 0.0208333333334174 0
52 0.0208333333332975 0.0416666666668347 0
53 0.020833333333299 0.0625000000002521 0
54 0.0208333333333017 0.0833333333336695 0
55 0.0208333333333044 0.104166666667087 0
56 0.0208333333333071 0.125000000000505 0
57 0.0208333333333098 0.145833333333922 0
58 0.0208333333333125 0.166666666667339 0
59 0.0208333333333152 0.187500000000756 0
60 0.0208333333333179 0.208333333334173 0
61 0.0208333333333206 0.22916666666759 0
62 0.0208333333333232 0.250000000001007 0
63 0.0208333333333259 0.270833333334423 0
64 0.0208333333333286 0.291666666667841 0
65 0.0208333333333313 0.312500000001257 0
66 0.020833333333334 0.333333333334675 0
67 0.0208333333333367 0.354166666668091 0
68 0.0208333333333394 0.375000000001509 0
69 0.0208333333333421 0.395833333334925 0
70 0.0208333333333448 0.416666666668342 0
71 0.0208333333333474 0.437500000001759 0
72 0.0208333333333501 0.458333333335169 0
73 0.0208333333333528 0.479166666668579 0
74 0.0208333333333555 0.500000000001989 0
75 0.0208333333333582 0.52083333333519 0
76 0.0208333333333609 0.541666666668391 0
77 0.0208333333333636 0.562500000001589 0
78 0.0208333333333663 0.583333333334783 0
79 0.0208333333333689 0.604166666667977 0
80 0.0208333333333716 0.625000000001168 0
81 0.0208333333333743 0.645833333334342 0
82 0.020833333333377 0.666666666667569 0
83 0.0208333333333797 0.687500000000747 0
84 0.0208333333333824 0.708333333333941 0
85 0.0208333333333851 0.729166666667116 0
86 0.0208333333333878 0.750000000000326 0
87 0.0208333333333905 0.770833333333518 0
88 0.0208333333333931 0.791666666666703 0
89 0.0208333333333958 0.812499999999905 0
90 0.0208333333333985 0.833333333333115 0
91 0.0208333333334012 0.854166666666299 0
92 0.0208333333334039 0.874999999999505 0
93 0.0208333333334066 0.895833333332919 0
94 0.0208333333334093 0.916666666666339 0
95 0.020833333333412 0.937499999999742 0
96 0.0208333333334147 0.95833333333316 0
97 0.0208333333334174 0.979166666666579 0
98 0.0208333333334201 1 0
99 0.0416666666665855 0 0
100 0.0416666666665897 0.0208333333334147 0
101 0.0416666666665939 0.0416666666668293 0
102 0.0416666666665981 0.062500000000244 0
103 0.0416666666666035 0.083333333333659 0
104 0.0416666666666088 0.104166666667074 0
105 0.0416666666666142 0.125000000000489 0
106 0.0416666666666196 0.145833333333903 0
107 0.041666666666625 0.166666666667317 0
108 0.0416666666666304 0.187500000000731 0
109 0.0416666666666357 0.208333333334145 0
110 0.0416666666666411 0.229166666667559 0
111 0.0416666666666465 0.250000000000973 0
112 0.0416666666666519 0.270833333334386 0
113 0.0416666666666572 0.2916666666678 0
114 0.0416666666666626 0.312500000001214 0
115 0.041666666666668 0.333333333334628 0
116 0.0416666666666734 0.354166666668042 0
117 0.0416666666666788 0.375000000001456 0
118 0.0416666666666841 0.39583333333487 0
119 0.0416666666666895 0.416666666668284 0
120 0.0416666666666949 0.437500000001698 0
121 0.0416666666667003 0.458333333335105 0
122 0.0416666666667056 0.479166666668512 0
123 0.041666666666711 0.500000000001919 0
124 0.0416666666667164 0.520833333335123 0
125 0.0416666666667218 0.541666666668328 0
126 0.0416666666667271 0.562500000001531 0
127 0.0416666666667325 0.583333333334728 0
128 0.0416666666667379 0.604166666667926 0
129 0.0416666666667433 0.625000000001122 0
130 0.0416666666667486 0.645833333334309 0
131 0.041666666666754 0.666666666667524 0
132 0.0416666666667594 0.687500000000714 0
133 0.0416666666667648 0.708333333333911 0
134 0.0416666666667702 0.729166666667099 0
135 0.0416666666667756 0.750000000000305 0
136 0.0416666666667809 0.770833333333502 0
137 0.0416666666667863 0.791666666666695 0
138 0.0416666666667917 0.812499999999896 0
139 0.0416666666667971 0.833333333333105 0
140 0.0416666666668024 0.854166666666301 0
141 0.0416666666668078 0.874999999999508 0
142 0.0416666666668132 0.895833333332921 0
143 0.0416666666668186 0.916666666666337 0
144 0.0416666666668239 0.937499999999744 0
145 0.0416666666668293 0.958333333333162 0
146 0.0416666666668347 0.97916666666658 0
147 0.0416666666668401 1 0
148 0.0624999999998729 0 0
149 0.062499999999881 0.020833333333412 0
150 0.0624999999998891 0.0416666666668239 0
151 0.0624999999998971 0.0625000000002359 0
152 0.0624999999999052 0.0833333333336485 0
153 0.0624999999999133 0.104166666667061 0
154 0.0624999999999213 0.125000000000474 0
155 0.0624999999999294 0.145833333333884 0
156 0.0624999999999375 0.166666666667295 0
157 0.0624999999999455 0.187500000000706 0
158 0.0624999999999536 0.208333333334117 0
159 0.0624999999999617 0.229166666667528 0
160 0.0624999999999697 0.250000000000939 0
161 0.0624999999999778 0.27083333333435 0
162 0.0624999999999859 0.29166666666776 0
163 0.0624999999999939 0.312500000001171 0
164 0.062500000000002 0.333333333334582 0
165 0.0625000000000101 0.354166666667993 0
166 0.0625000000000181 0.375000000001404 0
167 0.0625000000000262 0.395833333334815 0
168 0.0625000000000343 0.416666666668225 0
169 0.0625000000000423 0.437500000001636 0
170 0.0625000000000504 0.45833333333504 0
171 0.0625000000000585 0.479166666668445 0
172 0.0625000000000665 0.500000000001849 0
173 0.0625000000000746 0.520833333335057 0
174 0.0625000000000826 0.541666666668265 0
175 0.0625000000000907 0.562500000001472 0
176 0.0625000000000988 0.583333333334674 0
177 0.0625000000001068 0.604166666667875 0
178 0.0625000000001149 0.625000000001076 0
179 0.062500000000123 0.645833333334278 0
180 0.062500000000131 0.666666666667479 0
181 0.0625000000001391 0.68750000000068 0
182 0.0625000000001472 0.708333333333882 0
183 0.0625000000001553 0.729166666667083 0
184 0.0625000000001633 0.750000000000284 0
185 0.0625000000001714 0.770833333333485 0
186 0.0625000000001795 0.791666666666687 0
187 0.0625000000001875 0.812499999999888 0
188 0.0625000000001956 0.833333333333096 0
189 0.0625000000002037 0.854166666666304 0
190 0.0625000000002117 0.874999999999512 0
191 0.0625000000002198 0.895833333332923 0
192 0.0625000000002279 0.916666666666334 0
193 0.0625000000002359 0.937499999999746 0
194 0.062500000000244 0.958333333333164 0
195 0.0625000000002521 0.979166666666582 0
196 0.0625000000002601 1 0
197 0.083333333333173 0 0
198 0.0833333333331836 0.0208333333334093 0
199 0.0833333333331941 0.0416666666668186 0
200 0.0833333333332047 0.0625000000002279 0
201 0.0833333333332152 0.0833333333336379 0
202 0.0833333333332258 0.104166666667048 0
203 0.0833333333332364 0.125000000000458 0
204 0.083333333333247 0.145833333333866 0
205 0.0833333333332575 0.166666666667274 0
206 0.0833333333332681 0.187500000000682 0
207 0.0833333333332786 0.208333333334089 0
208 0.0833333333332892 0.229166666667497 0
209 0.0833333333332998 0.250000000000905 0
210 0.0833333333333104 0.270833333334312 0
211 0.0833333333333209 0.29166666666772 0
212 0.0833333333333315 0.312500000001128 0
213 0.0833333333333421 0.333333333334536 0
214 0.0833333333333526 0.354166666667943 0
215 0.0833333333333632 0.375000000001351 0
216 0.0833333333333738 0.395833333334759 0
217 0.0833333333333843 0.416666666668167 0
218 0.0833333333333949 0.437500000001575 0
219 0.0833333333334055 0.458333333334976 0
220 0.083333333333416 0.479166666668377 0
221 0.0833333333334266 0.500000000001779 0
222 0.0833333333334371 0.520833333334991 0
223 0.0833333333334477 0.541666666668202 0
224 0.0833333333334583 0.562500000001414 0
225 0.0833333333334688 0.58333333333462 0
226 0.0833333333334794 0.604166666667825 0
227 0.08333333333349 0.62500000000103 0
228 0.0833333333335005 0.645833333334236 0
229 0.0833333333335111 0.666666666667441 0
230 0.0833333333335217 0.687500000000647 0
231 0.0833333333335322 0.708333333333852 0
232 0.0833333333335428 0.729166666667058 0
233 0.0833333333335534 0.750000000000263 0
234 0.083333333333564 0.770833333333469 0
235 0.0833333333335745 0.791666666666674 0
236 0.0833333333335851 0.812499999999879 0
237 0.0833333333335957 0.833333333333091 0
238 0.0833333333336062 0.854166666666303 0
239 0.0833333333336168 0.874999999999515 0
240 0.0833333333336274 0.895833333332926 0
241 0.0833333333336379 0.916666666666337 0
242 0.0833333333336485 0.937499999999748 0
243 0.083333333333659 0.958333333333165 0
244 0.0833333333336696 0.979166666666583 0
245 0.0833333333336801 1 0
246 0.104166666666473 0 0
247 0.104166666666486 0.0208333333334066 0
248 0.104166666666499 0.0416666666668132 0
249 0.104166666666512 0.0625000000002198 0
250 0.104166666666525 0.0833333333336273 0
251 0.104166666666538 0.104166666667035 0
252 0.104166666666551 0.125000000000442 0
253 0.104166666666565 0.145833333333847 0
254 0.104166666666578 0.166666666667252 0
255 0.104166666666591 0.187500000000657 0
256 0.104166666666604 0.208333333334061 0
257 0.104166666666617 0.229166666667466 0
258 0.10416666666663 0.250000000000871 0
259 0.104166666666643 0.270833333334276 0
260 0.104166666666656 0.29166666666768 0
261 0.104166666666669 0.312500000001085 0
262 0.104166666666682 0.33333333333449 0
263 0.104166666666695 0.354166666667894 0
264 0.104166666666708 0.375000000001299 0
265 0.104166666666721 0.395833333334704 0
266 0.104166666666734 0.416666666668108 0
267 0.104166666666747 0.437500000001513 0
268 0.10416666666676 0.458333333334912 0
269 0.104166666666774 0.47916666666831 0
270 0.104166666666787 0.500000000001709 0
271 0.1041666666668 0.520833333334924 0
272 0.104166666666813 0.54166666666814 0
273 0.104166666666826 0.562500000001356 0
274 0.104166666666839 0.583333333334565 0
275 0.104166666666852 0.604166666667775 0
276 0.104166666666865 0.625000000000985 0
277 0.104166666666878 0.645833333334194 0
278 0.104166666666891 0.666666666667404 0
279 0.104166666666904 0.687500000000613 0
280 0.104166666666917 0.708333333333823 0
281 0.10416666666693 0.729166666667032 0
282 0.104166666666943 0.750000000000242 0
283 0.104166666666956 0.770833333333452 0
284 0.10416666666697 0.791666666666661 0
285 0.104166666666983 0.812499999999871 0
286 0.104166666666996 0.833333333333087 0
287 0.104166666667009 0.854166666666303 0
288 0.104166666667022 0.874999999999519 0
289 0.104166666667035 0.895833333332929 0
290 0.104166666667048 0.916666666666339 0
291 0.104166666667061 0.93749999999975 0
292 0.104166666667074 0.958333333333166 0
293 0.104166666667087 0.979166666666583 0
294 0.1041666666671 1 0
295 0.124999999999773 0 0
296 0.124999999999789 0.0208333333334039 0
297 0.124999999999804 0.0416666666668078 0
298 0.12499999999982 0.0625000000002117 0
299 0.124999999999835 0.0833333333336168 0
300 0.124999999999851 0.104166666667022 0
301 0.124999999999866 0.125000000000427 0
302 0.124999999999882 0.145833333333829 0
303 0.124999999999898 0.16666666666723 0
304 0.124999999999913 0.187500000000632 0
305 0.124999999999929 0.208333333334034 0
306 0.124999999999944 0.229166666667435 0
307 0.12499999999996 0.250000000000837 0
308 0.124999999999976 0.270833333334238 0
309 0.124999999999991 0.29166666666764 0
310 0.125000000000007 0.312500000001042 0
311 0.125000000000022 0.333333333334443 0
312 0.125000000000038 0.354166666667845 0
313 0.125000000000053 0.375000000001247 0
314 0.125000000000069 0.395833333334648 0
315 0.125000000000084 0.41666666666805 0
316 0.1250000000001 0.437500000001451 0
317 0.125000000000116 0.458333333334847 0
318 0.125000000000131 0.479166666668243 0
319 0.125000000000147 0.500000000001639 0
320 0.125000000000162 0.520833333334858 0
321 0.125000000000178 0.541666666668078 0
322 0.125000000000193 0.562500000001297 0
323 0.125000000000209 0.583333333334511 0
324 0.125000000000224 0.604166666667725 0
325 0.12500000000024 0.625000000000939 0
326 0.125000000000256 0.645833333334152 0
327 0.125000000000271 0.666666666667366 0
328 0.125000000000287 0.68750000000058 0
329 0.125000000000302 0.708333333333794 0
330 0.125000000000318 0.729166666667007 0
331 0.125000000000334 0.750000000000221 0
332 0.125000000000349 0.770833333333435 0
333 0.125000000000365 0.791666666666649 0
334 0.12500000000038 0.812499999999862 0
335 0.125000000000396 0.833333333333082 0
336 0.125000000000411 0.854166666666302 0
337 0.125000000000427 0.874999999999522 0
338 0.125000000000443 0.895833333332932 0
339 0.125000000000458 0.916666666666342 0
340 0.125000000000474 0.937499999999752 0
341 0.125000000000489 0.958333333333168 0
342 0.125000000000505 0.979166666666584 0
343 0.12500000000052 1 0
344 0.145833333333047 0 0
345 0.145833333333065 0.0208333333334012 0
346 0.145833333333084 0.0416666666668024 0
347 0.145833333333102 0.0625000000002037 0
348 0.145833333333121 0.0833333333336062 0
349 0.14583333333314 0.104166666667009 0
350 0.145833333333158 0.125000000000411 0
351 0.145833333333177 0.14583333333381 0
352 0.145833333333196 0.166666666667209 0
353 0.145833333333214 0.187500000000607 0
354 0.145833333333233 0.208333333334006 0
355 0.145833333333251 0.229166666667404 0
356 0.14583333333327 0.250000000000803 0
357 0.145833333333289 0.270833333334201 0
358 0.145833333333307 0.2916666666676 0
359 0.145833333333326 0.312500000000998 0
360 0.145833333333345 0.333333333334397 0
361 0.145833333333363 0.354166666667796 0
362 0.145833333333382 0.375000000001194 0
363 0.1458333333334 0.395833333334593 0
364 0.145833333333419 0.416666666667991 0
365 0.145833333333438 0.43750000000139 0
366 0.145833333333456 0.458333333334782 0
367 0.145833333333475 0.479166666668175 0
368 0.145833333333493 0.500000000001568 0
369 0.145833333333512 0.520833333334792 0
370 0.145833333333531 0.541666666668016 0
371 0.145833333333549 0.562500000001239 0
372 0.145833333333568 0.583333333334457 0
373 0.145833333333587 0.604166666667675 0
374 0.145833333333605 0.625000000000893 0
375 0.145833333333624 0.645833333334111 0
376 0.145833333333642 0.666666666667329 0
377 0.145833333333661 0.687500000000547 0
378 0.14583333333368 0.708333333333764 0
379 0.145833333333698 0.729166666666982 0
380 0.145833333333717 0.7500000000002 0
381 0.145833333333735 0.770833333333418 0
382 0.145833333333754 0.791666666666636 0
383 0.145833333333773 0.812499999999854 0
384 0.145833333333791 0.833333333333078 0
385 0.14583333333381 0.854166666666302 0
386 0.145833333333829 0.874999999999526 0
387 0.145833333333847 0.895833333332935 0
388 0.145833333333866 0.916666666666344 0
389 0.145833333333884 0.937499999999754 0
390 0.145833333333903 0.958333333333169 0
391 0.145833333333922 0.979166666666585 0
392 0.14583333333394 1 0
393 0.16666666666632 0 0
394 0.166666666666342 0.0208333333333985 0
395 0.166666666666363 0.0416666666667971 0
396 0.166666666666385 0.0625000000001956 0
397 0.166666666666407 0.0833333333335956 0
398 0.166666666666428 0.104166666666996 0
399 0.16666666666645 0.125000000000396 0
400 0.166666666666472 0.145833333333791 0
401 0.166666666666493 0.166666666667187 0
402 0.166666666666515 0.187500000000583 0
403 0.166666666666537 0.208333333333978 0
404 0.166666666666558 0.229166666667373 0
405 0.16666666666658 0.250000000000769 0
406 0.166666666666602 0.270833333334164 0
407 0.166666666666623 0.29166666666756 0
408 0.166666666666645 0.312500000000955 0
409 0.166666666666667 0.333333333334351 0
410 0.166666666666688 0.354166666667746 0
411 0.16666666666671 0.375000000001142 0
412 0.166666666666732 0.395833333334537 0
413 0.166666666666753 0.416666666667933 0
414 0.166666666666775 0.437500000001328 0
415 0.166666666666797 0.458333333334718 0
416 0.166666666666819 0.479166666668108 0
417 0.16666666666684 0.500000000001498 0
418 0.166666666666862 0.520833333334726 0
419 0.166666666666884 0.541666666667953 0
420 0.166666666666905 0.562500000001181 0
421 0.166666666666927 0.583333333334403 0
422 0.166666666666948 0.604166666667625 0
423 0.16666666666697 0.625000000000847 0
424 0.166666666666992 0.645833333334069 0
425 0.166666666667013 0.666666666667291 0
426 0.166666666667035 0.687500000000513 0
427 0.166666666667057 0.708333333333735 0
428 0.166666666667079 0.729166666666957 0
429 0.1666666666671 0.750000000000179 0
430 0.166666666667122 0.770833333333401 0
431 0.166666666667144 0.791666666666623 0
432 0.166666666667165 0.812499999999845 0
433 0.166666666667187 0.833333333333073 0
434 0.166666666667209 0.854166666666301 0
435 0.16666666666723 0.874999999999529 0
436 0.166666666667252 0.895833333332938 0
437 0.166666666667274 0.916666666666347 0
438 0.166666666667295 0.937499999999756 0
439 0.166666666667317 0.95833333333317 0
440 0.166666666667339 0.979166666666585 0
441 0.16666666666736 1 0
442 0.187499999999593 0 0
443 0.187499999999618 0.0208333333333958 0
444 0.187499999999643 0.0416666666667917 0
445 0.187499999999668 0.0625000000001875 0
446 0.187499999999692 0.0833333333335851 0
447 0.187499999999717 0.104166666666983 0
448 0.187499999999742 0.12500000000038 0
449 0.187499999999766 0.145833333333773 0
450 0.187499999999791 0.166666666667165 0
451 0.187499999999816 0.187500000000558 0
452 0.187499999999841 0.20833333333395 0
453 0.187499999999865 0.229166666667343 0
454 0.18749999999989 0.250000000000735 0
455 0.187499999999915 0.270833333334127 0
456 0.18749999999994 0.29166666666752 0
457 0.187499999999964 0.312500000000912 0
458 0.187499999999989 0.333333333334305 0
459 0.187500000000014 0.354166666667697 0
460 0.187500000000039 0.375000000001089 0
461 0.187500000000063 0.395833333334482 0
462 0.187500000000088 0.416666666667874 0
463 0.187500000000113 0.437500000001266 0
464 0.187500000000137 0.458333333334654 0
465 0.187500000000162 0.479166666668041 0
466 0.187500000000187 0.500000000001428 0
467 0.187500000000212 0.520833333334659 0
468 0.187500000000236 0.541666666667891 0
469 0.187500000000261 0.562500000001122 0
470 0.187500000000286 0.583333333334349 0
471 0.187500000000311 0.604166666667575 0
472 0.187500000000335 0.625000000000801 0
473 0.18750000000036 0.645833333334027 0
474 0.187500000000385 0.666666666667253 0
475 0.18750000000041 0.68750000000048 0
476 0.187500000000434 0.708333333333706 0
477 0.187500000000459 0.729166666666932 0
478 0.187500000000484 0.750000000000158 0
479 0.187500000000508 0.770833333333385 0
480 0.187500000000533 0.791666666666611 0
481 0.187500000000558 0.812499999999837 0
482 0.187500000000583 0.833333333333069 0
483 0.187500000000607 0.854166666666301 0
484 0.187500000000632 0.874999999999533 0
485 0.187500000000657 0.895833333332941 0
486 0.187500000000682 0.916666666666349 0
487 0.187500000000706 0.937499999999758 0
488 0.187500000000731 0.958333333333172 0
489 0.187500000000756 0.979166666666586 0
490 0.18750000000078 1 0
491 0.208333333332866 0 0
492 0.208333333332894 0.0208333333333931 0
493 0.208333333332922 0.0416666666667863 0
494 0.208333333332949 0.0625000000001795 0
495 0.208333333332977 0.0833333333335745 0
496 0.208333333333005 0.10416666666697 0
497 0.208333333333033 0.125000000000365 0
498 0.208333333333061 0.145833333333754 0
499 0.208333333333088 0.166666666667144 0
500 0.208333333333116 0.187500000000533 0
501 0.208333333333144 0.208333333333922 0
502 0.208333333333172 0.229166666667312 0
503 0.2083333333332 0.250000000000701 0
504 0.208333333333227 0.27083333333409 0
505 0.208333333333255 0.29166666666748 0
506 0.208333333333283 0.312500000000869 0
507 0.208333333333311 0.333333333334259 0
508 0.208333333333339 0.354166666667648 0
509 0.208333333333366 0.375000000001037 0
510 0.208333333333394 0.395833333334426 0
511 0.208333333333422 0.416666666667816 0
512 0.20833333333345 0.437500000001205 0
513 0.208333333333478 0.458333333334589 0
514 0.208333333333505 0.479166666667974 0
515 0.208333333333533 0.500000000001358 0
516 0.208333333333561 0.520833333334593 0
517 0.208333333333589 0.541666666667829 0
518 0.208333333333617 0.562500000001064 0
519 0.208333333333645 0.583333333334294 0
520 0.208333333333672 0.604166666667524 0
521 0.2083333333337 0.625000000000755 0
522 0.208333333333728 0.645833333333985 0
523 0.208333333333756 0.666666666667216 0
524 0.208333333333783 0.687500000000446 0
525 0.208333333333811 0.708333333333677 0
526 0.208333333333839 0.729166666666907 0
527 0.208333333333867 0.750000000000137 0
528 0.208333333333895 0.770833333333368 0
529 0.208333333333922 0.791666666666598 0
530 0.20833333333395 0.812499999999828 0
531 0.208333333333978 0.833333333333064 0
532 0.208333333334006 0.8541666666663 0
533 0.208333333334034 0.874999999999536 0
534 0.208333333334061 0.895833333332944 0
535 0.208333333334089 0.916666666666352 0
536 0.208333333334117 0.93749999999976 0
537 0.208333333334145 0.958333333333173 0
538 0.208333333334173 0.979166666666587 0
539 0.2083333333342 1 0
540 0.229166666666138 0 0
541 0.229166666666169 0.0208333333333905 0
542 0.2291666666662 0.0416666666667809 0
543 0.229166666666231 0.0625000000001714 0
544 0.229166666666262 0.0833333333335639 0
545 0.229166666666293 0.104166666666956 0
546 0.229166666666324 0.125000000000349 0
547 0.229166666666354 0.145833333333735 0
548 0.229166666666385 0.166666666667122 0
549 0.229166666666416 0.187500000000508 0
550 0.229166666666447 0.208333333333895 0
551 0.229166666666478 0.229166666667281 0
552 0.229166666666509 0.250000000000667 0
553 0.22916666666654 0.270833333334053 0
554 0.229166666666571 0.29166666666744 0
555 0.229166666666602 0.312500000000826 0
556 0.229166666666632 0.333333333334212 0
557 0.229166666666663 0.354166666667598 0
558 0.229166666666694 0.375000000000984 0
559 0.229166666666725 0.395833333334371 0
560 0.229166666666756 0.416666666667757 0
561 0.229166666666787 0.437500000001143 0
562 0.229166666666818 0.458333333334525 0
563 0.229166666666849 0.479166666667906 0
564 0.229166666666879 0.500000000001288 0
565 0.22916666666691 0.520833333334527 0
566 0.229166666666941 0.541666666667766 0
567 0.229166666666972 0.562500000001006 0
568 0.229166666667003 0.58333333333424 0
569 0.229166666667034 0.604166666667475 0
570 0.229166666667065 0.625000000000709 0
571 0.229166666667096 0.645833333333943 0
572 0.229166666667126 0.666666666667178 0
573 0.229166666667157 0.687500000000413 0
574 0.229166666667188 0.708333333333647 0
575 0.229166666667219 0.729166666666882 0
576 0.22916666666725 0.750000000000116 0
577 0.229166666667281 0.770833333333351 0
578 0.229166666667312 0.791666666666585 0
579 0.229166666667343 0.81249999999982 0
580 0.229166666667374 0.83333333333306 0
581 0.229166666667404 0.8541666666663 0
582 0.229166666667435 0.87499999999954 0
583 0.229166666667466 0.895833333332947 0
584 0.229166666667497 0.916666666666354 0
585 0.229166666667528 0.937499999999761 0
586 0.229166666667559 0.958333333333174 0
587 0.22916666666759 0.979166666666587 0
588 0.22916666666762 1 0
589 0.249999999999411 0 0
590 0.249999999999445 0.0208333333333878 0
591 0.249999999999479 0.0416666666667755 0
592 0.249999999999513 0.0625000000001633 0
593 0.249999999999547 0.0833333333335534 0
594 0.249999999999581 0.104166666666943 0
595 0.249999999999615 0.125000000000334 0
596 0.249999999999649 0.145833333333717 0
597 0.249999999999683 0.1666666666671 0
598 0.249999999999717 0.187500000000484 0
599 0.24999999999975 0.208333333333867 0
600 0.249999999999784 0.22916666666725 0
601 0.249999999999818 0.250000000000633 0
602 0.249999999999852 0.270833333334016 0
603 0.249999999999886 0.291666666667399 0
604 0.24999999999992 0.312500000000783 0
605 0.249999999999954 0.333333333334166 0
606 0.249999999999988 0.354166666667549 0
607 0.250000000000022 0.375000000000932 0
608 0.250000000000056 0.395833333334315 0
609 0.25000000000009 0.416666666667699 0
610 0.250000000000124 0.437500000001082 0
611 0.250000000000158 0.45833333333446 0
612 0.250000000000192 0.479166666667839 0
613 0.250000000000226 0.500000000001218 0
614 0.25000000000026 0.520833333334461 0
615 0.250000000000294 0.541666666667704 0
616 0.250000000000328 0.562500000000947 0
617 0.250000000000361 0.583333333334186 0
618 0.250000000000396 0.604166666667424 0
619 0.250000000000429 0.625000000000663 0
620 0.250000000000463 0.645833333333902 0
621 0.250000000000497 0.666666666667141 0
622 0.250000000000531 0.687500000000379 0
623 0.250000000000565 0.708333333333618 0
624 0.250000000000599 0.729166666666857 0
625 0.250000000000633 0.750000000000095 0
626 0.250000000000667 0.770833333333334 0
627 0.250000000000701 0.791666666666573 0
628 0.250000000000735 0.812499999999811 0
629 0.250000000000769 0.833333333333055 0
630 0.250000000000803 0.854166666666299 0
631 0.250000000000837 0.874999999999543 0
632 0.250000000000871 0.89583333333295 0
633 0.250000000000905 0.916666666666357 0
634 0.250000000000939 0.937499999999763 0
635 0.250000000000973 0.958333333333175 0
636 0.250000000001007 0.979166666666588 0
637 0.250000000001041 1 0
638 0.270833333332683 0 0
639 0.270833333332721 0.0208333333333851 0
640 0.270833333332757 0.0416666666667702 0
641 0.270833333332795 0.0625000000001553 0
642 0.270833333332831 0.0833333333335428 0
643 0.270833333332869 0.10416666666693 0
644 0.270833333332906 0.125000000000318 0
645 0.270833333332943 0.145833333333698 0
646 0.27083333333298 0.166666666667079 0
647 0.270833333333017 0.187500000000459 0
648 0.270833333333054 0.208333333333839 0
649 0.270833333333091 0.229166666667219 0
650 0.270833333333128 0.250000000000599 0
651 0.270833333333165 0.270833333333979 0
652 0.270833333333202 0.291666666667359 0
653 0.270833333333239 0.31250000000074 0
654 0.270833333333276 0.33333333333412 0
655 0.270833333333313 0.3541666666675 0
656 0.27083333333335 0.37500000000088 0
657 0.270833333333387 0.39583333333426 0
658 0.270833333333424 0.41666666666764 0
659 0.270833333333461 0.43750000000102 0
660 0.270833333333498 0.458333333334396 0
661 0.270833333333535 0.479166666667772 0
662 0.270833333333572 0.500000000001148 0
663 0.270833333333609 0.520833333334395 0
664 0.270833333333646 0.541666666667642 0
665 0.270833333333683 0.562500000000889 0
666 0.27083333333372 0.583333333334132 0
667 0.270833333333757 0.604166666667375 0
668 0.270833333333794 0.625000000000617 0
669 0.270833333333831 0.64583333333386 0
670 0.270833333333868 0.666666666667103 0
671 0.270833333333905 0.687500000000346 0
672 0.270833333333942 0.708333333333589 0
673 0.270833333333979 0.729166666666832 0
674 0.270833333334016 0.750000000000074 0
675 0.270833333334053 0.770833333333317 0
676 0.27083333333409 0.79166666666656 0
677 0.270833333334127 0.812499999999803 0
678 0.270833333334164 0.833333333333051 0
679 0.270833333334202 0.854166666666299 0
680 0.270833333334238 0.874999999999547 0
681 0.270833333334276 0.895833333332953 0
682 0.270833333334312 0.916666666666359 0
683 0.27083333333435 0.937499999999765 0
684 0.270833333334386 0.958333333333177 0
685 0.270833333334423 0.979166666666588 0
686 0.270833333334461 1 0
687 0.291666666665956 0 0
688 0.291666666665996 0.0208333333333824 0
689 0.291666666666036 0.0416666666667648 0
690 0.291666666666076 0.0625000000001472 0
691 0.291666666666116 0.0833333333335322 0
692 0.291666666666156 0.104166666666917 0
693 0.291666666666197 0.125000000000302 0
694 0.291666666666237 0.14583333333368 0
695 0.291666666666277 0.166666666667057 0
696 0.291666666666317 0.187500000000434 0
697 0.291666666666357 0.208333333333811 0
698 0.291666666666397 0.229166666667188 0
699 0.291666666666437 0.250000000000565 0
700 0.291666666666477 0.270833333333942 0
701 0.291666666666517 0.291666666667319 0
702 0.291666666666557 0.312500000000696 0
703 0.291666666666598 0.333333333334073 0
704 0.291666666666638 0.35416666666745 0
705 0.291666666666678 0.375000000000827 0
706 0.291666666666718 0.395833333334204 0
707 0.291666666666758 0.416666666667581 0
708 0.291666666666798 0.437500000000958 0
709 0.291666666666838 0.458333333334331 0
710 0.291666666666878 0.479166666667704 0
711 0.291666666666918 0.500000000001077 0
712 0.291666666666958 0.520833333334328 0
713 0.291666666666998 0.541666666667579 0
714 0.291666666667039 0.56250000000083 0
715 0.291666666667079 0.583333333334077 0
716 0.291666666667119 0.604166666667324 0
717 0.291666666667159 0.625000000000571 0
718 0.291666666667199 0.645833333333818 0
719 0.291666666667239 0.666666666667065 0
720 0.291666666667279 0.687500000000312 0
721 0.291666666667319 0.708333333333559 0
722 0.291666666667359 0.729166666666806 0
723 0.291666666667399 0.750000000000054 0
724 0.29166666666744 0.7708333333333 0
725 0.29166666666748 0.791666666666548 0
726 0.29166666666752 0.812499999999794 0
727 0.29166666666756 0.833333333333046 0
728 0.2916666666676 0.854166666666298 0
729 0.29166666666764 0.87499999999955 0
730 0.29166666666768 0.895833333332956 0
731 0.29166666666772 0.916666666666362 0
732 0.29166666666776 0.937499999999767 0
733 0.2916666666678 0.958333333333178 0
734 0.291666666667841 0.979166666666589 0
735 0.291666666667881 1 0
736 0.312499999999229 0 0
737 0.312499999999272 0.0208333333333797 0
738 0.312499999999315 0.0416666666667594 0
739 0.312499999999358 0.0625000000001391 0
740 0.312499999999401 0.0833333333335217 0
741 0.312499999999444 0.104166666666904 0
742 0.312499999999488 0.125000000000287 0
743 0.312499999999531 0.145833333333661 0
744 0.312499999999574 0.166666666667035 0
745 0.312499999999617 0.18750000000041 0
746 0.31249999999966 0.208333333333783 0
747 0.312499999999703 0.229166666667157 0
748 0.312499999999746 0.250000000000531 0
749 0.31249999999979 0.270833333333905 0
750 0.312499999999833 0.291666666667279 0
751 0.312499999999876 0.312500000000653 0
752 0.312499999999919 0.333333333334027 0
753 0.312499999999962 0.354166666667401 0
754 0.312500000000006 0.375000000000775 0
755 0.312500000000049 0.395833333334149 0
756 0.312500000000092 0.416666666667523 0
757 0.312500000000135 0.437500000000897 0
758 0.312500000000178 0.458333333334267 0
759 0.312500000000221 0.479166666667637 0
760 0.312500000000265 0.500000000001007 0
761 0.312500000000308 0.520833333334262 0
762 0.312500000000351 0.541666666667517 0
763 0.312500000000394 0.562500000000772 0
764 0.312500000000437 0.583333333334023 0
765 0.312500000000481 0.604166666667274 0
766 0.312500000000524 0.625000000000525 0
767 0.312500000000567 0.645833333333777 0
768 0.31250000000061 0.666666666667028 0
769 0.312500000000653 0.687500000000279 0
770 0.312500000000696 0.70833333333353 0
771 0.31250000000074 0.729166666666781 0
772 0.312500000000783 0.750000000000033 0
773 0.312500000000826 0.770833333333284 0
774 0.312500000000869 0.791666666666535 0
775 0.312500000000912 0.812499999999786 0
776 0.312500000000955 0.833333333333042 0
777 0.312500000000999 0.854166666666298 0
778 0.312500000001042 0.874999999999554 0
779 0.312500000001085 0.895833333332959 0
780 0.312500000001128 0.916666666666364 0
781 0.312500000001171 0.93749999999977 0
782 0.312500000001214 0.95833333333318 0
783 0.312500000001257 0.97916666666659 0
784 0.312500000001301 1 0
785 0.333333333332501 0 0
786 0.333333333332547 0.020833333333377 0
787 0.333333333332594 0.041666666666754 0
788 0.33333333333264 0.062500000000131 0
789 0.333333333332686 0.0833333333335111 0
790 0.333333333332732 0.104166666666891 0
791 0.333333333332778 0.125000000000271 0
792 0.333333333332825 0.145833333333642 0
793 0.333333333332871 0.166666666667013 0
794 0.333333333332917 0.187500000000385 0
795 0.333333333332963 0.208333333333756 0
796 0.33333333333301 0.229166666667126 0
797 0.333333333333056 0.250000000000497 0
798 0.333333333333102 0.270833333333868 0
799 0.333333333333149 0.291666666667239 0
800 0.333333333333195 0.31250000000061 0
801 0.333333333333241 0.333333333333981 0
802 0.333333333333287 0.354166666667352 0
803 0.333333333333333 0.375000000000723 0
804 0.33333333333338 0.395833333334093 0
805 0.333333333333426 0.416666666667464 0
806 0.333333333333472 0.437500000000835 0
807 0.333333333333518 0.458333333334203 0
808 0.333333333333565 0.47916666666757 0
809 0.333333333333611 0.500000000000937 0
810 0.333333333333657 0.520833333334196 0
811 0.333333333333703 0.541666666667455 0
812 0.33333333333375 0.562500000000714 0
813 0.333333333333796 0.583333333333969 0
814 0.333333333333842 0.604166666667224 0
815 0.333333333333888 0.62500000000048 0
816 0.333333333333935 0.645833333333735 0
817 0.333333333333981 0.66666666666699 0
818 0.333333333334027 0.687500000000245 0
819 0.333333333334073 0.708333333333501 0
820 0.33333333333412 0.729166666666756 0
821 0.333333333334166 0.750000000000012 0
822 0.333333333334212 0.770833333333267 0
823 0.333333333334258 0.791666666666522 0
824 0.333333333334305 0.812499999999777 0
825 0.333333333334351 0.833333333333037 0
826 0.333333333334397 0.854166666666297 0
827 0.333333333334443 0.874999999999557 0
828 0.33333333333449 0.895833333332962 0
829 0.333333333334536 0.916666666666367 0
830 0.333333333334582 0.937499999999772 0
831 0.333333333334628 0.958333333333181 0
832 0.333333333334675 0.97916666666659 0
833 0.333333333334721 1 0
834 0.354166666665774 0 0
835 0.354166666665823 0.0208333333333743 0
836 0.354166666665872 0.0416666666667486 0
837 0.354166666665921 0.062500000000123 0
838 0.354166666665971 0.0833333333335005 0
839 0.35416666666602 0.104166666666878 0
840 0.354166666666069 0.125000000000256 0
841 0.354166666666119 0.145833333333624 0
842 0.354166666666168 0.166666666666992 0
843 0.354166666666217 0.18750000000036 0
844 0.354166666666267 0.208333333333728 0
845 0.354166666666316 0.229166666667096 0
846 0.354166666666365 0.250000000000463 0
847 0.354166666666415 0.270833333333831 0
848 0.354166666666464 0.291666666667199 0
849 0.354166666666513 0.312500000000567 0
850 0.354166666666563 0.333333333333935 0
851 0.354166666666612 0.354166666667302 0
852 0.354166666666661 0.37500000000067 0
853 0.354166666666711 0.395833333334038 0
854 0.35416666666676 0.416666666667406 0
855 0.354166666666809 0.437500000000773 0
856 0.354166666666858 0.458333333334138 0
857 0.354166666666908 0.479166666667503 0
858 0.354166666666957 0.500000000000867 0
859 0.354166666667007 0.52083333333413 0
860 0.354166666667056 0.541666666667392 0
861 0.354166666667105 0.562500000000655 0
862 0.354166666667155 0.583333333333915 0
863 0.354166666667204 0.604166666667174 0
864 0.354166666667253 0.625000000000434 0
865 0.354166666667302 0.645833333333693 0
866 0.354166666667352 0.666666666666953 0
867 0.354166666667401 0.687500000000212 0
868 0.35416666666745 0.708333333333472 0
869 0.3541666666675 0.729166666666731 0
870 0.354166666667549 0.749999999999991 0
871 0.354166666667598 0.77083333333325 0
872 0.354166666667648 0.79166666666651 0
873 0.354166666667697 0.812499999999769 0
874 0.354166666667746 0.833333333333033 0
875 0.354166666667796 0.854166666666297 0
876 0.354166666667845 0.874999999999561 0
877 0.354166666667894 0.895833333332965 0
878 0.354166666667943 0.916666666666369 0
879 0.354166666667993 0.937499999999773 0
880 0.354166666668042 0.958333333333182 0
881 0.354166666668091 0.979166666666591 0
882 0.354166666668141 1 0
883 0.374999999999046 0 0
884 0.374999999999098 0.0208333333333716 0
885 0.374999999999151 0.0416666666667433 0
886 0.374999999999203 0.0625000000001149 0
887 0.374999999999255 0.08333333333349 0
888 0.374999999999308 0.104166666666865 0
889 0.37499999999936 0.12500000000024 0
890 0.374999999999413 0.145833333333605 0
891 0.374999999999465 0.16666666666697 0
892 0.374999999999518 0.187500000000335 0
893 0.37499999999957 0.2083333333337 0
894 0.374999999999622 0.229166666667065 0
895 0.374999999999675 0.250000000000429 0
896 0.374999999999727 0.270833333333794 0
897 0.37499999999978 0.291666666667159 0
898 0.374999999999832 0.312500000000524 0
899 0.374999999999884 0.333333333333888 0
900 0.374999999999937 0.354166666667253 0
901 0.374999999999989 0.375000000000618 0
902 0.375000000000042 0.395833333333983 0
903 0.375000000000094 0.416666666667347 0
904 0.375000000000146 0.437500000000712 0
905 0.375000000000199 0.458333333334074 0
906 0.375000000000251 0.479166666667435 0
907 0.375000000000303 0.500000000000797 0
908 0.375000000000356 0.520833333334064 0
909 0.375000000000408 0.54166666666733 0
910 0.375000000000461 0.562500000000597 0
911 0.375000000000513 0.583333333333861 0
912 0.375000000000565 0.604166666667124 0
913 0.375000000000618 0.625000000000388 0
914 0.37500000000067 0.645833333333651 0
915 0.375000000000723 0.666666666666915 0
916 0.375000000000775 0.687500000000179 0
917 0.375000000000827 0.708333333333442 0
918 0.37500000000088 0.729166666666706 0
919 0.375000000000932 0.74999999999997 0
920 0.375000000000984 0.770833333333233 0
921 0.375000000001037 0.791666666666497 0
922 0.375000000001089 0.81249999999976 0
923 0.375000000001142 0.833333333333029 0
924 0.375000000001194 0.854166666666296 0
925 0.375000000001247 0.874999999999565 0
926 0.375000000001299 0.895833333332968 0
927 0.375000000001351 0.916666666666372 0
928 0.375000000001404 0.937499999999775 0
929 0.375000000001456 0.958333333333184 0
930 0.375000000001509 0.979166666666592 0
931 0.375000000001561 1 0
932 0.395833333332319 0 0
933 0.395833333332374 0.0208333333333689 0
934 0.395833333332429 0.0416666666667379 0
935 0.395833333332485 0.0625000000001069 0
936 0.39583333333254 0.0833333333334794 0
937 0.395833333332596 0.104166666666852 0
938 0.395833333332651 0.125000000000224 0
939 0.395833333332707 0.145833333333587 0
940 0.395833333332762 0.166666666666948 0
941 0.395833333332818 0.187500000000311 0
942 0.395833333332873 0.208333333333672 0
943 0.395833333332929 0.229166666667034 0
944 0.395833333332984 0.250000000000396 0
945 0.39583333333304 0.270833333333757 0
946 0.395833333333095 0.291666666667119 0
947 0.395833333333151 0.312500000000481 0
948 0.395833333333206 0.333333333333842 0
949 0.395833333333261 0.354166666667204 0
950 0.395833333333317 0.375000000000565 0
951 0.395833333333373 0.395833333333927 0
952 0.395833333333428 0.416666666667289 0
953 0.395833333333483 0.43750000000065 0
954 0.395833333333539 0.458333333334009 0
955 0.395833333333594 0.479166666667368 0
956 0.39583333333365 0.500000000000727 0
957 0.395833333333705 0.520833333333997 0
958 0.395833333333761 0.541666666667268 0
959 0.395833333333816 0.562500000000539 0
960 0.395833333333872 0.583333333333806 0
961 0.395833333333927 0.604166666667074 0
962 0.395833333333983 0.625000000000342 0
963 0.395833333334038 0.64583333333361 0
964 0.395833333334093 0.666666666666878 0
965 0.395833333334149 0.687500000000145 0
966 0.395833333334204 0.708333333333413 0
967 0.39583333333426 0.729166666666681 0
968 0.395833333334315 0.749999999999949 0
969 0.395833333334371 0.770833333333216 0
970 0.395833333334426 0.791666666666484 0
971 0.395833333334482 0.812499999999752 0
972 0.395833333334537 0.833333333333024 0
973 0.395833333334593 0.854166666666296 0
974 0.395833333334648 0.874999999999568 0
975 0.395833333334704 0.895833333332971 0
976 0.395833333334759 0.916666666666374 0
977 0.395833333334815 0.937499999999777 0
978 0.39583333333487 0.958333333333185 0
979 0.395833333334925 0.979166666666592 0
980 0.395833333334981 1 0
981 0.416666666665591 0 0
982 0.41666666666565 0.0208333333333663 0
983 0.416666666665708 0.0416666666667325 0
984 0.416666666665767 0.0625000000000988 0
985 0.416666666665825 0.0833333333334688 0
986 0.416666666665884 0.104166666666839 0
987 0.416666666665942 0.125000000000209 0
988 0.416666666666001 0.145833333333568 0
989 0.41666666666606 0.166666666666927 0
990 0.416666666666118 0.187500000000286 0
991 0.416666666666177 0.208333333333644 0
992 0.416666666666235 0.229166666667003 0
993 0.416666666666293 0.250000000000361 0
994 0.416666666666352 0.27083333333372 0
995 0.416666666666411 0.291666666667079 0
996 0.416666666666469 0.312500000000437 0
997 0.416666666666528 0.333333333333796 0
998 0.416666666666586 0.354166666667155 0
999 0.416666666666645 0.375000000000513 0
1000 0.416666666666703 0.395833333333872 0
1001 0.416666666666762 0.41666666666723 0
1002 0.41666666666682 0.437500000000589 0
1003 0.416666666666879 0.458333333333945 0
1004 0.416666666666938 0.479166666667301 0
1005 0.416666666666996 0.500000000000656 0
1006 0.416666666667055 0.520833333333931 0
1007 0.416666666667113 0.541666666667206 0
1008 0.416666666667172 0.56250000000048 0
1009 0.41666666666723 0.583333333333752 0
1010 0.416666666667289 0.604166666667024 0
1011 0.416666666667347 0.625000000000296 0
1012 0.416666666667406 0.645833333333568 0
1013 0.416666666667464 0.66666666666684 0
1014 0.416666666667523 0.687500000000112 0
1015 0.416666666667582 0.708333333333384 0
1016 0.41666666666764 0.729166666666656 0
1017 0.416666666667699 0.749999999999928 0
1018 0.416666666667757 0.7708333333332 0
1019 0.416666666667815 0.791666666666471 0
1020 0.416666666667874 0.812499999999743 0
1021 0.416666666667933 0.83333333333302 0
1022 0.416666666667991 0.854166666666296 0
1023 0.41666666666805 0.874999999999572 0
1024 0.416666666668108 0.895833333332974 0
1025 0.416666666668167 0.916666666666377 0
1026 0.416666666668225 0.93749999999978 0
1027 0.416666666668284 0.958333333333186 0
1028 0.416666666668342 0.979166666666593 0
1029 0.416666666668401 1 0
1030 0.437499999998864 0 0
1031 0.437499999998925 0.0208333333333636 0
1032 0.437499999998987 0.0416666666667272 0
1033 0.437499999999048 0.0625000000000907 0
1034 0.43749999999911 0.0833333333334583 0
1035 0.437499999999172 0.104166666666826 0
1036 0.437499999999233 0.125000000000193 0
1037 0.437499999999295 0.145833333333549 0
1038 0.437499999999357 0.166666666666905 0
1039 0.437499999999418 0.187500000000261 0
1040 0.43749999999948 0.208333333333617 0
1041 0.437499999999541 0.229166666666972 0
1042 0.437499999999603 0.250000000000328 0
1043 0.437499999999664 0.270833333333683 0
1044 0.437499999999726 0.291666666667039 0
1045 0.437499999999788 0.312500000000394 0
1046 0.437499999999849 0.33333333333375 0
1047 0.437499999999911 0.354166666667105 0
1048 0.437499999999973 0.375000000000461 0
1049 0.437500000000034 0.395833333333816 0
1050 0.437500000000096 0.416666666667172 0
1051 0.437500000000157 0.437500000000527 0
1052 0.437500000000219 0.45833333333388 0
1053 0.437500000000281 0.479166666667233 0
1054 0.437500000000342 0.500000000000586 0
1055 0.437500000000404 0.520833333333865 0
1056 0.437500000000466 0.541666666667143 0
1057 0.437500000000527 0.562500000000422 0
1058 0.437500000000589 0.583333333333698 0
1059 0.43750000000065 0.604166666666974 0
1060 0.437500000000712 0.62500000000025 0
1061 0.437500000000774 0.645833333333526 0
1062 0.437500000000835 0.666666666666802 0
1063 0.437500000000897 0.687500000000078 0
1064 0.437500000000958 0.708333333333354 0
1065 0.43750000000102 0.72916666666663 0
1066 0.437500000001082 0.749999999999907 0
1067 0.437500000001143 0.770833333333183 0
1068 0.437500000001205 0.791666666666459 0
1069 0.437500000001266 0.812499999999735 0
1070 0.437500000001328 0.833333333333015 0
1071 0.43750000000139 0.854166666666295 0
1072 0.437500000001451 0.874999999999575 0
1073 0.437500000001513 0.895833333332977 0
1074 0.437500000001575 0.916666666666379 0
1075 0.437500000001636 0.937499999999782 0
1076 0.437500000001698 0.958333333333188 0
1077 0.437500000001759 0.979166666666594 0
1078 0.437500000001821 1 0
1079 0.45833333333214 0 0
1080 0.458333333332204 0.0208333333333609 0
1081 0.458333333332269 0.0416666666667218 0
1082 0.458333333332333 0.0625000000000827 0
1083 0.458333333332398 0.0833333333334477 0
1084 0.458333333332462 0.104166666666813 0
1085 0.458333333332527 0.125000000000178 0
1086 0.458333333332591 0.145833333333531 0
1087 0.458333333332656 0.166666666666884 0
1088 0.45833333333272 0.187500000000236 0
1089 0.458333333332784 0.208333333333589 0
1090 0.458333333332849 0.229166666666941 0
1091 0.458333333332913 0.250000000000294 0
1092 0.458333333332978 0.270833333333646 0
1093 0.458333333333042 0.291666666666998 0
1094 0.458333333333107 0.312500000000351 0
1095 0.458333333333171 0.333333333333703 0
1096 0.458333333333236 0.354166666667056 0
1097 0.4583333333333 0.375000000000408 0
1098 0.458333333333365 0.395833333333761 0
1099 0.458333333333429 0.416666666667113 0
1100 0.458333333333493 0.437500000000466 0
1101 0.458333333333558 0.458333333333816 0
1102 0.458333333333622 0.479166666667166 0
1103 0.458333333333687 0.500000000000516 0
1104 0.458333333333751 0.520833333333798 0
1105 0.458333333333816 0.541666666667081 0
1106 0.45833333333388 0.562500000000364 0
1107 0.458333333333945 0.583333333333644 0
1108 0.458333333334009 0.604166666666924 0
1109 0.458333333334074 0.625000000000204 0
1110 0.458333333334138 0.645833333333485 0
1111 0.458333333334203 0.666666666666765 0
1112 0.458333333334267 0.687500000000045 0
1113 0.458333333334331 0.708333333333325 0
1114 0.458333333334396 0.729166666666605 0
1115 0.45833333333446 0.749999999999886 0
1116 0.458333333334525 0.770833333333166 0
1117 0.458333333334589 0.791666666666446 0
1118 0.458333333334654 0.812499999999726 0
1119 0.458333333334718 0.833333333333011 0
1120 0.458333333334782 0.854166666666295 0
1121 0.458333333334847 0.874999999999579 0
1122 0.458333333334912 0.89583333333298 0
1123 0.458333333334976 0.916666666666382 0
1124 0.45833333333504 0.937499999999784 0
1125 0.458333333335105 0.958333333333189 0
1126 0.458333333335169 0.979166666666594 0
1127 0.458333333335234 1 0
1128 0.479166666665416 0 0
1129 0.479166666665483 0.0208333333333582 0
1130 0.479166666665551 0.0416666666667164 0
1131 0.479166666665618 0.0625000000000746 0
1132 0.479166666665685 0.0833333333334372 0
1133 0.479166666665753 0.1041666666668 0
1134 0.47916666666582 0.125000000000162 0
1135 0.479166666665887 0.145833333333512 0
1136 0.479166666665954 0.166666666666862 0
1137 0.479166666666022 0.187500000000212 0
1138 0.479166666666089 0.208333333333561 0
1139 0.479166666666156 0.22916666666691 0
1140 0.479166666666224 0.25000000000026 0
1141 0.479166666666291 0.270833333333609 0
1142 0.479166666666358 0.291666666666958 0
1143 0.479166666666425 0.312500000000308 0
1144 0.479166666666493 0.333333333333657 0
1145 0.47916666666656 0.354166666667007 0
1146 0.479166666666627 0.375000000000356 0
1147 0.479166666666695 0.395833333333705 0
1148 0.479166666666762 0.416666666667055 0
1149 0.479166666666829 0.437500000000404 0
1150 0.479166666666897 0.458333333333751 0
1151 0.479166666666964 0.479166666667099 0
1152 0.479166666667031 0.500000000000446 0
1153 0.479166666667099 0.520833333333732 0
1154 0.479166666667166 0.541666666667019 0
1155 0.479166666667233 0.562500000000305 0
1156 0.479166666667301 0.583333333333589 0
1157 0.479166666667368 0.604166666666874 0
1158 0.479166666667435 0.625000000000158 0
1159 0.479166666667503 0.645833333333443 0
1160 0.47916666666757 0.666666666666727 0
1161 0.479166666667637 0.687500000000012 0
1162 0.479166666667704 0.708333333333296 0
1163 0.479166666667772 0.72916666666658 0
1164 0.479166666667839 0.749999999999865 0
1165 0.479166666667906 0.770833333333149 0
1166 0.479166666667974 0.791666666666433 0
1167 0.479166666668041 0.812499999999718 0
1168 0.479166666668108 0.833333333333006 0
1169 0.479166666668175 0.854166666666294 0
1170 0.479166666668243 0.874999999999582 0
1171 0.47916666666831 0.895833333332983 0
1172 0.479166666668377 0.916666666666384 0
1173 0.479166666668445 0.937499999999786 0
1174 0.479166666668512 0.95833333333319 0
1175 0.479166666668579 0.979166666666595 0
1176 0.479166666668647 1 0
1177 0.499999999998692 0 0
1178 0.499999999998762 0.0208333333333555 0
1179 0.499999999998832 0.041666666666711 0
1180 0.499999999998902 0.0625000000000665 0
1181 0.499999999998973 0.0833333333334266 0
1182 0.499999999999043 0.104166666666787 0
1183 0.499999999999113 0.125000000000147 0
1184 0.499999999999183 0.145833333333493 0
1185 0.499999999999253 0.16666666666684 0
1186 0.499999999999323 0.187500000000187 0
1187 0.499999999999394 0.208333333333533 0
1188 0.499999999999464 0.229166666666879 0
1189 0.499999999999534 0.250000000000226 0
1190 0.499999999999604 0.270833333333572 0
1191 0.499999999999674 0.291666666666918 0
1192 0.499999999999744 0.312500000000265 0
1193 0.499999999999814 0.333333333333611 0
1194 0.499999999999885 0.354166666666957 0
1195 0.499999999999955 0.375000000000303 0
1196 0.500000000000025 0.39583333333365 0
1197 0.500000000000095 0.416666666666996 0
1198 0.500000000000165 0.437500000000342 0
1199 0.500000000000235 0.458333333333687 0
1200 0.500000000000306 0.479166666667031 0
1201 0.500000000000376 0.500000000000376 0
1202 0.500000000000446 0.520833333333666 0
1203 0.500000000000516 0.541666666666956 0
1204 0.500000000000586 0.562500000000247 0
1205 0.500000000000656 0.583333333333535 0
1206 0.500000000000727 0.604166666666824 0
1207 0.500000000000797 0.625000000000113 0
1208 0.500000000000867 0.645833333333401 0
1209 0.500000000000937 0.66666666666669 0
1210 0.500000000001007 0.687499999999978 0
1211 0.500000000001077 0.708333333333267 0
1212 0.500000000001148 0.729166666666555 0
1213 0.500000000001218 0.749999999999844 0
1214 0.500000000001288 0.770833333333132 0
1215 0.500000000001358 0.791666666666421 0
1216 0.500000000001428 0.812499999999709 0
1217 0.500000000001498 0.833333333333001 0
1218 0.500000000001568 0.854166666666294 0
1219 0.500000000001638 0.874999999999586 0
1220 0.500000000001709 0.895833333332986 0
1221 0.500000000001779 0.916666666666387 0
1222 0.500000000001849 0.937499999999788 0
1223 0.500000000001919 0.958333333333192 0
1224 0.500000000001989 0.979166666666596 0
1225 0.500000000002059 1 0
1226 0.520833333332077 0 0
1227 0.520833333332143 0.0208333333333528 0
1228 0.520833333332209 0.0416666666667056 0
1229 0.520833333332275 0.0625000000000585 0
1230 0.520833333332342 0.083333333333416 0
1231 0.520833333332408 0.104166666666774 0
1232 0.520833333332474 0.125000000000131 0
1233 0.52083333333254 0.145833333333475 0
1234 0.520833333332607 0.166666666666819 0
1235 0.520833333332673 0.187500000000162 0
1236 0.520833333332739 0.208333333333505 0
1237 0.520833333332805 0.229166666666849 0
1238 0.520833333332871 0.250000000000192 0
1239 0.520833333332938 0.270833333333535 0
1240 0.520833333333004 0.291666666666878 0
1241 0.52083333333307 0.312500000000221 0
1242 0.520833333333136 0.333333333333565 0
1243 0.520833333333202 0.354166666666908 0
1244 0.520833333333269 0.375000000000251 0
1245 0.520833333333335 0.395833333333594 0
1246 0.520833333333401 0.416666666666938 0
1247 0.520833333333467 0.437500000000281 0
1248 0.520833333333534 0.458333333333622 0
1249 0.5208333333336 0.479166666666964 0
1250 0.520833333333666 0.500000000000306 0
1251 0.520833333333732 0.5208333333336 0
1252 0.520833333333798 0.541666666666894 0
1253 0.520833333333865 0.562500000000188 0
1254 0.520833333333931 0.583333333333481 0
1255 0.520833333333997 0.604166666666774 0
1256 0.520833333334063 0.625000000000067 0
1257 0.52083333333413 0.645833333333359 0
1258 0.520833333334196 0.666666666666652 0
1259 0.520833333334262 0.687499999999945 0
1260 0.520833333334328 0.708333333333238 0
1261 0.520833333334395 0.72916666666653 0
1262 0.520833333334461 0.749999999999823 0
1263 0.520833333334527 0.770833333333116 0
1264 0.520833333334593 0.791666666666408 0
1265 0.52083333333466 0.812499999999701 0
1266 0.520833333334726 0.833333333332997 0
1267 0.520833333334792 0.854166666666293 0
1268 0.520833333334858 0.874999999999589 0
1269 0.520833333334924 0.895833333332989 0
1270 0.520833333334991 0.916666666666389 0
1271 0.520833333335057 0.93749999999979 0
1272 0.520833333335123 0.958333333333193 0
1273 0.52083333333519 0.979166666666596 0
1274 0.520833333335257 1 0
1275 0.541666666665461 0 0
1276 0.541666666665524 0.0208333333333501 0
1277 0.541666666665586 0.0416666666667003 0
1278 0.541666666665648 0.0625000000000504 0
1279 0.541666666665711 0.0833333333334055 0
1280 0.541666666665773 0.10416666666676 0
1281 0.541666666665835 0.125000000000116 0
1282 0.541666666665897 0.145833333333456 0
1283 0.54166666666596 0.166666666666797 0
1284 0.541666666666022 0.187500000000137 0
1285 0.541666666666084 0.208333333333478 0
1286 0.541666666666146 0.229166666666818 0
1287 0.541666666666209 0.250000000000158 0
1288 0.541666666666271 0.270833333333498 0
1289 0.541666666666333 0.291666666666838 0
1290 0.541666666666396 0.312500000000178 0
1291 0.541666666666458 0.333333333333518 0
1292 0.54166666666652 0.354166666666858 0
1293 0.541666666666583 0.375000000000199 0
1294 0.541666666666645 0.395833333333539 0
1295 0.541666666666707 0.416666666666879 0
1296 0.54166666666677 0.437500000000219 0
1297 0.541666666666832 0.458333333333558 0
1298 0.541666666666894 0.479166666666897 0
1299 0.541666666666956 0.500000000000235 0
1300 0.541666666667019 0.520833333333534 0
1301 0.541666666667081 0.541666666666832 0
1302 0.541666666667143 0.56250000000013 0
1303 0.541666666667206 0.583333333333427 0
1304 0.541666666667268 0.604166666666724 0
1305 0.54166666666733 0.625000000000021 0
1306 0.541666666667392 0.645833333333318 0
1307 0.541666666667455 0.666666666666614 0
1308 0.541666666667517 0.687499999999911 0
1309 0.541666666667579 0.708333333333208 0
1310 0.541666666667642 0.729166666666505 0
1311 0.541666666667704 0.749999999999802 0
1312 0.541666666667766 0.770833333333099 0
1313 0.541666666667829 0.791666666666395 0
1314 0.541666666667891 0.812499999999692 0
1315 0.541666666667953 0.833333333332993 0
1316 0.541666666668015 0.854166666666293 0
1317 0.541666666668078 0.874999999999593 0
1318 0.54166666666814 0.895833333332992 0
1319 0.541666666668202 0.916666666666392 0
1320 0.541666666668265 0.937499999999792 0
1321 0.541666666668328 0.958333333333194 0
1322 0.541666666668391 0.979166666666597 0
1323 0.541666666668454 1 0
1324 0.562499999998846 0 0
1325 0.562499999998904 0.0208333333333474 0
1326 0.562499999998963 0.0416666666666949 0
1327 0.562499999999021 0.0625000000000423 0
1328 0.56249999999908 0.0833333333333949 0
1329 0.562499999999138 0.104166666666747 0
1330 0.562499999999196 0.1250000000001 0
1331 0.562499999999254 0.145833333333438 0
1332 0.562499999999313 0.166666666666775 0
1333 0.562499999999371 0.187500000000113 0
1334 0.56249999999943 0.20833333333345 0
1335 0.562499999999488 0.229166666666787 0
1336 0.562499999999546 0.250000000000124 0
1337 0.562499999999605 0.270833333333461 0
1338 0.562499999999663 0.291666666666798 0
1339 0.562499999999722 0.312500000000135 0
1340 0.56249999999978 0.333333333333472 0
1341 0.562499999999838 0.354166666666809 0
1342 0.562499999999897 0.375000000000146 0
1343 0.562499999999955 0.395833333333483 0
1344 0.562500000000013 0.416666666666821 0
1345 0.562500000000072 0.437500000000157 0
1346 0.56250000000013 0.458333333333493 0
1347 0.562500000000188 0.479166666666829 0
1348 0.562500000000247 0.500000000000165 0
1349 0.562500000000305 0.520833333333467 0
1350 0.562500000000363 0.54166666666677 0
1351 0.562500000000422 0.562500000000072 0
1352 0.56250000000048 0.583333333333373 0
1353 0.562500000000539 0.604166666666674 0
1354 0.562500000000597 0.624999999999975 0
1355 0.562500000000655 0.645833333333276 0
1356 0.562500000000714 0.666666666666577 0
1357 0.562500000000772 0.687499999999878 0
1358 0.56250000000083 0.708333333333179 0
1359 0.562500000000889 0.72916666666648 0
1360 0.562500000000947 0.749999999999781 0
1361 0.562500000001006 0.770833333333082 0
1362 0.562500000001064 0.791666666666383 0
1363 0.562500000001122 0.812499999999684 0
1364 0.562500000001181 0.833333333332988 0
1365 0.562500000001239 0.854166666666292 0
1366 0.562500000001297 0.874999999999596 0
1367 0.562500000001356 0.895833333332995 0
1368 0.562500000001414 0.916666666666394 0
1369 0.562500000001472 0.937499999999793 0
1370 0.562500000001531 0.958333333333196 0
1371 0.562500000001589 0.979166666666598 0
1372 0.562500000001648 1 0
1373 0.583333333332234 0 0
1374 0.583333333332288 0.0208333333333448 0
1375 0.583333333332343 0.0416666666666895 0
1376 0.583333333332397 0.0625000000000343 0
1377 0.583333333332451 0.0833333333333843 0
1378 0.583333333332505 0.104166666666734 0
1379 0.58333333333256 0.125000000000084 0
1380 0.583333333332614 0.145833333333419 0
1381 0.583333333332668 0.166666666666753 0
1382 0.583333333332722 0.187500000000088 0
1383 0.583333333332776 0.208333333333422 0
1384 0.583333333332831 0.229166666666756 0
1385 0.583333333332885 0.25000000000009 0
1386 0.583333333332939 0.270833333333424 0
1387 0.583333333332993 0.291666666666758 0
1388 0.583333333333047 0.312500000000092 0
1389 0.583333333333102 0.333333333333426 0
1390 0.583333333333156 0.35416666666676 0
1391 0.58333333333321 0.375000000000094 0
1392 0.583333333333264 0.395833333333428 0
1393 0.583333333333318 0.416666666666762 0
1394 0.583333333333373 0.437500000000096 0
1395 0.583333333333427 0.458333333333429 0
1396 0.583333333333481 0.479166666666762 0
1397 0.583333333333535 0.500000000000095 0
1398 0.583333333333589 0.520833333333401 0
1399 0.583333333333644 0.541666666666707 0
1400 0.583333333333698 0.562500000000013 0
1401 0.583333333333752 0.583333333333319 0
1402 0.583333333333806 0.604166666666624 0
1403 0.583333333333861 0.624999999999929 0
1404 0.583333333333915 0.645833333333234 0
1405 0.583333333333969 0.666666666666539 0
1406 0.583333333334023 0.687499999999844 0
1407 0.583333333334077 0.70833333333315 0
1408 0.583333333334132 0.729166666666455 0
1409 0.583333333334186 0.74999999999976 0
1410 0.58333333333424 0.770833333333065 0
1411 0.583333333334294 0.79166666666637 0
1412 0.583333333334348 0.812499999999675 0
1413 0.583333333334403 0.833333333332984 0
1414 0.583333333334457 0.854166666666292 0
1415 0.583333333334511 0.8749999999996 0
1416 0.583333333334565 0.895833333332998 0
1417 0.583333333334619 0.916666666666397 0
1418 0.583333333334674 0.937499999999795 0
1419 0.583333333334728 0.958333333333197 0
1420 0.583333333334783 0.979166666666598 0
1421 0.583333333334838 1 0
1422 0.604166666665623 0 0
1423 0.604166666665673 0.0208333333333421 0
1424 0.604166666665723 0.0416666666666841 0
1425 0.604166666665773 0.0625000000000262 0
1426 0.604166666665823 0.0833333333333738 0
1427 0.604166666665873 0.104166666666721 0
1428 0.604166666665923 0.125000000000069 0
1429 0.604166666665973 0.1458333333334 0
1430 0.604166666666023 0.166666666666732 0
1431 0.604166666666073 0.187500000000063 0
1432 0.604166666666123 0.208333333333394 0
1433 0.604166666666173 0.229166666666725 0
1434 0.604166666666223 0.250000000000056 0
1435 0.604166666666273 0.270833333333387 0
1436 0.604166666666323 0.291666666666718 0
1437 0.604166666666373 0.312500000000049 0
1438 0.604166666666423 0.33333333333338 0
1439 0.604166666666473 0.354166666666711 0
1440 0.604166666666523 0.375000000000042 0
1441 0.604166666666573 0.395833333333372 0
1442 0.604166666666624 0.416666666666703 0
1443 0.604166666666674 0.437500000000034 0
1444 0.604166666666724 0.458333333333365 0
1445 0.604166666666774 0.479166666666695 0
1446 0.604166666666824 0.500000000000025 0
1447 0.604166666666874 0.520833333333335 0
1448 0.604166666666924 0.541666666666645 0
1449 0.604166666666974 0.562499999999955 0
1450 0.604166666667024 0.583333333333264 0
1451 0.604166666667074 0.604166666666574 0
1452 0.604166666667124 0.624999999999883 0
1453 0.604166666667174 0.645833333333192 0
1454 0.604166666667224 0.666666666666502 0
1455 0.604166666667274 0.687499999999811 0
1456 0.604166666667324 0.70833333333312 0
1457 0.604166666667375 0.72916666666643 0
1458 0.604166666667425 0.749999999999739 0
1459 0.604166666667475 0.770833333333048 0
1460 0.604166666667525 0.791666666666357 0
1461 0.604166666667575 0.812499999999667 0
1462 0.604166666667625 0.833333333332979 0
1463 0.604166666667675 0.854166666666291 0
1464 0.604166666667725 0.874999999999603 0
1465 0.604166666667775 0.895833333333001 0
1466 0.604166666667825 0.916666666666399 0
1467 0.604166666667875 0.937499999999797 0
1468 0.604166666667926 0.958333333333198 0
1469 0.604166666667977 0.979166666666599 0
1470 0.604166666668028 1 0
1471 0.624999999999011 0 0
1472 0.624999999999057 0.0208333333333394 0
1473 0.624999999999103 0.0416666666666788 0
1474 0.624999999999149 0.0625000000000181 0
1475 0.624999999999195 0.0833333333333632 0
1476 0.62499999999924 0.104166666666708 0
1477 0.624999999999286 0.125000000000053 0
1478 0.624999999999332 0.145833333333382 0
1479 0.624999999999378 0.16666666666671 0
1480 0.624999999999424 0.187500000000039 0
1481 0.62499999999947 0.208333333333366 0
1482 0.624999999999516 0.229166666666694 0
1483 0.624999999999562 0.250000000000022 0
1484 0.624999999999608 0.27083333333335 0
1485 0.624999999999653 0.291666666666678 0
1486 0.624999999999699 0.312500000000006 0
1487 0.624999999999745 0.333333333333333 0
1488 0.624999999999791 0.354166666666661 0
1489 0.624999999999837 0.374999999999989 0
1490 0.624999999999883 0.395833333333317 0
1491 0.624999999999929 0.416666666666645 0
1492 0.624999999999975 0.437499999999973 0
1493 0.625000000000021 0.4583333333333 0
1494 0.625000000000067 0.479166666666627 0
1495 0.625000000000113 0.499999999999955 0
1496 0.625000000000158 0.520833333333269 0
1497 0.625000000000204 0.541666666666583 0
1498 0.62500000000025 0.562499999999897 0
1499 0.625000000000296 0.58333333333321 0
1500 0.625000000000342 0.604166666666524 0
1501 0.625000000000388 0.624999999999837 0
1502 0.625000000000434 0.645833333333151 0
1503 0.62500000000048 0.666666666666464 0
1504 0.625000000000525 0.687499999999778 0
1505 0.625000000000571 0.708333333333091 0
1506 0.625000000000617 0.729166666666404 0
1507 0.625000000000663 0.749999999999718 0
1508 0.625000000000709 0.770833333333031 0
1509 0.625000000000755 0.791666666666345 0
1510 0.625000000000801 0.812499999999658 0
1511 0.625000000000847 0.833333333332975 0
1512 0.625000000000893 0.854166666666291 0
1513 0.625000000000939 0.874999999999607 0
1514 0.625000000000985 0.895833333333004 0
1515 0.62500000000103 0.916666666666402 0
1516 0.625000000001076 0.937499999999799 0
1517 0.625000000001122 0.958333333333199 0
1518 0.625000000001168 0.9791666666666 0
1519 0.625000000001214 1 0
1520 0.645833333332399 0 0
1521 0.645833333332441 0.0208333333333367 0
1522 0.645833333332483 0.0416666666666734 0
1523 0.645833333332524 0.0625000000000101 0
1524 0.645833333332566 0.0833333333333526 0
1525 0.645833333332608 0.104166666666695 0
1526 0.64583333333265 0.125000000000038 0
1527 0.645833333332691 0.145833333333363 0
1528 0.645833333332733 0.166666666666688 0
1529 0.645833333332775 0.187500000000014 0
1530 0.645833333332817 0.208333333333339 0
1531 0.645833333332858 0.229166666666663 0
1532 0.6458333333329 0.249999999999988 0
1533 0.645833333332942 0.270833333333313 0
1534 0.645833333332984 0.291666666666638 0
1535 0.645833333333025 0.312499999999962 0
1536 0.645833333333067 0.333333333333287 0
1537 0.645833333333109 0.354166666666612 0
1538 0.64583333333315 0.374999999999937 0
1539 0.645833333333192 0.395833333333261 0
1540 0.645833333333234 0.416666666666586 0
1541 0.645833333333276 0.437499999999911 0
1542 0.645833333333317 0.458333333333236 0
1543 0.645833333333359 0.47916666666656 0
1544 0.645833333333401 0.499999999999885 0
1545 0.645833333333443 0.520833333333203 0
1546 0.645833333333485 0.54166666666652 0
1547 0.645833333333526 0.562499999999838 0
1548 0.645833333333568 0.583333333333156 0
1549 0.64583333333361 0.604166666666474 0
1550 0.645833333333651 0.624999999999791 0
1551 0.645833333333693 0.645833333333109 0
1552 0.645833333333735 0.666666666666426 0
1553 0.645833333333777 0.687499999999744 0
1554 0.645833333333818 0.708333333333062 0
1555 0.64583333333386 0.729166666666379 0
1556 0.645833333333902 0.749999999999697 0
1557 0.645833333333944 0.770833333333015 0
1558 0.645833333333985 0.791666666666332 0
1559 0.645833333334027 0.81249999999965 0
1560 0.645833333334069 0.83333333333297 0
1561 0.645833333334111 0.85416666666629 0
1562 0.645833333334152 0.87499999999961 0
1563 0.645833333334194 0.895833333333007 0
1564 0.645833333334236 0.916666666666404 0
1565 0.645833333334278 0.937499999999801 0
1566 0.64583333333431 0.958333333333201 0
1567 0.645833333334342 0.979166666666601 0
1568 0.645833333334374 1 0
1569 0.666666666665788 0 0
1570 0.666666666665825 0.020833333333334 0
1571 0.666666666665863 0.041666666666668 0
1572 0.6666666666659 0.062500000000002 0
1573 0.666666666665938 0.083333333333342 0
1574 0.666666666665975 0.104166666666682 0
1575 0.666666666666013 0.125000000000022 0
1576 0.666666666666051 0.145833333333345 0
1577 0.666666666666088 0.166666666666667 0
1578 0.666666666666126 0.187499999999989 0
1579 0.666666666666163 0.208333333333311 0
1580 0.666666666666201 0.229166666666632 0
1581 0.666666666666239 0.249999999999954 0
1582 0.666666666666276 0.270833333333276 0
1583 0.666666666666314 0.291666666666598 0
1584 0.666666666666351 0.312499999999919 0
1585 0.666666666666389 0.333333333333241 0
1586 0.666666666666426 0.354166666666563 0
1587 0.666666666666464 0.374999999999884 0
1588 0.666666666666502 0.395833333333206 0
1589 0.666666666666539 0.416666666666528 0
1590 0.666666666666577 0.43749999999985 0
1591 0.666666666666614 0.458333333333171 0
1592 0.666666666666652 0.479166666666493 0
1593 0.66666666666669 0.499999999999815 0
1594 0.666666666666727 0.520833333333136 0
1595 0.666666666666765 0.541666666666458 0
1596 0.666666666666802 0.56249999999978 0
1597 0.66666666666684 0.583333333333102 0
1598 0.666666666666877 0.604166666666423 0
1599 0.666666666666915 0.624999999999745 0
1600 0.666666666666953 0.645833333333067 0
1601 0.66666666666699 0.666666666666389 0
1602 0.666666666667028 0.687499999999711 0
1603 0.666666666667065 0.708333333333032 0
1604 0.666666666667103 0.729166666666354 0
1605 0.666666666667141 0.749999999999676 0
1606 0.666666666667178 0.770833333332998 0
1607 0.666666666667216 0.79166666666632 0
1608 0.666666666667253 0.812499999999642 0
1609 0.666666666667291 0.833333333332966 0
1610 0.666666666667329 0.85416666666629 0
1611 0.666666666667366 0.874999999999614 0
1612 0.666666666667404 0.895833333333011 0
1613 0.666666666667442 0.916666666666407 0
1614 0.666666666667479 0.937499999999803 0
1615 0.666666666667524 0.958333333333202 0
1616 0.666666666667569 0.979166666666601 0
1617 0.666666666667614 1 0
1618 0.687499999999176 0 0
1619 0.687499999999209 0.0208333333333313 0
1620 0.687499999999243 0.0416666666666626 0
1621 0.687499999999276 0.0624999999999939 0
1622 0.68749999999931 0.0833333333333315 0
1623 0.687499999999343 0.104166666666669 0
1624 0.687499999999376 0.125000000000007 0
1625 0.68749999999941 0.145833333333326 0
1626 0.687499999999443 0.166666666666645 0
1627 0.687499999999477 0.187499999999964 0
1628 0.68749999999951 0.208333333333283 0
1629 0.687499999999544 0.229166666666601 0
1630 0.687499999999577 0.24999999999992 0
1631 0.68749999999961 0.270833333333239 0
1632 0.687499999999644 0.291666666666557 0
1633 0.687499999999677 0.312499999999876 0
1634 0.687499999999711 0.333333333333195 0
1635 0.687499999999744 0.354166666666513 0
1636 0.687499999999778 0.374999999999832 0
1637 0.687499999999811 0.395833333333151 0
1638 0.687499999999844 0.416666666666469 0
1639 0.687499999999878 0.437499999999788 0
1640 0.687499999999911 0.458333333333107 0
1641 0.687499999999945 0.479166666666426 0
1642 0.687499999999978 0.499999999999744 0
1643 0.687500000000011 0.52083333333307 0
1644 0.687500000000045 0.541666666666396 0
1645 0.687500000000078 0.562499999999722 0
1646 0.687500000000112 0.583333333333047 0
1647 0.687500000000145 0.604166666666374 0
1648 0.687500000000179 0.624999999999699 0
1649 0.687500000000212 0.645833333333025 0
1650 0.687500000000245 0.666666666666351 0
1651 0.687500000000279 0.687499999999677 0
1652 0.687500000000312 0.708333333333003 0
1653 0.687500000000346 0.729166666666329 0
1654 0.687500000000379 0.749999999999655 0
1655 0.687500000000413 0.770833333332981 0
1656 0.687500000000446 0.791666666666307 0
1657 0.68750000000048 0.812499999999633 0
1658 0.687500000000513 0.833333333332961 0
1659 0.687500000000547 0.854166666666289 0
1660 0.68750000000058 0.874999999999617 0
1661 0.687500000000613 0.895833333333013 0
1662 0.687500000000647 0.916666666666409 0
1663 0.68750000000068 0.937499999999805 0
1664 0.687500000000714 0.958333333333203 0
1665 0.687500000000747 0.979166666666602 0
1666 0.68750000000078 1 0
1667 0.708333333332564 0 0
1668 0.708333333332593 0.0208333333333286 0
1669 0.708333333332623 0.0416666666666572 0
1670 0.708333333332652 0.0624999999999859 0
1671 0.708333333332681 0.0833333333333209 0
1672 0.70833333333271 0.104166666666656 0
1673 0.70833333333274 0.124999999999991 0
1674 0.708333333332769 0.145833333333307 0
1675 0.708333333332798 0.166666666666623 0
1676 0.708333333332828 0.18749999999994 0
1677 0.708333333332857 0.208333333333255 0
1678 0.708333333332886 0.229166666666571 0
1679 0.708333333332915 0.249999999999886 0
1680 0.708333333332945 0.270833333333202 0
1681 0.708333333332974 0.291666666666517 0
1682 0.708333333333003 0.312499999999833 0
1683 0.708333333333032 0.333333333333149 0
1684 0.708333333333062 0.354166666666464 0
1685 0.708333333333091 0.37499999999978 0
1686 0.70833333333312 0.395833333333095 0
1687 0.70833333333315 0.416666666666411 0
1688 0.708333333333179 0.437499999999726 0
1689 0.708333333333208 0.458333333333042 0
1690 0.708333333333237 0.479166666666358 0
1691 0.708333333333267 0.499999999999674 0
1692 0.708333333333296 0.520833333333004 0
1693 0.708333333333325 0.541666666666333 0
1694 0.708333333333354 0.562499999999663 0
1695 0.708333333333384 0.583333333332993 0
1696 0.708333333333413 0.604166666666323 0
1697 0.708333333333442 0.624999999999654 0
1698 0.708333333333472 0.645833333332984 0
1699 0.708333333333501 0.666666666666314 0
1700 0.70833333333353 0.687499999999644 0
1701 0.708333333333559 0.708333333332974 0
1702 0.708333333333589 0.729166666666304 0
1703 0.708333333333618 0.749999999999634 0
1704 0.708333333333647 0.770833333332964 0
1705 0.708333333333677 0.791666666666294 0
1706 0.708333333333706 0.812499999999624 0
1707 0.708333333333735 0.833333333332957 0
1708 0.708333333333764 0.854166666666289 0
1709 0.708333333333794 0.874999999999621 0
1710 0.708333333333823 0.895833333333016 0
1711 0.708333333333852 0.916666666666412 0
1712 0.708333333333882 0.937499999999807 0
1713 0.708333333333911 0.958333333333205 0
1714 0.708333333333941 0.979166666666602 0
1715 0.708333333333971 1 0
1716 0.729166666665952 0 0
1717 0.729166666665978 0.0208333333333259 0
1718 0.729166666666003 0.0416666666666519 0
1719 0.729166666666028 0.0624999999999778 0
1720 0.729166666666053 0.0833333333333104 0
1721 0.729166666666078 0.104166666666643 0
1722 0.729166666666103 0.124999999999976 0
1723 0.729166666666128 0.145833333333289 0
1724 0.729166666666153 0.166666666666602 0
1725 0.729166666666178 0.187499999999915 0
1726 0.729166666666204 0.208333333333227 0
1727 0.729166666666229 0.22916666666654 0
1728 0.729166666666254 0.249999999999852 0
1729 0.729166666666279 0.270833333333165 0
1730 0.729166666666304 0.291666666666477 0
1731 0.729166666666329 0.31249999999979 0
1732 0.729166666666354 0.333333333333102 0
1733 0.729166666666379 0.354166666666415 0
1734 0.729166666666404 0.374999999999727 0
1735 0.72916666666643 0.39583333333304 0
1736 0.729166666666455 0.416666666666352 0
1737 0.72916666666648 0.437499999999665 0
1738 0.729166666666505 0.458333333332978 0
1739 0.72916666666653 0.479166666666291 0
1740 0.729166666666555 0.499999999999604 0
1741 0.72916666666658 0.520833333332938 0
1742 0.729166666666605 0.541666666666271 0
1743 0.729166666666631 0.562499999999605 0
1744 0.729166666666656 0.583333333332939 0
1745 0.729166666666681 0.604166666666273 0
1746 0.729166666666706 0.624999999999608 0
1747 0.729166666666731 0.645833333332942 0
1748 0.729166666666756 0.666666666666276 0
1749 0.729166666666781 0.68749999999961 0
1750 0.729166666666806 0.708333333332945 0
1751 0.729166666666831 0.729166666666279 0
1752 0.729166666666857 0.749999999999613 0
1753 0.729166666666882 0.770833333332948 0
1754 0.729166666666907 0.791666666666282 0
1755 0.729166666666932 0.812499999999616 0
1756 0.729166666666957 0.833333333332952 0
1757 0.729166666666982 0.854166666666288 0
1758 0.729166666667007 0.874999999999625 0
1759 0.729166666667033 0.895833333333019 0
1760 0.729166666667058 0.916666666666414 0
1761 0.729166666667083 0.937499999999809 0
1762 0.729166666667099 0.958333333333206 0
1763 0.729166666667116 0.979166666666603 0
1764 0.729166666667132 1 0
1765 0.749999999999341 0 0
1766 0.749999999999362 0.0208333333333232 0
1767 0.749999999999382 0.0416666666666465 0
1768 0.749999999999403 0.0624999999999697 0
1769 0.749999999999424 0.0833333333332998 0
1770 0.749999999999445 0.10416666666663 0
1771 0.749999999999466 0.12499999999996 0
1772 0.749999999999487 0.14583333333327 0
1773 0.749999999999508 0.16666666666658 0
1774 0.749999999999529 0.18749999999989 0
1775 0.74999999999955 0.2083333333332 0
1776 0.749999999999571 0.229166666666509 0
1777 0.749999999999592 0.249999999999818 0
1778 0.749999999999613 0.270833333333128 0
1779 0.749999999999634 0.291666666666437 0
1780 0.749999999999655 0.312499999999746 0
1781 0.749999999999676 0.333333333333056 0
1782 0.749999999999697 0.354166666666365 0
1783 0.749999999999718 0.374999999999675 0
1784 0.749999999999739 0.395833333332984 0
1785 0.74999999999976 0.416666666666293 0
1786 0.749999999999781 0.437499999999603 0
1787 0.749999999999802 0.458333333332913 0
1788 0.749999999999823 0.479166666666224 0
1789 0.749999999999844 0.499999999999534 0
1790 0.749999999999865 0.520833333332872 0
1791 0.749999999999886 0.541666666666209 0
1792 0.749999999999907 0.562499999999546 0
1793 0.749999999999928 0.583333333332885 0
1794 0.749999999999949 0.604166666666223 0
1795 0.74999999999997 0.624999999999562 0
1796 0.749999999999991 0.6458333333329 0
1797 0.750000000000012 0.666666666666239 0
1798 0.750000000000033 0.687499999999577 0
1799 0.750000000000053 0.708333333332915 0
1800 0.750000000000074 0.729166666666254 0
1801 0.750000000000095 0.749999999999592 0
1802 0.750000000000116 0.770833333332931 0
1803 0.750000000000137 0.791666666666269 0
1804 0.750000000000158 0.812499999999607 0
1805 0.750000000000179 0.833333333332948 0
1806 0.7500000000002 0.854166666666288 0
1807 0.750000000000221 0.874999999999628 0
1808 0.750000000000242 0.895833333333023 0
1809 0.750000000000263 0.916666666666417 0
1810 0.750000000000284 0.937499999999811 0
1811 0.750000000000305 0.958333333333208 0
1812 0.750000000000326 0.979166666666604 0
1813 0.750000000000347 1 0
1814 0.770833333332729 0 0
1815 0.770833333332746 0.0208333333333206 0
1816 0.770833333332762 0.0416666666666411 0
1817 0.770833333332779 0.0624999999999617 0
1818 0.770833333332796 0.0833333333332892 0
1819 0.770833333332813 0.104166666666617 0
1820 0.77083333333283 0.124999999999944 0
1821 0.770833333332846 0.145833333333251 0
1822 0.770833333332863 0.166666666666558 0
1823 0.77083333333288 0.187499999999865 0
1824 0.770833333332897 0.208333333333172 0
1825 0.770833333332914 0.229166666666478 0
1826 0.770833333332931 0.249999999999784 0
1827 0.770833333332948 0.270833333333091 0
1828 0.770833333332964 0.291666666666397 0
1829 0.770833333332981 0.312499999999703 0
1830 0.770833333332998 0.33333333333301 0
1831 0.770833333333015 0.354166666666316 0
1832 0.770833333333031 0.374999999999623 0
1833 0.770833333333048 0.395833333332929 0
1834 0.770833333333065 0.416666666666235 0
1835 0.770833333333082 0.437499999999541 0
1836 0.770833333333099 0.458333333332849 0
1837 0.770833333333116 0.479166666666156 0
1838 0.770833333333132 0.499999999999464 0
1839 0.770833333333149 0.520833333332805 0
1840 0.770833333333166 0.541666666666147 0
1841 0.770833333333183 0.562499999999488 0
1842 0.770833333333199 0.583333333332831 0
1843 0.770833333333216 0.604166666666173 0
1844 0.770833333333233 0.624999999999516 0
1845 0.77083333333325 0.645833333332858 0
1846 0.770833333333267 0.666666666666201 0
1847 0.770833333333284 0.687499999999544 0
1848 0.770833333333301 0.708333333332886 0
1849 0.770833333333317 0.729166666666229 0
1850 0.770833333333334 0.749999999999571 0
1851 0.770833333333351 0.770833333332914 0
1852 0.770833333333368 0.791666666666256 0
1853 0.770833333333385 0.812499999999599 0
1854 0.770833333333401 0.833333333332943 0
1855 0.770833333333418 0.854166666666287 0
1856 0.770833333333435 0.874999999999632 0
1857 0.770833333333452 0.895833333333026 0
1858 0.770833333333468 0.916666666666419 0
1859 0.770833333333485 0.937499999999813 0
1860 0.770833333333502 0.958333333333209 0
1861 0.770833333333518 0.979166666666604 0
1862 0.770833333333534 1 0
1863 0.791666666666117 0 0
1864 0.79166666666613 0.0208333333333179 0
1865 0.791666666666143 0.0416666666666357 0
1866 0.791666666666155 0.0624999999999536 0
1867 0.791666666666168 0.0833333333332787 0
1868 0.79166666666618 0.104166666666604 0
1869 0.791666666666193 0.124999999999929 0
1870 0.791666666666205 0.145833333333233 0
1871 0.791666666666218 0.166666666666537 0
1872 0.791666666666231 0.187499999999841 0
1873 0.791666666666244 0.208333333333144 0
1874 0.791666666666256 0.229166666666447 0
1875 0.791666666666269 0.24999999999975 0
1876 0.791666666666282 0.270833333333054 0
1877 0.791666666666294 0.291666666666357 0
1878 0.791666666666307 0.31249999999966 0
1879 0.79166666666632 0.333333333332963 0
1880 0.791666666666332 0.354166666666267 0
1881 0.791666666666345 0.37499999999957 0
1882 0.791666666666358 0.395833333332873 0
1883 0.79166666666637 0.416666666666177 0
1884 0.791666666666383 0.43749999999948 0
1885 0.791666666666396 0.458333333332784 0
1886 0.791666666666408 0.479166666666089 0
1887 0.791666666666421 0.499999999999394 0
1888 0.791666666666433 0.520833333332739 0
1889 0.791666666666446 0.541666666666084 0
1890 0.791666666666459 0.56249999999943 0
1891 0.791666666666471 0.583333333332776 0
1892 0.791666666666484 0.604166666666123 0
1893 0.791666666666497 0.62499999999947 0
1894 0.791666666666509 0.645833333332817 0
1895 0.791666666666522 0.666666666666163 0
1896 0.791666666666535 0.68749999999951 0
1897 0.791666666666547 0.708333333332857 0
1898 0.79166666666656 0.729166666666204 0
1899 0.791666666666573 0.74999999999955 0
1900 0.791666666666585 0.770833333332897 0
1901 0.791666666666598 0.791666666666244 0
1902 0.791666666666611 0.81249999999959 0
1903 0.791666666666623 0.833333333332939 0
1904 0.791666666666636 0.854166666666287 0
1905 0.791666666666649 0.874999999999635 0
1906 0.791666666666661 0.895833333333029 0
1907 0.791666666666674 0.916666666666422 0
1908 0.791666666666687 0.937499999999815 0
1909 0.791666666666695 0.95833333333321 0
1910 0.791666666666703 0.979166666666605 0
1911 0.791666666666711 1 0
1912 0.812499999999506 0 0
1913 0.812499999999514 0.0208333333333152 0
1914 0.812499999999522 0.0416666666666304 0
1915 0.812499999999531 0.0624999999999455 0
1916 0.812499999999539 0.0833333333332681 0
1917 0.812499999999548 0.104166666666591 0
1918 0.812499999999556 0.124999999999913 0
1919 0.812499999999565 0.145833333333214 0
1920 0.812499999999573 0.166666666666515 0
1921 0.812499999999582 0.187499999999816 0
1922 0.81249999999959 0.208333333333116 0
1923 0.812499999999599 0.229166666666416 0
1924 0.812499999999607 0.249999999999717 0
1925 0.812499999999616 0.270833333333017 0
1926 0.812499999999624 0.291666666666317 0
1927 0.812499999999633 0.312499999999617 0
1928 0.812499999999642 0.333333333332917 0
1929 0.81249999999965 0.354166666666217 0
1930 0.812499999999658 0.374999999999518 0
1931 0.812499999999667 0.395833333332818 0
1932 0.812499999999675 0.416666666666118 0
1933 0.812499999999684 0.437499999999418 0
1934 0.812499999999692 0.45833333333272 0
1935 0.812499999999701 0.479166666666022 0
1936 0.812499999999709 0.499999999999323 0
1937 0.812499999999718 0.520833333332673 0
1938 0.812499999999726 0.541666666666022 0
1939 0.812499999999735 0.562499999999371 0
1940 0.812499999999743 0.583333333332722 0
1941 0.812499999999752 0.604166666666073 0
1942 0.81249999999976 0.624999999999424 0
1943 0.812499999999769 0.645833333332775 0
1944 0.812499999999777 0.666666666666126 0
1945 0.812499999999786 0.687499999999477 0
1946 0.812499999999794 0.708333333332828 0
1947 0.812499999999803 0.729166666666178 0
1948 0.812499999999811 0.749999999999529 0
1949 0.81249999999982 0.77083333333288 0
1950 0.812499999999828 0.791666666666231 0
1951 0.812499999999837 0.812499999999582 0
1952 0.812499999999845 0.833333333332934 0
1953 0.812499999999854 0.854166666666286 0
1954 0.812499999999862 0.874999999999639 0
1955 0.812499999999871 0.895833333333032 0
1956 0.812499999999879 0.916666666666424 0
1957 0.812499999999888 0.937499999999817 0
1958 0.812499999999896 0.958333333333211 0
1959 0.812499999999905 0.979166666666606 0
1960 0.812499999999913 1 0
1961 0.833333333332894 0 0
1962 0.833333333332898 0.0208333333333125 0
1963 0.833333333332903 0.041666666666625 0
1964 0.833333333332907 0.0624999999999375 0
1965 0.833333333332912 0.0833333333332575 0
1966 0.833333333332916 0.104166666666578 0
1967 0.833333333332921 0.124999999999898 0
1968 0.833333333332925 0.145833333333196 0
1969 0.83333333333293 0.166666666666493 0
1970 0.833333333332934 0.187499999999791 0
1971 0.833333333332939 0.208333333333088 0
1972 0.833333333332943 0.229166666666385 0
1973 0.833333333332948 0.249999999999683 0
1974 0.833333333332952 0.27083333333298 0
1975 0.833333333332957 0.291666666666277 0
1976 0.833333333332961 0.312499999999574 0
1977 0.833333333332966 0.333333333332871 0
1978 0.83333333333297 0.354166666666168 0
1979 0.833333333332975 0.374999999999465 0
1980 0.833333333332979 0.395833333332762 0
1981 0.833333333332984 0.416666666666059 0
1982 0.833333333332988 0.437499999999357 0
1983 0.833333333332992 0.458333333332656 0
1984 0.833333333332997 0.479166666665954 0
1985 0.833333333333001 0.499999999999253 0
1986 0.833333333333006 0.520833333332607 0
1987 0.83333333333301 0.54166666666596 0
1988 0.833333333333015 0.562499999999313 0
1989 0.83333333333302 0.583333333332668 0
1990 0.833333333333024 0.604166666666023 0
1991 0.833333333333029 0.624999999999378 0
1992 0.833333333333033 0.645833333332733 0
1993 0.833333333333037 0.666666666666088 0
1994 0.833333333333042 0.687499999999443 0
1995 0.833333333333046 0.708333333332798 0
1996 0.833333333333051 0.729166666666153 0
1997 0.833333333333055 0.749999999999508 0
1998 0.83333333333306 0.770833333332863 0
1999 0.833333333333064 0.791666666666218 0
2000 0.833333333333069 0.812499999999573 0
2001 0.833333333333073 0.83333333333293 0
2002 0.833333333333078 0.854166666666286 0
2003 0.833333333333082 0.874999999999642 0
2004 0.833333333333087 0.895833333333034 0
2005 0.833333333333091 0.916666666666427 0
2006 0.833333333333096 0.937499999999819 0
2007 0.833333333333105 0.958333333333213 0
2008 0.833333333333115 0.979166666666606 0
2009 0.833333333333124 1 0
2010 0.854166666666282 0 0
2011 0.854166666666283 0.0208333333333098 0
2012 0.854166666666283 0.0416666666666196 0
2013 0.854166666666283 0.0624999999999294 0
2014 0.854166666666284 0.083333333333247 0
2015 0.854166666666284 0.104166666666565 0
2016 0.854166666666285 0.124999999999882 0
2017 0.854166666666285 0.145833333333177 0
2018 0.854166666666286 0.166666666666472 0
2019 0.854166666666286 0.187499999999766 0
2020 0.854166666666287 0.208333333333061 0
2021 0.854166666666287 0.229166666666354 0
2022 0.854166666666288 0.249999999999649 0
2023 0.854166666666288 0.270833333332943 0
2024 0.854166666666289 0.291666666666237 0
2025 0.854166666666289 0.312499999999531 0
2026 0.85416666666629 0.333333333332825 0
2027 0.85416666666629 0.354166666666119 0
2028 0.854166666666291 0.374999999999413 0
2029 0.854166666666291 0.395833333332707 0
2030 0.854166666666292 0.416666666666001 0
2031 0.854166666666292 0.437499999999295 0
2032 0.854166666666293 0.458333333332591 0
2033 0.854166666666293 0.479166666665887 0
2034 0.854166666666294 0.499999999999183 0
2035 0.854166666666294 0.52083333333254 0
2036 0.854166666666294 0.541666666665897 0
2037 0.854166666666295 0.562499999999255 0
2038 0.854166666666295 0.583333333332614 0
2039 0.854166666666296 0.604166666665973 0
2040 0.854166666666296 0.624999999999332 0
2041 0.854166666666297 0.645833333332691 0
2042 0.854166666666297 1 0
2043 0.854166666666297 0.666666666666051 0
2044 0.854166666666298 0.68749999999941 0
2045 0.854166666666298 0.708333333332769 0
2046 0.854166666666299 0.729166666666128 0
2047 0.854166666666299 0.979166666666607 0
2048 0.854166666666299 0.749999999999488 0
2049 0.8541666666663 0.770833333332847 0
2050 0.8541666666663 0.791666666666206 0
2051 0.854166666666301 0.812499999999565 0
2052 0.854166666666301 0.833333333332925 0
2053 0.854166666666301 0.958333333333214 0
2054 0.854166666666302 0.854166666666285 0
2055 0.854166666666302 0.874999999999646 0
2056 0.854166666666303 0.895833333333037 0
2057 0.854166666666303 0.916666666666429 0
2058 0.854166666666304 0.937499999999821 0
2059 0.874999999999501 1 0
2060 0.874999999999505 0.979166666666608 0
2061 0.874999999999508 0.958333333333215 0
2062 0.874999999999512 0.937499999999823 0
2063 0.874999999999515 0.916666666666432 0
2064 0.874999999999519 0.89583333333304 0
2065 0.874999999999522 0.874999999999649 0
2066 0.874999999999526 0.854166666666285 0
2067 0.874999999999529 0.833333333332921 0
2068 0.874999999999533 0.812499999999557 0
2069 0.874999999999536 0.791666666666193 0
2070 0.87499999999954 0.77083333333283 0
2071 0.874999999999543 0.749999999999467 0
2072 0.874999999999547 0.729166666666103 0
2073 0.87499999999955 0.70833333333274 0
2074 0.874999999999554 0.687499999999376 0
2075 0.874999999999557 0.666666666666013 0
2076 0.874999999999561 0.64583333333265 0
2077 0.874999999999565 0.624999999999286 0
2078 0.874999999999568 0.604166666665923 0
2079 0.874999999999572 0.58333333333256 0
2080 0.874999999999575 0.562499999999196 0
2081 0.874999999999579 0.541666666665835 0
2082 0.874999999999582 0.520833333332474 0
2083 0.874999999999586 0.499999999999113 0
2084 0.874999999999589 0.47916666666582 0
2085 0.874999999999593 0.458333333332527 0
2086 0.874999999999596 0.437499999999233 0
2087 0.8749999999996 0.416666666665942 0
2088 0.874999999999603 0.395833333332651 0
2089 0.874999999999607 0.374999999999361 0
2090 0.87499999999961 0.354166666666069 0
2091 0.874999999999614 0.333333333332778 0
2092 0.874999999999617 0.312499999999488 0
2093 0.874999999999621 0.291666666666197 0
2094 0.874999999999624 0.270833333332906 0
2095 0.874999999999628 0.249999999999615 0
2096 0.874999999999631 0.229166666666324 0
2097 0.874999999999635 0.208333333333033 0
2098 0.874999999999638 0.187499999999742 0
2099 0.874999999999642 0.16666666666645 0
2100 0.874999999999646 0.145833333333158 0
2101 0.874999999999649 0.124999999999867 0
2102 0.874999999999653 0.104166666666551 0
2103 0.874999999999656 0.0833333333332364 0
2104 0.87499999999966 0.0624999999999213 0
2105 0.874999999999663 0.0416666666666142 0
2106 0.874999999999667 0.0208333333333071 0
2107 0.87499999999967 0 0
2108 0.895833333332917 1 0
2109 0.895833333332919 0.979166666666608 0
2110 0.895833333332921 0.958333333333217 0
2111 0.895833333332923 0.937499999999825 0
2112 0.895833333332926 0.916666666666434 0
2113 0.895833333332929 0.895833333333043 0
2114 0.895833333332932 0.874999999999653 0
2115 0.895833333332935 0.854166666666284 0
2116 0.895833333332938 0.833333333332916 0
2117 0.895833333332941 0.812499999999548 0
2118 0.895833333332944 0.79166666666618 0
2119 0.895833333332947 0.770833333332813 0
2120 0.89583333333295 0.749999999999446 0
2121 0.895833333332953 0.729166666666078 0
2122 0.895833333332956 0.708333333332711 0
2123 0.895833333332959 0.687499999999343 0
2124 0.895833333332962 0.666666666665976 0
2125 0.895833333332965 0.645833333332608 0
2126 0.895833333332968 0.62499999999924 0
2127 0.895833333332971 0.604166666665873 0
2128 0.895833333332974 0.583333333332505 0
2129 0.895833333332977 0.562499999999138 0
2130 0.89583333333298 0.541666666665773 0
2131 0.895833333332983 0.520833333332408 0
2132 0.895833333332986 0.499999999999043 0
2133 0.895833333332989 0.479166666665753 0
2134 0.895833333332992 0.458333333332462 0
2135 0.895833333332995 0.437499999999172 0
2136 0.895833333332998 0.416666666665884 0
2137 0.895833333333001 0.395833333332596 0
2138 0.895833333333004 0.374999999999308 0
2139 0.895833333333007 0.35416666666602 0
2140 0.89583333333301 0.333333333332732 0
2141 0.895833333333013 0.312499999999444 0
2142 0.895833333333016 0.291666666666156 0
2143 0.89583333333302 0.270833333332869 0
2144 0.895833333333022 0.249999999999581 0
2145 0.895833333333025 0.229166666666293 0
2146 0.895833333333028 0.208333333333005 0
2147 0.895833333333031 0.187499999999717 0
2148 0.895833333333034 0.166666666666428 0
2149 0.895833333333038 0.14583333333314 0
2150 0.895833333333041 0.124999999999851 0
2151 0.895833333333044 0.104166666666538 0
2152 0.895833333333047 0.0833333333332258 0
2153 0.89583333333305 0.0624999999999133 0
2154 0.895833333333052 0.0416666666666088 0
2155 0.895833333333056 0.0208333333333044 0
2156 0.895833333333059 0 0
2157 0.916666666666334 0.937499999999827 0
2158 0.916666666666336 0.958333333333218 0
2159 0.916666666666337 0.916666666666437 0
2160 0.916666666666339 0.979166666666609 0
2161 0.91666666666634 0.895833333333047 0
2162 0.916666666666341 1 0
2163 0.916666666666342 0.874999999999656 0
2164 0.916666666666344 0.854166666666284 0
2165 0.916666666666347 0.833333333332912 0
2166 0.916666666666349 0.81249999999954 0
2167 0.916666666666352 0.791666666666168 0
2168 0.916666666666355 0.770833333332796 0
2169 0.916666666666357 0.749999999999424 0
2170 0.916666666666359 0.729166666666053 0
2171 0.916666666666362 0.708333333332681 0
2172 0.916666666666364 0.68749999999931 0
2173 0.916666666666367 0.666666666665938 0
2174 0.916666666666369 0.645833333332566 0
2175 0.916666666666372 0.624999999999195 0
2176 0.916666666666374 0.604166666665823 0
2177 0.916666666666377 0.583333333332451 0
2178 0.91666666666638 0.562499999999079 0
2179 0.916666666666382 0.541666666665711 0
2180 0.916666666666385 0.520833333332342 0
2181 0.916666666666387 0.499999999998973 0
2182 0.916666666666389 0.479166666665685 0
2183 0.916666666666392 0.458333333332398 0
2184 0.916666666666394 0.43749999999911 0
2185 0.916666666666397 0.416666666665825 0
2186 0.916666666666399 0.395833333332541 0
2187 0.916666666666402 0.374999999999256 0
2188 0.916666666666404 0.354166666665971 0
2189 0.916666666666407 0.333333333332686 0
2190 0.916666666666409 0.312499999999401 0
2191 0.916666666666412 0.291666666666116 0
2192 0.916666666666414 0.270833333332831 0
2193 0.916666666666417 0.249999999999547 0
2194 0.916666666666419 0.229166666666262 0
2195 0.916666666666422 0.208333333332977 0
2196 0.916666666666424 0.187499999999692 0
2197 0.916666666666427 0.166666666666407 0
2198 0.916666666666429 0.145833333333121 0
2199 0.916666666666432 0.124999999999835 0
2200 0.916666666666434 0.104166666666525 0
2201 0.916666666666437 0.0833333333332153 0
2202 0.916666666666439 0.0624999999999052 0
2203 0.916666666666442 0.0416666666666035 0
2204 0.916666666666444 0.0208333333333017 0
2205 0.916666666666447 0 0
2206 0.93749999999974 1 0
2207 0.937499999999742 0.97916666666661 0
2208 0.937499999999744 0.958333333333219 0
2209 0.937499999999746 0.937499999999829 0
2210 0.937499999999748 0.916666666666439 0
2211 0.93749999999975 0.895833333333049 0
2212 0.937499999999752 0.87499999999966 0
2213 0.937499999999754 0.854166666666283 0
2214 0.937499999999756 0.833333333332907 0
2215 0.937499999999758 0.812499999999531 0
2216 0.93749999999976 0.791666666666155 0
2217 0.937499999999762 0.770833333332779 0
2218 0.937499999999764 0.749999999999403 0
2219 0.937499999999766 0.729166666666028 0
2220 0.937499999999768 0.708333333332652 0
2221 0.93749999999977 0.687499999999276 0
2222 0.937499999999772 0.6666666666659 0
2223 0.937499999999773 0.645833333332525 0
2224 0.937499999999775 0.624999999999149 0
2225 0.937499999999777 0.604166666665773 0
2226 0.93749999999978 0.583333333332397 0
2227 0.937499999999782 0.562499999999021 0
2228 0.937499999999784 0.541666666665648 0
2229 0.937499999999786 0.520833333332275 0
2230 0.937499999999788 0.499999999998903 0
2231 0.937499999999789 0.479166666665618 0
2232 0.937499999999791 0.458333333332333 0
2233 0.937499999999793 0.437499999999048 0
2234 0.937499999999795 0.416666666665767 0
2235 0.937499999999797 0.395833333332485 0
2236 0.937499999999799 0.374999999999203 0
2237 0.937499999999801 0.354166666665922 0
2238 0.937499999999803 0.33333333333264 0
2239 0.937499999999805 0.312499999999358 0
2240 0.937499999999807 0.291666666666076 0
2241 0.937499999999809 0.270833333332795 0
2242 0.937499999999811 0.249999999999513 0
2243 0.937499999999813 0.229166666666231 0
2244 0.937499999999815 0.208333333332949 0
2245 0.937499999999817 0.187499999999668 0
2246 0.937499999999819 0.166666666666385 0
2247 0.937499999999821 0.145833333333102 0
2248 0.937499999999823 0.12499999999982 0
2249 0.937499999999825 0.104166666666512 0
2250 0.937499999999827 0.0833333333332047 0
2251 0.937499999999829 0.0624999999998971 0
2252 0.937499999999831 0.0416666666665981 0
2253 0.937499999999833 0.020833333333299 0
2254 0.937499999999835 0 0
2255 0.958333333333159 1 0
2256 0.95833333333316 0.97916666666661 0
2257 0.958333333333162 0.958333333333221 0
2258 0.958333333333164 0.937499999999831 0
2259 0.958333333333165 0.916666666666442 0
2260 0.958333333333167 0.895833333333053 0
2261 0.958333333333168 0.874999999999663 0
2262 0.958333333333169 0.854166666666283 0
2263 0.958333333333171 0.833333333332903 0
2264 0.958333333333172 0.812499999999522 0
2265 0.958333333333173 0.791666666666142 0
2266 0.958333333333174 0.770833333332763 0
2267 0.958333333333176 0.749999999999382 0
2268 0.958333333333177 0.729166666666003 0
2269 0.958333333333178 0.708333333332623 0
2270 0.95833333333318 0.687499999999243 0
2271 0.958333333333181 0.666666666665863 0
2272 0.958333333333182 0.645833333332483 0
2273 0.958333333333183 0.624999999999103 0
2274 0.958333333333185 0.604166666665723 0
2275 0.958333333333186 0.583333333332343 0
2276 0.958333333333188 0.562499999998963 0
2277 0.958333333333189 0.541666666665586 0
2278 0.95833333333319 0.520833333332209 0
2279 0.958333333333192 0.499999999998832 0
2280 0.958333333333193 0.479166666665551 0
2281 0.958333333333194 0.458333333332269 0
2282 0.958333333333195 0.437499999998987 0
2283 0.958333333333197 0.416666666665708 0
2284 0.958333333333198 0.395833333332429 0
2285 0.9583333333332 0.374999999999151 0
2286 0.958333333333201 0.354166666665872 0
2287 0.958333333333202 0.333333333332594 0
2288 0.958333333333203 0.312499999999315 0
2289 0.958333333333205 0.291666666666036 0
2290 0.958333333333206 0.270833333332758 0
2291 0.958333333333207 0.249999999999479 0
2292 0.958333333333209 0.2291666666662 0
2293 0.95833333333321 0.208333333332922 0
2294 0.958333333333212 0.187499999999643 0
2295 0.958333333333213 0.166666666666363 0
2296 0.958333333333214 0.145833333333084 0
2297 0.958333333333216 0.124999999999804 0
2298 0.958333333333217 0.104166666666499 0
2299 0.958333333333218 0.0833333333331941 0
2300 0.958333333333219 0.0624999999998891 0
2301 0.958333333333221 0.0416666666665939 0
2302 0.958333333333222 0.0208333333332975 0
2303 0.958333333333223 0 0
2304 0.979166666666577 1 0
2305 0.979166666666579 0.979166666666611 0
2306 0.97916666666658 0.958333333333222 0
2307 0.979166666666582 0.937499999999833 0
2308 0.979166666666583 0.916666666666444 0
2309 0.979166666666583 0.895833333333056 0
2310 0.979166666666584 0.874999999999667 0
2311 0.979166666666585 0.854166666666282 0
2312 0.979166666666585 0.833333333332898 0
2313 0.979166666666586 0.812499999999514 0
2314 0.979166666666587 0.79166666666613 0
2315 0.979166666666587 0.770833333332746 0
2316 0.979166666666588 0.749999999999362 0
2317 0.979166666666589 0.729166666665978 0
2318 0.979166666666589 0.708333333332593 0
2319 0.97916666666659 0.687499999999209 0
2320 0.979166666666591 0.666666666665825 0
2321 0.979166666666591 0.645833333332441 0
2322 0.979166666666592 0.624999999999057 0
2323 0.979166666666593 0.604166666665673 0
2324 0.979166666666593 0.583333333332289 0
2325 0.979166666666594 0.562499999998904 0
2326 0.979166666666595 0.541666666665524 0
2327 0.979166666666595 0.520833333332143 0
2328 0.979166666666596 0.499999999998762 0
2329 0.979166666666596 0.479166666665483 0
2330 0.979166666666597 0.458333333332204 0
2331 0.979166666666598 0.437499999998925 0
2332 0.979166666666598 0.41666666666565 0
2333 0.979166666666599 0.395833333332374 0
2334 0.9791666666666 0.374999999999098 0
2335 0.9791666666666 0.354166666665823 0
2336 0.979166666666601 0.333333333332547 0
2337 0.979166666666602 0.312499999999272 0
2338 0.979166666666602 0.291666666665996 0
2339 0.979166666666603 0.270833333332721 0
2340 0.979166666666604 0.249999999999445 0
2341 0.979166666666604 0.229166666666169 0
2342 0.979166666666605 0.208333333332894 0
2343 0.979166666666606 0.187499999999618 0
2344 0.979166666666606 0.166666666666342 0
2345 0.979166666666607 0.145833333333065 0
2346 0.979166666666608 0.124999999999789 0
2347 0.979166666666608 0.104166666666486 0
2348 0.979166666666609 0.0833333333331836 0
2349 0.97916666666661 0.062499999999881 0
2350 0.97916666666661 0.0416666666665897 0
2351 0.979166666666611 0.020833333333296 0
2352 0.979166666666612 0 0
2353 1 0 0
2354 1 1 0
2355 1 0.0624999999998729 0
2356 1 0.124999999999773 0
2357 1 0.187499999999593 0
2358 1 0.249999999999411 0
2359 1 0.312499999999229 0
2360 1 0.374999999999046 0
2361 1 0.437499999998864 0
2362 1 0.499999999998692 0
2363 1 0.562499999998846 0
2364 1 0.624999999999011 0
2365 1 0.687499999999176 0
2366 1 0.749999999999341 0
2367 1 0.812499999999506 0
2368 1 0.87499999999967 0
2369 1 0.937499999999835 0
2370 1 0.0208333333332945 0
2371 1 0.0416666666665855 0
2372 1 0.083333333333173 0
2373 1 0.104166666666473 0
2374 1 0.145833333333047 0
2375 1 0.16666666666632 0
2376 1 0.208333333332866 0
2377 1 0.229166666666138 0
2378 1 0.270833333332683 0
2379 1 0.291666666665956 0
2380 1 0.333333333332501 0
2381 1 0.354166666665774 0
2382 1 0.395833333332319 0
2383 1 0.416666666665591 0
2384 1 0.45833333333214 0
2385 1 0.479166666665416 0
2386 1 0.520833333332077 0
2387 1 0.541666666665461 0
2388 1 0.583333333332234 0
2389 1 0.604166666665623 0
2390 1 0.645833333332399 0
2391 1 0.666666666665788 0
2392 1 0.708333333332564 0
2393 1 0.729166666665952 0
2394 1 0.770833333332729 0
2395 1 0.791666666666117 0
2396 1 0.833333333332894 0
2397 1 0.854166666666282 0
2398 1 0.895833333333059 0
2399 1 0.916666666666447 0
2400 1 0.958333333333223 0
2401 1 0.979166666666612 0
