1 0 0 0
2 0 1 0
3 0 0.666666666667592 0
4 0 0.333333333334721 0
5 0 0.833333333333647 0
6 0 0.500000000001539 0
7 0 0.16666666666736 0
8 0.166666666666327 0 0
9 0.166666666666474 0.166666666667175 0
10 0.16666666666662 0.333333333334351 0
11 0.166666666666805 0.500000000001012 0
12 0.16666666666699 0.666666666667291 0
13 0.166666666667175 0.833333333333571 0
14 0.16666666666736 1 0
15 0.333333333332501 0 0
16 0.333333333332871 0.16666666666699 0
17 0.333333333333241 0.333333333333981 0
18 0.333333333333611 0.500000000000486 0
19 0.333333333333981 0.66666666666699 0
20 0.333333333334351 0.833333333333495 0
21 0.333333333334721 1 0
22 0.499999999998682 0 0
23 0.499999999999248 0.166666666666805 0
24 0.499999999999815 0.333333333333611 0
25 0.50000000000015 0.50000000000015 0
26 0.500000000000486 0.66666666666669 0
27 0.500000000001012 0.833333333333345 0
28 0.500000000001539 1 0
29 0.666666666665787 0 0
30 0.666666666666088 0.16666666666662 0
31 0.666666666666389 0.333333333333241 0
32 0.66666666666669 0.499999999999815 0
33 0.66666666666699 0.666666666666389 0
34 0.666666666667291 0.833333333333194 0
35 0.666666666667592 1 0
36 0.833333333332894 0 0
37 0.833333333333044 0.166666666666474 0
38 0.833333333333194 0.333333333332871 0
39 0.833333333333345 0.499999999999248 0
40 0.833333333333495 0.666666666666088 0
41 0.833333333333571 0.833333333333044 0
42 0.833333333333647 1 0
43 1 0 0
44 1 1 0
45 1 0.333333333332501 0
46 1 0.666666666665787 0
47 1 0.166666666666327 0
48 1 0.499999999998682 0
49 1 0.833333333332894 0
