1 0 0 0
2 0 1 0
3 0 0.8 0
4 0 0.600000000001387 0
5 0 0.400000000001665 0
6 0 0.200000000000833 0
7 0 0.933333333333295 0
8 0 0.866666666666603 0
9 0 0.733333333333843 0
10 0 0.666666666667621 0
11 0 0.533333333335025 0
12 0 0.466666666668409 0
13 0 0.333333333334721 0
14 0 0.266666666667777 0
15 0 0.133333333333888 0
16 0 0.0666666666669442 0
17 0.066666666666531 0 0
18 0.0666666666665553 0.0666666666669158 0
19 0.0666666666665797 0.133333333333832 0
20 0.066666666666604 0.200000000000747 0
21 0.0666666666666324 0.26666666666766 0
22 0.0666666666666607 0.333333333334573 0
23 0.0666666666666891 0.400000000001486 0
24 0.0666666666667174 0.466666666668178 0
25 0.0666666666667458 0.533333333334786 0
26 0.0666666666667741 0.600000000001225 0
27 0.0666666666668024 0.666666666667491 0
28 0.0666666666668308 0.733333333333749 0
29 0.0666666666668591 0.799999999999965 0
30 0.0666666666668875 0.866666666666601 0
31 0.0666666666669159 0.933333333333296 0
32 0.0666666666669442 1 0
33 0.133333333333085 0 0
34 0.133333333333126 0.0666666666668875 0
35 0.133333333333167 0.133333333333775 0
36 0.133333333333208 0.200000000000663 0
37 0.133333333333265 0.266666666667544 0
38 0.133333333333321 0.333333333334425 0
39 0.133333333333378 0.400000000001306 0
40 0.133333333333435 0.466666666667948 0
41 0.133333333333492 0.533333333334547 0
42 0.133333333333548 0.600000000001062 0
43 0.133333333333605 0.666666666667361 0
44 0.133333333333662 0.733333333333656 0
45 0.133333333333718 0.79999999999993 0
46 0.133333333333775 0.866666666666598 0
47 0.133333333333832 0.933333333333297 0
48 0.133333333333888 1 0
49 0.199999999999557 0 0
50 0.199999999999642 0.0666666666668591 0
51 0.199999999999727 0.133333333333718 0
52 0.199999999999812 0.200000000000577 0
53 0.199999999999897 0.266666666667427 0
54 0.199999999999982 0.333333333334277 0
55 0.200000000000067 0.400000000001127 0
56 0.200000000000152 0.466666666667717 0
57 0.200000000000237 0.533333333334308 0
58 0.200000000000322 0.600000000000899 0
59 0.200000000000407 0.666666666667231 0
60 0.200000000000492 0.733333333333563 0
61 0.200000000000577 0.799999999999895 0
62 0.200000000000662 0.866666666666596 0
63 0.200000000000747 0.933333333333298 0
64 0.200000000000833 1 0
65 0.266666666666029 0 0
66 0.266666666666146 0.0666666666668308 0
67 0.266666666666262 0.133333333333662 0
68 0.266666666666379 0.200000000000492 0
69 0.266666666666495 0.266666666667311 0
70 0.266666666666611 0.333333333334129 0
71 0.266666666666728 0.400000000000947 0
72 0.266666666666845 0.466666666667543 0
73 0.266666666666961 0.53333333333414 0
74 0.266666666667078 0.600000000000736 0
75 0.266666666667194 0.66666666666711 0
76 0.266666666667311 0.733333333333485 0
77 0.266666666667427 0.799999999999859 0
78 0.266666666667544 0.866666666666573 0
79 0.26666666666766 0.933333333333286 0
80 0.266666666667777 1 0
81 0.333333333332501 0 0
82 0.333333333332649 0.0666666666668024 0
83 0.333333333332797 0.133333333333605 0
84 0.333333333332945 0.200000000000407 0
85 0.333333333333093 0.266666666667194 0
86 0.333333333333241 0.333333333333981 0
87 0.333333333333389 0.400000000000768 0
88 0.333333333333537 0.46666666666737 0
89 0.333333333333685 0.533333333333971 0
90 0.333333333333833 0.600000000000573 0
91 0.333333333333981 0.66666666666699 0
92 0.333333333334129 0.733333333333407 0
93 0.333333333334277 0.799999999999824 0
94 0.333333333334425 0.866666666666549 0
95 0.333333333334573 0.933333333333275 0
96 0.333333333334721 1 0
97 0.399999999998973 0 0
98 0.399999999999153 0.0666666666667741 0
99 0.399999999999332 0.133333333333548 0
100 0.399999999999512 0.200000000000322 0
101 0.399999999999691 0.266666666667078 0
102 0.399999999999871 0.333333333333833 0
103 0.40000000000005 0.400000000000588 0
104 0.400000000000229 0.466666666667196 0
105 0.400000000000409 0.533333333333803 0
106 0.400000000000588 0.60000000000041 0
107 0.400000000000768 0.66666666666687 0
108 0.400000000000947 0.73333333333333 0
109 0.400000000001127 0.799999999999789 0
110 0.400000000001306 0.866666666666526 0
111 0.400000000001486 0.933333333333263 0
112 0.400000000001665 1 0
113 0.466666666665445 0 0
114 0.466666666665681 0.0666666666667457 0
115 0.466666666665917 0.133333333333492 0
116 0.466666666666152 0.200000000000237 0
117 0.466666666666326 0.266666666666961 0
118 0.4666666666665 0.333333333333685 0
119 0.466666666666674 0.400000000000409 0
120 0.466666666666848 0.466666666667022 0
121 0.466666666667022 0.533333333333635 0
122 0.466666666667196 0.600000000000248 0
123 0.46666666666737 0.66666666666675 0
124 0.466666666667543 0.733333333333252 0
125 0.466666666667717 0.799999999999754 0
126 0.466666666667948 0.866666666666503 0
127 0.466666666668178 0.933333333333251 0
128 0.466666666668409 1 0
129 0.533333333332103 0 0
130 0.533333333332333 0.0666666666667174 0
131 0.533333333332563 0.133333333333435 0
132 0.533333333332793 0.200000000000152 0
133 0.533333333332961 0.266666666666845 0
134 0.53333333333313 0.333333333333537 0
135 0.533333333333298 0.400000000000229 0
136 0.533333333333466 0.466666666666848 0
137 0.533333333333635 0.533333333333466 0
138 0.533333333333803 0.600000000000085 0
139 0.533333333333971 0.666666666666629 0
140 0.53333333333414 0.733333333333174 0
141 0.533333333334308 0.799999999999719 0
142 0.533333333334547 0.866666666666479 0
143 0.533333333334786 0.93333333333324 0
144 0.533333333335025 1 0
145 0.599999999998945 0 0
146 0.599999999999108 0.0666666666666891 0
147 0.599999999999271 0.133333333333378 0
148 0.599999999999434 0.200000000000067 0
149 0.599999999999597 0.266666666666728 0
150 0.599999999999759 0.333333333333389 0
151 0.599999999999922 0.40000000000005 0
152 0.600000000000085 0.466666666666674 0
153 0.600000000000248 0.533333333333298 0
154 0.600000000000411 0.599999999999922 0
155 0.600000000000573 0.666666666666509 0
156 0.600000000000736 0.733333333333096 0
157 0.600000000000899 0.799999999999683 0
158 0.600000000001062 0.866666666666456 0
159 0.600000000001225 0.933333333333228 0
160 0.600000000001387 1 0
161 0.666666666665788 0 0
162 0.666666666665908 0.0666666666666607 0
163 0.666666666666028 0.133333333333321 0
164 0.666666666666148 0.199999999999982 0
165 0.666666666666269 0.266666666666612 0
166 0.666666666666389 0.333333333333241 0
167 0.666666666666509 0.399999999999871 0
168 0.66666666666663 0.4666666666665 0
169 0.66666666666675 0.53333333333313 0
170 0.66666666666687 0.599999999999759 0
171 0.66666666666699 0.666666666666389 0
172 0.66666666666711 0.733333333333019 0
173 0.666666666667231 0.799999999999648 0
174 0.666666666667361 0.866666666666432 0
175 0.666666666667491 0.933333333333216 0
176 0.666666666667621 1 0
177 0.73333333333263 0 0
178 0.733333333332708 0.0666666666666323 0
179 0.733333333332785 0.133333333333265 0
180 0.733333333332863 0.199999999999897 0
181 0.733333333332941 0.266666666666495 0
182 0.733333333333019 0.333333333333093 0
183 0.733333333333096 0.399999999999691 0
184 0.733333333333174 0.466666666666326 0
185 0.733333333333252 0.533333333332961 0
186 0.733333333333329 0.599999999999596 0
187 0.733333333333407 0.666666666666269 0
188 0.733333333333485 0.733333333332941 0
189 0.733333333333563 0.799999999999613 0
190 0.733333333333656 0.866666666666409 0
191 0.733333333333749 0.933333333333204 0
192 0.733333333333843 1 0
193 0.799999999999472 0 0
194 0.799999999999508 0.066666666666604 0
195 0.799999999999543 0.133333333333208 0
196 0.799999999999578 0.199999999999812 0
197 0.799999999999613 0.266666666666379 0
198 0.799999999999648 0.333333333332945 0
199 0.799999999999683 0.399999999999512 0
200 0.799999999999719 0.466666666666152 0
201 0.799999999999754 0.533333333332793 0
202 0.799999999999789 0.599999999999434 0
203 0.799999999999824 0.666666666666148 0
204 0.799999999999859 0.733333333332863 0
205 0.799999999999895 0.799999999999578 0
206 0.79999999999993 0.866666666666385 0
207 0.799999999999965 0.933333333333193 0
208 0.8 1 0
209 0.866666666666315 0 0
210 0.866666666666339 0.0666666666665797 0
211 0.866666666666362 0.133333333333167 0
212 0.866666666666385 0.199999999999727 0
213 0.866666666666409 0.266666666666262 0
214 0.866666666666432 0.333333333332797 0
215 0.866666666666456 0.399999999999332 0
216 0.866666666666479 0.466666666665916 0
217 0.866666666666502 0.533333333332563 0
218 0.866666666666526 0.599999999999271 0
219 0.866666666666549 0.666666666666028 0
220 0.866666666666573 0.733333333332785 0
221 0.866666666666596 0.799999999999543 0
222 0.866666666666599 0.866666666666362 0
223 0.8666666666666 0.933333333333181 0
224 0.866666666666603 1 0
225 0.933333333333157 0 0
226 0.933333333333169 0.0666666666665553 0
227 0.933333333333181 0.133333333333126 0
228 0.933333333333193 0.199999999999642 0
229 0.933333333333204 0.266666666666146 0
230 0.933333333333216 0.333333333332649 0
231 0.933333333333228 0.399999999999153 0
232 0.933333333333239 0.466666666665681 0
233 0.933333333333251 0.533333333332333 0
234 0.933333333333263 0.599999999999108 0
235 0.933333333333275 0.666666666665908 0
236 0.933333333333286 0.733333333332708 0
237 0.933333333333295 1 0
238 0.933333333333296 0.933333333333169 0
239 0.933333333333297 0.866666666666338 0
240 0.933333333333298 0.799999999999508 0
241 1 0 0
242 1 1 0
243 1 0.199999999999557 0
244 1 0.399999999998973 0
245 1 0.599999999998945 0
246 1 0.799999999999472 0
247 1 0.066666666666531 0
248 1 0.133333333333085 0
249 1 0.266666666666029 0
250 1 0.333333333332501 0
251 1 0.466666666665445 0
252 1 0.533333333332103 0
253 1 0.666666666665788 0
254 1 0.73333333333263 0
255 1 0.866666666666315 0
256 1 0.933333333333157 0
