1 0 0 0
2 0 1 0
3 0 0.93749999999974 0
4 0 0.874999999999501 0
5 0 0.812499999999913 0
6 0 0.750000000000347 0
7 0 0.68750000000078 0
8 0 0.625000000001214 0
9 0 0.562500000001648 0
10 0 0.500000000002059 0
11 0 0.437500000001821 0
12 0 0.375000000001561 0
13 0 0.312500000001301 0
14 0 0.250000000001041 0
15 0 0.18750000000078 0
16 0 0.12500000000052 0
17 0 0.0625000000002601 0
18 0 0.968749999999867 0
19 0 0.906249999999677 0
20 0 0.843749999999716 0
21 0 0.781250000000103 0
22 0 0.718750000000567 0
23 0 0.656250000000974 0
24 0 0.593750000001516 0
25 0 0.531250000001824 0
26 0 0.46875000000194 0
27 0 0.406250000001691 0
28 0 0.343750000001431 0
29 0 0.281250000001171 0
30 0 0.21875000000091 0
31 0 0.15625000000065 0
32 0 0.0937500000003901 0
33 0 0.03125000000013 0
34 0.0312499999999418 0 0
35 0.0312499999999452 0.031250000000124 0
36 0.0312499999999486 0.062500000000248 0
37 0.0312499999999546 0.0937500000003724 0
38 0.0312499999999607 0.125000000000497 0
39 0.0312499999999667 0.15625000000062 0
40 0.0312499999999728 0.187500000000743 0
41 0.0312499999999788 0.218750000000866 0
42 0.0312499999999849 0.25000000000099 0
43 0.0312499999999909 0.281250000001113 0
44 0.031249999999997 0.312500000001236 0
45 0.031250000000003 0.343750000001359 0
46 0.0312500000000091 0.375000000001482 0
47 0.0312500000000151 0.406250000001605 0
48 0.0312500000000212 0.437500000001729 0
49 0.0312500000000272 0.468750000001841 0
50 0.0312500000000333 0.500000000001954 0
51 0.0312500000000393 0.531250000001742 0
52 0.0312500000000454 0.56250000000156 0
53 0.0312500000000514 0.593750000001395 0
54 0.0312500000000575 0.625000000001145 0
55 0.0312500000000635 0.656250000000926 0
56 0.0312500000000696 0.68750000000073 0
57 0.0312500000000756 0.718750000000525 0
58 0.0312500000000817 0.750000000000316 0
59 0.0312500000000877 0.781250000000094 0
60 0.0312500000000938 0.812499999999901 0
61 0.0312500000000998 0.843749999999708 0
62 0.0312500000001059 0.874999999999506 0
63 0.0312500000001119 0.906249999999653 0
64 0.031250000000118 0.937499999999743 0
65 0.031250000000124 0.96874999999987 0
66 0.03125000000013 1 0
67 0.0624999999998729 0 0
68 0.062499999999885 0.031250000000118 0
69 0.0624999999998971 0.0625000000002359 0
70 0.0624999999999092 0.0937500000003547 0
71 0.0624999999999213 0.125000000000474 0
72 0.0624999999999334 0.15625000000059 0
73 0.0624999999999455 0.187500000000706 0
74 0.0624999999999576 0.218750000000823 0
75 0.0624999999999697 0.250000000000939 0
76 0.0624999999999818 0.281250000001055 0
77 0.0624999999999939 0.312500000001171 0
78 0.062500000000006 0.343750000001287 0
79 0.0625000000000181 0.375000000001404 0
80 0.0625000000000302 0.40625000000152 0
81 0.0625000000000423 0.437500000001636 0
82 0.0625000000000544 0.468750000001743 0
83 0.0625000000000665 0.500000000001849 0
84 0.0625000000000786 0.531250000001661 0
85 0.0625000000000907 0.562500000001472 0
86 0.0625000000001028 0.593750000001274 0
87 0.0625000000001149 0.625000000001076 0
88 0.062500000000127 0.656250000000878 0
89 0.0625000000001391 0.68750000000068 0
90 0.0625000000001512 0.718750000000482 0
91 0.0625000000001633 0.750000000000284 0
92 0.0625000000001754 0.781250000000086 0
93 0.0625000000001875 0.812499999999888 0
94 0.0625000000001996 0.8437499999997 0
95 0.0625000000002117 0.874999999999512 0
96 0.0625000000002238 0.906249999999629 0
97 0.0625000000002359 0.937499999999746 0
98 0.062500000000248 0.968749999999873 0
99 0.0625000000002601 1 0
100 0.093749999999823 0 0
101 0.0937499999998407 0.0312500000001119 0
102 0.0937499999998585 0.0625000000002238 0
103 0.0937499999998762 0.093750000000337 0
104 0.0937499999998939 0.12500000000045 0
105 0.0937499999999117 0.15625000000056 0
106 0.0937499999999294 0.187500000000669 0
107 0.0937499999999471 0.218750000000778 0
108 0.0937499999999648 0.250000000000888 0
109 0.0937499999999825 0.281250000000997 0
110 0.0937500000000003 0.312500000001106 0
111 0.093750000000018 0.343750000001216 0
112 0.0937500000000357 0.375000000001325 0
113 0.0937500000000534 0.406250000001434 0
114 0.0937500000000712 0.437500000001544 0
115 0.0937500000000889 0.468750000001644 0
116 0.0937500000001066 0.500000000001744 0
117 0.0937500000001243 0.531250000001564 0
118 0.0937500000001421 0.562500000001385 0
119 0.0937500000001598 0.593750000001196 0
120 0.0937500000001775 0.625000000001007 0
121 0.0937500000001952 0.656250000000819 0
122 0.0937500000002129 0.68750000000063 0
123 0.0937500000002307 0.718750000000441 0
124 0.0937500000002484 0.750000000000253 0
125 0.0937500000002661 0.781250000000064 0
126 0.0937500000002839 0.812499999999875 0
127 0.0937500000003016 0.843749999999696 0
128 0.0937500000003193 0.874999999999517 0
129 0.093750000000337 0.906249999999633 0
130 0.0937500000003547 0.937499999999749 0
131 0.0937500000003724 0.968749999999874 0
132 0.0937500000003901 1 0
133 0.124999999999773 0 0
134 0.124999999999796 0.0312500000001059 0
135 0.12499999999982 0.0625000000002117 0
136 0.124999999999843 0.0937500000003193 0
137 0.124999999999866 0.125000000000427 0
138 0.12499999999989 0.156250000000529 0
139 0.124999999999913 0.187500000000632 0
140 0.124999999999937 0.218750000000734 0
141 0.12499999999996 0.250000000000837 0
142 0.124999999999983 0.281250000000939 0
143 0.125000000000007 0.312500000001042 0
144 0.12500000000003 0.343750000001144 0
145 0.125000000000053 0.375000000001247 0
146 0.125000000000077 0.406250000001349 0
147 0.1250000000001 0.437500000001451 0
148 0.125000000000123 0.468750000001545 0
149 0.125000000000147 0.500000000001639 0
150 0.12500000000017 0.531250000001468 0
151 0.125000000000193 0.562500000001297 0
152 0.125000000000217 0.593750000001118 0
153 0.12500000000024 0.625000000000939 0
154 0.125000000000263 0.656250000000759 0
155 0.125000000000287 0.68750000000058 0
156 0.12500000000031 0.718750000000401 0
157 0.125000000000334 0.750000000000221 0
158 0.125000000000357 0.781250000000042 0
159 0.12500000000038 0.812499999999862 0
160 0.125000000000404 0.843749999999692 0
161 0.125000000000427 0.874999999999522 0
162 0.12500000000045 0.906249999999637 0
163 0.125000000000474 0.937499999999752 0
164 0.125000000000497 0.968749999999876 0
165 0.12500000000052 1 0
166 0.156249999999683 0 0
167 0.156249999999714 0.0312500000000998 0
168 0.156249999999744 0.0625000000001996 0
169 0.156249999999774 0.0937500000003016 0
170 0.156249999999804 0.125000000000404 0
171 0.156249999999834 0.156250000000499 0
172 0.156249999999865 0.187500000000595 0
173 0.156249999999895 0.21875000000069 0
174 0.156249999999925 0.250000000000786 0
175 0.156249999999955 0.281250000000881 0
176 0.156249999999986 0.312500000000977 0
177 0.156250000000016 0.343750000001072 0
178 0.156250000000046 0.375000000001168 0
179 0.156250000000076 0.406250000001263 0
180 0.156250000000106 0.437500000001359 0
181 0.156250000000137 0.468750000001446 0
182 0.156250000000167 0.500000000001533 0
183 0.156250000000197 0.531250000001372 0
184 0.156250000000227 0.56250000000121 0
185 0.156250000000257 0.59375000000104 0
186 0.156250000000288 0.62500000000087 0
187 0.156250000000318 0.6562500000007 0
188 0.156250000000348 0.68750000000053 0
189 0.156250000000378 0.71875000000036 0
190 0.156250000000409 0.75000000000019 0
191 0.156250000000439 0.78125000000002 0
192 0.156250000000469 0.812499999999849 0
193 0.156250000000499 0.843749999999689 0
194 0.156250000000529 0.874999999999528 0
195 0.15625000000056 0.906249999999641 0
196 0.15625000000059 0.937499999999755 0
197 0.15625000000062 0.968749999999877 0
198 0.15625000000065 1 0
199 0.187499999999593 0 0
200 0.18749999999963 0.0312500000000938 0
201 0.187499999999668 0.0625000000001875 0
202 0.187499999999705 0.0937500000002839 0
203 0.187499999999742 0.12500000000038 0
204 0.187499999999779 0.156250000000469 0
205 0.187499999999816 0.187500000000558 0
206 0.187499999999853 0.218750000000646 0
207 0.18749999999989 0.250000000000735 0
208 0.187499999999927 0.281250000000824 0
209 0.187499999999964 0.312500000000912 0
210 0.187500000000001 0.343750000001001 0
211 0.187500000000039 0.375000000001089 0
212 0.187500000000076 0.406250000001178 0
213 0.187500000000113 0.437500000001266 0
214 0.18750000000015 0.468750000001347 0
215 0.187500000000187 0.500000000001428 0
216 0.187500000000224 0.531250000001275 0
217 0.187500000000261 0.562500000001122 0
218 0.187500000000298 0.593750000000962 0
219 0.187500000000335 0.625000000000801 0
220 0.187500000000372 0.65625000000064 0
221 0.18750000000041 0.68750000000048 0
222 0.187500000000447 0.718750000000319 0
223 0.187500000000484 0.750000000000158 0
224 0.187500000000521 0.781249999999998 0
225 0.187500000000558 0.812499999999837 0
226 0.187500000000595 0.843749999999685 0
227 0.187500000000632 0.874999999999533 0
228 0.187500000000669 0.906249999999645 0
229 0.187500000000706 0.937499999999758 0
230 0.187500000000743 0.968749999999879 0
231 0.18750000000078 1 0
232 0.218749999999502 0 0
233 0.218749999999546 0.0312500000000877 0
234 0.21874999999959 0.0625000000001754 0
235 0.218749999999634 0.0937500000002661 0
236 0.218749999999678 0.125000000000357 0
237 0.218749999999722 0.156250000000439 0
238 0.218749999999766 0.187500000000521 0
239 0.21874999999981 0.218750000000602 0
240 0.218749999999854 0.250000000000684 0
241 0.218749999999898 0.281250000000766 0
242 0.218749999999942 0.312500000000847 0
243 0.218749999999986 0.343750000000929 0
244 0.21875000000003 0.375000000001011 0
245 0.218750000000074 0.406250000001093 0
246 0.218750000000118 0.437500000001174 0
247 0.218750000000162 0.468750000001248 0
248 0.218750000000206 0.500000000001323 0
249 0.21875000000025 0.531250000001179 0
250 0.218750000000294 0.562500000001035 0
251 0.218750000000338 0.593750000000883 0
252 0.218750000000382 0.625000000000732 0
253 0.218750000000426 0.656250000000581 0
254 0.21875000000047 0.687500000000429 0
255 0.218750000000514 0.718750000000278 0
256 0.218750000000558 0.750000000000127 0
257 0.218750000000602 0.781249999999976 0
258 0.218750000000646 0.812499999999824 0
259 0.21875000000069 0.843749999999681 0
260 0.218750000000734 0.874999999999538 0
261 0.218750000000778 0.906249999999649 0
262 0.218750000000823 0.93749999999976 0
263 0.218750000000866 0.96874999999988 0
264 0.21875000000091 1 0
265 0.249999999999411 0 0
266 0.249999999999462 0.0312500000000817 0
267 0.249999999999513 0.0625000000001633 0
268 0.249999999999564 0.0937500000002484 0
269 0.249999999999615 0.125000000000334 0
270 0.249999999999665 0.156250000000409 0
271 0.249999999999717 0.187500000000484 0
272 0.249999999999767 0.218750000000558 0
273 0.249999999999818 0.250000000000633 0
274 0.249999999999869 0.281250000000708 0
275 0.24999999999992 0.312500000000783 0
276 0.249999999999971 0.343750000000857 0
277 0.250000000000022 0.375000000000932 0
278 0.250000000000073 0.406250000001007 0
279 0.250000000000124 0.437500000001082 0
280 0.250000000000175 0.46875000000115 0
281 0.250000000000226 0.500000000001218 0
282 0.250000000000277 0.531250000001082 0
283 0.250000000000328 0.562500000000947 0
284 0.250000000000378 0.593750000000805 0
285 0.250000000000429 0.625000000000663 0
286 0.25000000000048 0.656250000000521 0
287 0.250000000000531 0.687500000000379 0
288 0.250000000000582 0.718750000000237 0
289 0.250000000000633 0.750000000000095 0
290 0.250000000000684 0.781249999999953 0
291 0.250000000000735 0.812499999999811 0
292 0.250000000000786 0.843749999999677 0
293 0.250000000000837 0.874999999999543 0
294 0.250000000000888 0.906249999999653 0
295 0.250000000000939 0.937499999999763 0
296 0.25000000000099 0.968749999999882 0
297 0.250000000001041 1 0
298 0.28124999999932 0 0
299 0.281249999999378 0.0312500000000756 0
300 0.281249999999435 0.0625000000001512 0
301 0.281249999999493 0.0937500000002307 0
302 0.281249999999551 0.12500000000031 0
303 0.281249999999609 0.156250000000378 0
304 0.281249999999667 0.187500000000447 0
305 0.281249999999725 0.218750000000514 0
306 0.281249999999782 0.250000000000582 0
307 0.28124999999984 0.28125000000065 0
308 0.281249999999898 0.312500000000718 0
309 0.281249999999956 0.343750000000786 0
310 0.281250000000014 0.375000000000853 0
311 0.281250000000072 0.406250000000921 0
312 0.28125000000013 0.437500000000989 0
313 0.281250000000187 0.468750000001051 0
314 0.281250000000245 0.500000000001112 0
315 0.281250000000303 0.531250000000986 0
316 0.281250000000361 0.56250000000086 0
317 0.281250000000419 0.593750000000727 0
318 0.281250000000477 0.625000000000594 0
319 0.281250000000534 0.656250000000462 0
320 0.281250000000592 0.687500000000329 0
321 0.28125000000065 0.718750000000197 0
322 0.281250000000708 0.750000000000064 0
323 0.281250000000766 0.781249999999931 0
324 0.281250000000824 0.812499999999798 0
325 0.281250000000882 0.843749999999674 0
326 0.281250000000939 0.874999999999549 0
327 0.281250000000997 0.906249999999658 0
328 0.281250000001055 0.937499999999766 0
329 0.281250000001113 0.968749999999883 0
330 0.281250000001171 1 0
331 0.312499999999229 0 0
332 0.312499999999293 0.0312500000000696 0
333 0.312499999999358 0.0625000000001391 0
334 0.312499999999423 0.0937500000002129 0
335 0.312499999999488 0.125000000000287 0
336 0.312499999999552 0.156250000000348 0
337 0.312499999999617 0.18750000000041 0
338 0.312499999999682 0.21875000000047 0
339 0.312499999999746 0.250000000000531 0
340 0.312499999999811 0.281250000000592 0
341 0.312499999999876 0.312500000000653 0
342 0.312499999999941 0.343750000000714 0
343 0.312500000000006 0.375000000000775 0
344 0.31250000000007 0.406250000000836 0
345 0.312500000000135 0.437500000000897 0
346 0.3125000000002 0.468750000000952 0
347 0.312500000000265 0.500000000001007 0
348 0.312500000000329 0.53125000000089 0
349 0.312500000000394 0.562500000000772 0
350 0.312500000000459 0.593750000000649 0
351 0.312500000000524 0.625000000000525 0
352 0.312500000000588 0.656250000000402 0
353 0.312500000000653 0.687500000000279 0
354 0.312500000000718 0.718750000000156 0
355 0.312500000000783 0.750000000000033 0
356 0.312500000000847 0.781249999999909 0
357 0.312500000000912 0.812499999999786 0
358 0.312500000000977 0.84374999999967 0
359 0.312500000001042 0.874999999999554 0
360 0.312500000001106 0.906249999999662 0
361 0.312500000001171 0.93749999999977 0
362 0.312500000001236 0.968749999999885 0
363 0.312500000001301 1 0
364 0.343749999999137 0 0
365 0.343749999999209 0.0312500000000635 0
366 0.343749999999281 0.062500000000127 0
367 0.343749999999352 0.0937500000001952 0
368 0.343749999999424 0.125000000000263 0
369 0.343749999999496 0.156250000000318 0
370 0.343749999999567 0.187500000000372 0
371 0.343749999999639 0.218750000000426 0
372 0.343749999999711 0.25000000000048 0
373 0.343749999999782 0.281250000000534 0
374 0.343749999999854 0.312500000000588 0
375 0.343749999999926 0.343750000000642 0
376 0.343749999999997 0.375000000000696 0
377 0.343750000000069 0.40625000000075 0
378 0.343750000000141 0.437500000000804 0
379 0.343750000000212 0.468750000000853 0
380 0.343750000000284 0.500000000000902 0
381 0.343750000000356 0.531250000000793 0
382 0.343750000000427 0.562500000000685 0
383 0.343750000000499 0.593750000000571 0
384 0.343750000000571 0.625000000000457 0
385 0.343750000000642 0.656250000000343 0
386 0.343750000000714 0.687500000000229 0
387 0.343750000000786 0.718750000000115 0
388 0.343750000000857 0.750000000000001 0
389 0.343750000000929 0.781249999999887 0
390 0.343750000001001 0.812499999999773 0
391 0.343750000001072 0.843749999999666 0
392 0.343750000001144 0.874999999999559 0
393 0.343750000001216 0.906249999999666 0
394 0.343750000001288 0.937499999999772 0
395 0.343750000001359 0.968749999999886 0
396 0.343750000001431 1 0
397 0.374999999999046 0 0
398 0.374999999999125 0.0312500000000575 0
399 0.374999999999203 0.0625000000001149 0
400 0.374999999999282 0.0937500000001775 0
401 0.37499999999936 0.12500000000024 0
402 0.374999999999439 0.156250000000288 0
403 0.374999999999518 0.187500000000335 0
404 0.374999999999596 0.218750000000382 0
405 0.374999999999675 0.250000000000429 0
406 0.374999999999753 0.281250000000477 0
407 0.374999999999832 0.312500000000524 0
408 0.374999999999911 0.343750000000571 0
409 0.374999999999989 0.375000000000618 0
410 0.375000000000068 0.406250000000665 0
411 0.375000000000146 0.437500000000712 0
412 0.375000000000225 0.468750000000754 0
413 0.375000000000303 0.500000000000797 0
414 0.375000000000382 0.531250000000697 0
415 0.375000000000461 0.562500000000597 0
416 0.375000000000539 0.593750000000492 0
417 0.375000000000618 0.625000000000388 0
418 0.375000000000696 0.656250000000283 0
419 0.375000000000775 0.687500000000179 0
420 0.375000000000853 0.718750000000074 0
421 0.375000000000932 0.74999999999997 0
422 0.375000000001011 0.781249999999865 0
423 0.375000000001089 0.81249999999976 0
424 0.375000000001168 0.843749999999662 0
425 0.375000000001247 0.874999999999565 0
426 0.375000000001325 0.90624999999967 0
427 0.375000000001404 0.937499999999775 0
428 0.375000000001482 0.968749999999888 0
429 0.375000000001561 1 0
430 0.406249999998955 0 0
431 0.40624999999904 0.0312500000000514 0
432 0.406249999999126 0.0625000000001028 0
433 0.406249999999211 0.0937500000001598 0
434 0.406249999999297 0.125000000000217 0
435 0.406249999999382 0.156250000000257 0
436 0.406249999999468 0.187500000000298 0
437 0.406249999999553 0.218750000000338 0
438 0.406249999999639 0.250000000000378 0
439 0.406249999999724 0.281250000000419 0
440 0.40624999999981 0.312500000000459 0
441 0.406249999999895 0.343750000000499 0
442 0.406249999999981 0.375000000000539 0
443 0.406250000000066 0.406250000000579 0
444 0.406250000000152 0.43750000000062 0
445 0.406250000000237 0.468750000000655 0
446 0.406250000000323 0.500000000000691 0
447 0.406250000000409 0.531250000000601 0
448 0.406250000000494 0.56250000000051 0
449 0.406250000000579 0.593750000000414 0
450 0.406250000000665 0.625000000000319 0
451 0.406250000000751 0.656250000000224 0
452 0.406250000000836 0.687500000000129 0
453 0.406250000000921 0.718750000000033 0
454 0.406250000001007 0.749999999999938 0
455 0.406250000001092 0.781249999999843 0
456 0.406250000001178 0.812499999999748 0
457 0.406250000001263 0.843749999999659 0
458 0.406250000001349 0.87499999999957 0
459 0.406250000001435 0.906249999999674 0
460 0.40625000000152 0.937499999999778 0
461 0.406250000001605 0.968749999999889 0
462 0.406250000001691 1 0
463 0.437499999998864 0 0
464 0.437499999998956 0.0312500000000454 0
465 0.437499999999048 0.0625000000000907 0
466 0.437499999999141 0.0937500000001421 0
467 0.437499999999233 0.125000000000193 0
468 0.437499999999326 0.156250000000227 0
469 0.437499999999418 0.187500000000261 0
470 0.437499999999511 0.218750000000294 0
471 0.437499999999603 0.250000000000328 0
472 0.437499999999695 0.281250000000361 0
473 0.437499999999788 0.312500000000394 0
474 0.43749999999988 0.343750000000427 0
475 0.437499999999973 0.375000000000461 0
476 0.437500000000065 0.406250000000494 0
477 0.437500000000157 0.437500000000527 0
478 0.43750000000025 0.468750000000557 0
479 0.437500000000342 0.500000000000586 0
480 0.437500000000435 0.531250000000504 0
481 0.437500000000527 0.562500000000422 0
482 0.43750000000062 0.593750000000336 0
483 0.437500000000712 0.62500000000025 0
484 0.437500000000805 0.656250000000164 0
485 0.437500000000897 0.687500000000078 0
486 0.437500000000989 0.718749999999992 0
487 0.437500000001082 0.749999999999907 0
488 0.437500000001174 0.781249999999821 0
489 0.437500000001266 0.812499999999735 0
490 0.437500000001359 0.843749999999655 0
491 0.437500000001451 0.874999999999575 0
492 0.437500000001544 0.906249999999678 0
493 0.437500000001636 0.937499999999782 0
494 0.437500000001729 0.968749999999891 0
495 0.437500000001821 1 0
496 0.468749999998778 0 0
497 0.468749999998877 0.0312500000000393 0
498 0.468749999998975 0.0625000000000786 0
499 0.468749999999074 0.0937500000001243 0
500 0.468749999999173 0.12500000000017 0
501 0.468749999999272 0.156250000000197 0
502 0.468749999999371 0.187500000000224 0
503 0.46874999999947 0.21875000000025 0
504 0.468749999999569 0.250000000000277 0
505 0.468749999999667 0.281250000000303 0
506 0.468749999999766 0.312500000000329 0
507 0.468749999999865 0.343750000000356 0
508 0.468749999999964 0.375000000000382 0
509 0.468750000000063 0.406250000000408 0
510 0.468750000000161 0.437500000000435 0
511 0.46875000000026 0.468750000000458 0
512 0.468750000000359 0.500000000000481 0
513 0.468750000000458 0.531250000000408 0
514 0.468750000000557 0.562500000000334 0
515 0.468750000000655 0.593750000000258 0
516 0.468750000000754 0.625000000000181 0
517 0.468750000000853 0.656250000000105 0
518 0.468750000000952 0.687500000000028 0
519 0.468750000001051 0.718749999999952 0
520 0.46875000000115 0.749999999999875 0
521 0.468750000001249 0.781249999999799 0
522 0.468750000001347 0.812499999999722 0
523 0.468750000001446 0.843749999999651 0
524 0.468750000001545 0.87499999999958 0
525 0.468750000001644 0.906249999999682 0
526 0.468750000001743 0.937499999999785 0
527 0.468750000001841 0.968749999999892 0
528 0.46875000000194 1 0
529 0.499999999998692 0 0
530 0.499999999998797 0.0312500000000333 0
531 0.499999999998902 0.0625000000000665 0
532 0.499999999999008 0.0937500000001066 0
533 0.499999999999113 0.125000000000147 0
534 0.499999999999218 0.156250000000167 0
535 0.499999999999323 0.187500000000187 0
536 0.499999999999429 0.218750000000206 0
537 0.499999999999534 0.250000000000226 0
538 0.499999999999639 0.281250000000245 0
539 0.499999999999744 0.312500000000265 0
540 0.49999999999985 0.343750000000284 0
541 0.499999999999955 0.375000000000303 0
542 0.50000000000006 0.406250000000323 0
543 0.500000000000165 0.437500000000342 0
544 0.500000000000271 0.468750000000359 0
545 0.500000000000376 0.500000000000376 0
546 0.500000000000481 0.531250000000311 0
547 0.500000000000586 0.562500000000247 0
548 0.500000000000691 0.59375000000018 0
549 0.500000000000797 0.625000000000113 0
550 0.500000000000902 0.656250000000045 0
551 0.500000000001007 0.687499999999978 0
552 0.500000000001112 0.718749999999911 0
553 0.500000000001218 0.749999999999844 0
554 0.500000000001323 0.781249999999777 0
555 0.500000000001428 0.812499999999709 0
556 0.500000000001533 0.843749999999648 0
557 0.500000000001638 0.874999999999586 0
558 0.500000000001744 0.906249999999687 0
559 0.500000000001849 0.937499999999788 0
560 0.500000000001954 0.968749999999894 0
561 0.500000000002059 1 0
562 0.531249999998769 0 0
563 0.531249999998865 0.0312500000000272 0
564 0.531249999998962 0.0625000000000544 0
565 0.531249999999058 0.0937500000000889 0
566 0.531249999999155 0.125000000000123 0
567 0.531249999999251 0.156250000000137 0
568 0.531249999999347 0.18750000000015 0
569 0.531249999999444 0.218750000000162 0
570 0.53124999999954 0.250000000000175 0
571 0.531249999999637 0.281250000000187 0
572 0.531249999999733 0.3125000000002 0
573 0.531249999999829 0.343750000000212 0
574 0.531249999999926 0.375000000000225 0
575 0.531250000000022 0.406250000000237 0
576 0.531250000000119 0.43750000000025 0
577 0.531250000000215 0.46875000000026 0
578 0.531250000000311 0.50000000000027 0
579 0.531250000000408 0.531250000000215 0
580 0.531250000000504 0.562500000000159 0
581 0.531250000000601 0.593750000000101 0
582 0.531250000000697 0.625000000000044 0
583 0.531250000000793 0.656249999999986 0
584 0.53125000000089 0.687499999999928 0
585 0.531250000000986 0.71874999999987 0
586 0.531250000001082 0.749999999999812 0
587 0.531250000001179 0.781249999999755 0
588 0.531250000001275 0.812499999999697 0
589 0.531250000001372 0.843749999999644 0
590 0.531250000001468 0.874999999999591 0
591 0.531250000001564 0.906249999999691 0
592 0.531250000001661 0.937499999999791 0
593 0.531250000001742 0.968749999999895 0
594 0.531250000001824 1 0
595 0.562499999998846 0 0
596 0.562499999998934 0.0312500000000212 0
597 0.562499999999021 0.0625000000000423 0
598 0.562499999999109 0.0937500000000712 0
599 0.562499999999196 0.1250000000001 0
600 0.562499999999284 0.156250000000106 0
601 0.562499999999371 0.187500000000113 0
602 0.562499999999459 0.218750000000118 0
603 0.562499999999546 0.250000000000124 0
604 0.562499999999634 0.28125000000013 0
605 0.562499999999722 0.312500000000135 0
606 0.562499999999809 0.343750000000141 0
607 0.562499999999897 0.375000000000146 0
608 0.562499999999984 0.406250000000152 0
609 0.562500000000072 0.437500000000157 0
610 0.562500000000159 0.468750000000161 0
611 0.562500000000247 0.500000000000165 0
612 0.562500000000334 0.531250000000118 0
613 0.562500000000422 0.562500000000072 0
614 0.562500000000509 0.593750000000023 0
615 0.562500000000597 0.624999999999975 0
616 0.562500000000685 0.656249999999926 0
617 0.562500000000772 0.687499999999878 0
618 0.56250000000086 0.718749999999829 0
619 0.562500000000947 0.749999999999781 0
620 0.562500000001035 0.781249999999732 0
621 0.562500000001122 0.812499999999684 0
622 0.56250000000121 0.84374999999964 0
623 0.562500000001297 0.874999999999596 0
624 0.562500000001385 0.906249999999695 0
625 0.562500000001472 0.937499999999793 0
626 0.56250000000156 0.968749999999897 0
627 0.562500000001648 1 0
628 0.593749999998928 0 0
629 0.593749999999007 0.0312500000000151 0
630 0.593749999999085 0.0625000000000302 0
631 0.593749999999163 0.0937500000000535 0
632 0.593749999999241 0.125000000000077 0
633 0.593749999999319 0.156250000000076 0
634 0.593749999999398 0.187500000000076 0
635 0.593749999999476 0.218750000000074 0
636 0.593749999999554 0.250000000000073 0
637 0.593749999999632 0.281250000000072 0
638 0.59374999999971 0.31250000000007 0
639 0.593749999999789 0.343750000000069 0
640 0.593749999999867 0.375000000000068 0
641 0.593749999999945 0.406250000000066 0
642 0.593750000000023 0.437500000000065 0
643 0.593750000000101 0.468750000000063 0
644 0.59375000000018 0.50000000000006 0
645 0.593750000000258 0.531250000000022 0
646 0.593750000000336 0.562499999999984 0
647 0.593750000000414 0.593749999999945 0
648 0.593750000000492 0.624999999999906 0
649 0.593750000000571 0.656249999999867 0
650 0.593750000000649 0.687499999999828 0
651 0.593750000000727 0.718749999999789 0
652 0.593750000000805 0.749999999999749 0
653 0.593750000000883 0.78124999999971 0
654 0.593750000000961 0.812499999999671 0
655 0.59375000000104 0.843749999999636 0
656 0.593750000001118 0.874999999999602 0
657 0.593750000001196 0.906249999999699 0
658 0.593750000001274 0.937499999999796 0
659 0.593750000001395 0.968749999999898 0
660 0.593750000001516 1 0
661 0.624999999999011 0 0
662 0.62499999999908 0.0312500000000091 0
663 0.624999999999149 0.0625000000000181 0
664 0.624999999999218 0.0937500000000357 0
665 0.624999999999286 0.125000000000053 0
666 0.624999999999355 0.156250000000046 0
667 0.624999999999424 0.187500000000039 0
668 0.624999999999493 0.21875000000003 0
669 0.624999999999562 0.250000000000022 0
670 0.624999999999631 0.281250000000014 0
671 0.624999999999699 0.312500000000006 0
672 0.624999999999768 0.343749999999997 0
673 0.624999999999837 0.374999999999989 0
674 0.624999999999906 0.406249999999981 0
675 0.624999999999975 0.437499999999973 0
676 0.625000000000044 0.468749999999964 0
677 0.625000000000113 0.499999999999955 0
678 0.625000000000181 0.531249999999926 0
679 0.62500000000025 0.562499999999897 0
680 0.625000000000319 0.593749999999867 0
681 0.625000000000388 0.624999999999837 0
682 0.625000000000457 0.656249999999807 0
683 0.625000000000525 0.687499999999778 0
684 0.625000000000594 0.718749999999748 0
685 0.625000000000663 0.749999999999718 0
686 0.625000000000732 0.781249999999688 0
687 0.625000000000801 0.812499999999658 0
688 0.62500000000087 0.843749999999633 0
689 0.625000000000939 0.874999999999607 0
690 0.625000000001007 0.906249999999703 0
691 0.625000000001076 0.937499999999799 0
692 0.625000000001145 0.9687499999999 0
693 0.625000000001214 1 0
694 0.656249999999093 0 0
695 0.656249999999153 0.031250000000003 0
696 0.656249999999212 0.062500000000006 0
697 0.656249999999272 0.093750000000018 0
698 0.656249999999331 0.12500000000003 0
699 0.656249999999391 0.156250000000016 0
700 0.65624999999945 0.187500000000001 0
701 0.65624999999951 0.218749999999986 0
702 0.656249999999569 0.249999999999971 0
703 0.656249999999629 0.281249999999956 0
704 0.656249999999688 0.312499999999941 0
705 0.656249999999748 0.343749999999926 0
706 0.656249999999807 0.374999999999911 0
707 0.656249999999867 0.406249999999895 0
708 0.656249999999926 0.43749999999988 0
709 0.656249999999986 0.468749999999865 0
710 0.656250000000045 0.49999999999985 0
711 0.656250000000105 0.531249999999829 0
712 0.656250000000164 0.562499999999809 0
713 0.656250000000224 0.593749999999789 0
714 0.656250000000283 0.624999999999768 0
715 0.656250000000343 0.656249999999748 0
716 0.656250000000402 0.687499999999727 0
717 0.656250000000462 0.718749999999707 0
718 0.656250000000521 0.749999999999687 0
719 0.656250000000581 0.781249999999666 0
720 0.65625000000064 0.812499999999646 0
721 0.6562500000007 0.843749999999629 0
722 0.656250000000759 0.874999999999612 0
723 0.656250000000819 0.906249999999707 0
724 0.656250000000878 0.937499999999802 0
725 0.656250000000926 0.968749999999901 0
726 0.656250000000974 1 0
727 0.687499999999176 0 0
728 0.687499999999226 0.031249999999997 0
729 0.687499999999276 0.0624999999999939 0
730 0.687499999999326 0.0937500000000003 0
731 0.687499999999376 0.125000000000007 0
732 0.687499999999426 0.156249999999986 0
733 0.687499999999477 0.187499999999964 0
734 0.687499999999527 0.218749999999942 0
735 0.687499999999577 0.24999999999992 0
736 0.687499999999627 0.281249999999898 0
737 0.687499999999677 0.312499999999876 0
738 0.687499999999727 0.343749999999854 0
739 0.687499999999778 0.374999999999832 0
740 0.687499999999828 0.40624999999981 0
741 0.687499999999878 0.437499999999788 0
742 0.687499999999928 0.468749999999766 0
743 0.687499999999978 0.499999999999744 0
744 0.687500000000028 0.531249999999733 0
745 0.687500000000078 0.562499999999722 0
746 0.687500000000129 0.59374999999971 0
747 0.687500000000179 0.624999999999699 0
748 0.687500000000229 0.656249999999688 0
749 0.687500000000279 0.687499999999677 0
750 0.687500000000329 0.718749999999666 0
751 0.687500000000379 0.749999999999655 0
752 0.687500000000429 0.781249999999644 0
753 0.68750000000048 0.812499999999633 0
754 0.68750000000053 0.843749999999625 0
755 0.68750000000058 0.874999999999617 0
756 0.68750000000063 0.906249999999711 0
757 0.68750000000068 0.937499999999805 0
758 0.68750000000073 0.968749999999903 0
759 0.68750000000078 1 0
760 0.718749999999258 0 0
761 0.718749999999299 0.0312499999999909 0
762 0.71874999999934 0.0624999999999818 0
763 0.718749999999381 0.0937499999999826 0
764 0.718749999999421 0.124999999999983 0
765 0.718749999999462 0.156249999999955 0
766 0.718749999999503 0.187499999999927 0
767 0.718749999999544 0.218749999999898 0
768 0.718749999999585 0.249999999999869 0
769 0.718749999999625 0.28124999999984 0
770 0.718749999999666 0.312499999999811 0
771 0.718749999999707 0.343749999999782 0
772 0.718749999999748 0.374999999999753 0
773 0.718749999999789 0.406249999999724 0
774 0.718749999999829 0.437499999999695 0
775 0.71874999999987 0.468749999999667 0
776 0.718749999999911 0.499999999999639 0
777 0.718749999999952 0.531249999999637 0
778 0.718749999999992 0.562499999999634 0
779 0.718750000000033 0.593749999999632 0
780 0.718750000000074 0.624999999999631 0
781 0.718750000000115 0.656249999999629 0
782 0.718750000000156 0.687499999999627 0
783 0.718750000000197 0.718749999999625 0
784 0.718750000000237 0.749999999999624 0
785 0.718750000000278 0.781249999999622 0
786 0.718750000000319 0.81249999999962 0
787 0.71875000000036 0.843749999999622 0
788 0.718750000000401 0.874999999999623 0
789 0.718750000000441 0.906249999999716 0
790 0.718750000000482 0.937499999999808 0
791 0.718750000000524 0.968749999999904 0
792 0.718750000000567 1 0
793 0.749999999999341 0 0
794 0.749999999999372 0.0312499999999849 0
795 0.749999999999403 0.0624999999999697 0
796 0.749999999999435 0.0937499999999648 0
797 0.749999999999466 0.12499999999996 0
798 0.749999999999498 0.156249999999925 0
799 0.749999999999529 0.18749999999989 0
800 0.749999999999561 0.218749999999854 0
801 0.749999999999592 0.249999999999818 0
802 0.749999999999624 0.281249999999783 0
803 0.749999999999655 0.312499999999746 0
804 0.749999999999687 0.343749999999711 0
805 0.749999999999718 0.374999999999675 0
806 0.749999999999749 0.406249999999639 0
807 0.749999999999781 0.437499999999603 0
808 0.749999999999812 0.468749999999569 0
809 0.749999999999844 0.499999999999534 0
810 0.749999999999875 0.53124999999954 0
811 0.749999999999907 0.562499999999546 0
812 0.749999999999938 0.593749999999554 0
813 0.74999999999997 0.624999999999562 0
814 0.750000000000001 0.656249999999569 0
815 0.750000000000033 0.687499999999577 0
816 0.750000000000064 0.718749999999585 0
817 0.750000000000095 0.749999999999592 0
818 0.750000000000127 0.7812499999996 0
819 0.750000000000158 0.812499999999607 0
820 0.75000000000019 0.843749999999618 0
821 0.750000000000221 0.874999999999628 0
822 0.750000000000253 0.90624999999972 0
823 0.750000000000284 0.937499999999811 0
824 0.750000000000316 0.968749999999906 0
825 0.750000000000347 1 0
826 0.781249999999423 0 0
827 0.781249999999445 0.0312499999999788 0
828 0.781249999999467 0.0624999999999576 0
829 0.781249999999489 0.0937499999999471 0
830 0.781249999999511 0.124999999999937 0
831 0.781249999999533 0.156249999999895 0
832 0.781249999999556 0.187499999999853 0
833 0.781249999999578 0.21874999999981 0
834 0.7812499999996 0.249999999999767 0
835 0.781249999999622 0.281249999999725 0
836 0.781249999999644 0.312499999999682 0
837 0.781249999999666 0.343749999999639 0
838 0.781249999999688 0.374999999999596 0
839 0.78124999999971 0.406249999999553 0
840 0.781249999999732 0.437499999999511 0
841 0.781249999999755 0.46874999999947 0
842 0.781249999999777 0.499999999999429 0
843 0.781249999999799 0.531249999999444 0
844 0.781249999999821 0.562499999999459 0
845 0.781249999999843 0.593749999999476 0
846 0.781249999999865 0.624999999999493 0
847 0.781249999999887 0.65624999999951 0
848 0.781249999999909 0.687499999999527 0
849 0.781249999999931 0.718749999999544 0
850 0.781249999999953 0.749999999999561 0
851 0.781249999999975 0.781249999999578 0
852 0.781249999999998 0.812499999999595 0
853 0.78125000000002 0.843749999999614 0
854 0.781250000000042 0.874999999999633 0
855 0.781250000000064 0.906249999999724 0
856 0.781250000000086 0.937499999999814 0
857 0.781250000000094 0.968749999999907 0
858 0.781250000000103 1 0
859 0.812499999999506 0 0
860 0.812499999999518 0.0312499999999728 0
861 0.812499999999531 0.0624999999999455 0
862 0.812499999999544 0.0937499999999294 0
863 0.812499999999556 0.124999999999913 0
864 0.812499999999569 0.156249999999865 0
865 0.812499999999582 0.187499999999816 0
866 0.812499999999595 0.218749999999766 0
867 0.812499999999607 0.249999999999717 0
868 0.81249999999962 0.281249999999667 0
869 0.812499999999633 0.312499999999617 0
870 0.812499999999646 0.343749999999567 0
871 0.812499999999658 0.374999999999518 0
872 0.812499999999671 0.406249999999468 0
873 0.812499999999684 0.437499999999418 0
874 0.812499999999697 0.468749999999371 0
875 0.812499999999709 0.499999999999323 0
876 0.812499999999722 0.531249999999347 0
877 0.812499999999735 0.562499999999371 0
878 0.812499999999748 0.593749999999398 0
879 0.81249999999976 0.624999999999424 0
880 0.812499999999773 0.65624999999945 0
881 0.812499999999786 0.687499999999477 0
882 0.812499999999798 0.718749999999503 0
883 0.812499999999811 0.749999999999529 0
884 0.812499999999824 0.781249999999556 0
885 0.812499999999837 0.812499999999582 0
886 0.812499999999849 0.84374999999961 0
887 0.812499999999862 0.874999999999639 0
888 0.812499999999875 0.906249999999728 0
889 0.812499999999888 0.937499999999817 0
890 0.8124999999999 0.968749999999909 0
891 0.812499999999913 1 0
892 0.843749999999588 0 0
893 0.843749999999592 0.0312499999999667 0
894 0.843749999999595 0.0624999999999334 0
895 0.843749999999599 0.0937499999999117 0
896 0.843749999999603 0.12499999999989 0
897 0.843749999999607 0.156249999999834 0
898 0.84374999999961 0.187499999999779 0
899 0.843749999999614 0.218749999999722 0
900 0.843749999999618 0.249999999999665 0
901 0.843749999999621 0.281249999999609 0
902 0.843749999999625 0.312499999999552 0
903 0.843749999999629 0.343749999999496 0
904 0.843749999999633 0.374999999999439 0
905 0.843749999999637 0.406249999999382 0
906 0.84374999999964 0.437499999999326 0
907 0.843749999999644 0.468749999999272 0
908 0.843749999999648 0.499999999999218 0
909 0.843749999999651 0.531249999999251 0
910 0.843749999999655 0.562499999999284 0
911 0.843749999999659 0.59374999999932 0
912 0.843749999999662 0.624999999999355 0
913 0.843749999999666 0.656249999999391 0
914 0.84374999999967 0.687499999999427 0
915 0.843749999999674 0.718749999999462 0
916 0.843749999999677 0.749999999999498 0
917 0.843749999999681 0.781249999999534 0
918 0.843749999999685 0.812499999999569 0
919 0.843749999999689 0.843749999999607 0
920 0.843749999999692 0.874999999999644 0
921 0.843749999999696 0.906249999999732 0
922 0.8437499999997 0.93749999999982 0
923 0.843749999999708 0.96874999999991 0
924 0.843749999999716 1 0
925 0.874999999999501 1 0
926 0.874999999999506 0.968749999999912 0
927 0.874999999999512 0.937499999999823 0
928 0.874999999999517 0.906249999999736 0
929 0.874999999999522 0.874999999999649 0
930 0.874999999999528 0.843749999999603 0
931 0.874999999999533 0.812499999999557 0
932 0.874999999999538 0.781249999999512 0
933 0.874999999999543 0.749999999999467 0
934 0.874999999999549 0.718749999999422 0
935 0.874999999999554 0.687499999999376 0
936 0.874999999999559 0.656249999999331 0
937 0.874999999999565 0.624999999999286 0
938 0.87499999999957 0.593749999999241 0
939 0.874999999999575 0.562499999999196 0
940 0.87499999999958 0.531249999999155 0
941 0.874999999999586 0.499999999999113 0
942 0.874999999999591 0.468749999999173 0
943 0.874999999999596 0.437499999999233 0
944 0.874999999999602 0.406249999999297 0
945 0.874999999999607 0.374999999999361 0
946 0.874999999999612 0.343749999999424 0
947 0.874999999999617 0.312499999999488 0
948 0.874999999999623 0.281249999999551 0
949 0.874999999999628 0.249999999999615 0
950 0.874999999999633 0.218749999999678 0
951 0.874999999999638 0.187499999999742 0
952 0.874999999999644 0.156249999999804 0
953 0.874999999999649 0.124999999999867 0
954 0.874999999999654 0.0937499999998939 0
955 0.87499999999966 0.0624999999999213 0
956 0.874999999999665 0.0312499999999607 0
957 0.87499999999967 0 0
958 0.906249999999629 0.937499999999826 0
959 0.906249999999633 0.90624999999974 0
960 0.906249999999637 0.874999999999654 0
961 0.906249999999641 0.843749999999599 0
962 0.906249999999645 0.812499999999544 0
963 0.906249999999649 0.781249999999489 0
964 0.906249999999653 0.968749999999913 0
965 0.906249999999654 0.749999999999435 0
966 0.906249999999658 0.718749999999381 0
967 0.906249999999662 0.687499999999326 0
968 0.906249999999666 0.656249999999272 0
969 0.90624999999967 0.624999999999218 0
970 0.906249999999674 0.593749999999163 0
971 0.906249999999677 1 0
972 0.906249999999678 0.562499999999109 0
973 0.906249999999683 0.531249999999058 0
974 0.906249999999687 0.499999999999008 0
975 0.906249999999691 0.468749999999074 0
976 0.906249999999695 0.437499999999141 0
977 0.906249999999699 0.406249999999211 0
978 0.906249999999703 0.374999999999282 0
979 0.906249999999707 0.343749999999352 0
980 0.906249999999711 0.312499999999423 0
981 0.906249999999715 0.281249999999493 0
982 0.90624999999972 0.249999999999564 0
983 0.906249999999724 0.218749999999634 0
984 0.906249999999728 0.187499999999705 0
985 0.906249999999732 0.156249999999774 0
986 0.906249999999736 0.124999999999843 0
987 0.90624999999974 0.0937499999998762 0
988 0.906249999999744 0.0624999999999092 0
989 0.906249999999749 0.0312499999999546 0
990 0.906249999999753 0 0
991 0.93749999999974 1 0
992 0.937499999999743 0.968749999999915 0
993 0.937499999999746 0.937499999999829 0
994 0.937499999999749 0.906249999999744 0
995 0.937499999999752 0.87499999999966 0
996 0.937499999999755 0.843749999999595 0
997 0.937499999999758 0.812499999999531 0
998 0.937499999999761 0.781249999999467 0
999 0.937499999999764 0.749999999999403 0
1000 0.937499999999767 0.71874999999934 0
1001 0.93749999999977 0.687499999999276 0
1002 0.937499999999772 0.656249999999212 0
1003 0.937499999999775 0.624999999999149 0
1004 0.937499999999779 0.593749999999085 0
1005 0.937499999999782 0.562499999999021 0
1006 0.937499999999785 0.531249999998962 0
1007 0.937499999999788 0.499999999998903 0
1008 0.93749999999979 0.468749999998975 0
1009 0.937499999999793 0.437499999999048 0
1010 0.937499999999796 0.406249999999126 0
1011 0.937499999999799 0.374999999999203 0
1012 0.937499999999802 0.343749999999281 0
1013 0.937499999999805 0.312499999999358 0
1014 0.937499999999808 0.281249999999436 0
1015 0.937499999999811 0.249999999999513 0
1016 0.937499999999814 0.21874999999959 0
1017 0.937499999999817 0.187499999999668 0
1018 0.93749999999982 0.156249999999744 0
1019 0.937499999999823 0.12499999999982 0
1020 0.937499999999826 0.0937499999998585 0
1021 0.937499999999829 0.0624999999998971 0
1022 0.937499999999832 0.0312499999999486 0
1023 0.937499999999835 0 0
1024 0.968749999999867 1 0
1025 0.96874999999987 0.968749999999916 0
1026 0.968749999999873 0.937499999999832 0
1027 0.968749999999874 0.906249999999749 0
1028 0.968749999999876 0.874999999999665 0
1029 0.968749999999877 0.843749999999592 0
1030 0.968749999999879 0.812499999999518 0
1031 0.96874999999988 0.781249999999445 0
1032 0.968749999999882 0.749999999999372 0
1033 0.968749999999883 0.718749999999299 0
1034 0.968749999999885 0.687499999999226 0
1035 0.968749999999886 0.656249999999153 0
1036 0.968749999999888 0.62499999999908 0
1037 0.968749999999889 0.593749999999007 0
1038 0.968749999999891 0.562499999998934 0
1039 0.968749999999892 0.531249999998866 0
1040 0.968749999999894 0.499999999998797 0
1041 0.968749999999895 0.468749999998877 0
1042 0.968749999999897 0.437499999998956 0
1043 0.968749999999898 0.40624999999904 0
1044 0.9687499999999 0.374999999999125 0
1045 0.968749999999901 0.343749999999209 0
1046 0.968749999999903 0.312499999999293 0
1047 0.968749999999904 0.281249999999378 0
1048 0.968749999999906 0.249999999999462 0
1049 0.968749999999907 0.218749999999546 0
1050 0.968749999999909 0.18749999999963 0
1051 0.96874999999991 0.156249999999714 0
1052 0.968749999999912 0.124999999999796 0
1053 0.968749999999913 0.0937499999998408 0
1054 0.968749999999915 0.062499999999885 0
1055 0.968749999999916 0.0312499999999452 0
1056 0.968749999999918 0 0
1057 1 0 0
1058 1 1 0
1059 1 0.0624999999998729 0
1060 1 0.124999999999773 0
1061 1 0.187499999999593 0
1062 1 0.249999999999411 0
1063 1 0.312499999999229 0
1064 1 0.374999999999046 0
1065 1 0.437499999998864 0
1066 1 0.499999999998692 0
1067 1 0.562499999998846 0
1068 1 0.624999999999011 0
1069 1 0.687499999999176 0
1070 1 0.749999999999341 0
1071 1 0.812499999999506 0
1072 1 0.87499999999967 0
1073 1 0.937499999999835 0
1074 1 0.0312499999999418 0
1075 1 0.093749999999823 0
1076 1 0.156249999999683 0
1077 1 0.218749999999502 0
1078 1 0.28124999999932 0
1079 1 0.343749999999137 0
1080 1 0.406249999998955 0
1081 1 0.468749999998778 0
1082 1 0.531249999998769 0
1083 1 0.593749999998928 0
1084 1 0.656249999999093 0
1085 1 0.718749999999258 0
1086 1 0.781249999999423 0
1087 1 0.843749999999588 0
1088 1 0.906249999999753 0
1089 1 0.968749999999918 0
