1 0 0 0
2 0 1 0
3 0 0.8 0
4 0 0.600000000001387 0
5 0 0.400000000001665 0
6 0 0.200000000000833 0
7 0 0.899999999999994 0
8 0 0.700000000000782 0
9 0 0.500000000001699 0
10 0 0.300000000001249 0
11 0 0.100000000000416 0
12 0.0999999999998163 0 0
13 0.0999999999998612 0.100000000000353 0
14 0.099999999999906 0.200000000000705 0
15 0.0999999999999698 0.30000000000105 0
16 0.100000000000034 0.400000000001396 0
17 0.100000000000097 0.500000000001356 0
18 0.100000000000161 0.600000000001143 0
19 0.100000000000225 0.700000000000589 0
20 0.100000000000289 0.799999999999947 0
21 0.100000000000353 0.899999999999971 0
22 0.100000000000416 1 0
23 0.199999999999557 0 0
24 0.199999999999685 0.100000000000289 0
25 0.199999999999812 0.200000000000577 0
26 0.19999999999994 0.300000000000852 0
27 0.200000000000067 0.400000000001127 0
28 0.200000000000195 0.500000000001013 0
29 0.200000000000322 0.600000000000899 0
30 0.20000000000045 0.700000000000397 0
31 0.200000000000577 0.799999999999895 0
32 0.200000000000705 0.899999999999947 0
33 0.200000000000833 1 0
34 0.299999999999265 0 0
35 0.299999999999463 0.100000000000225 0
36 0.299999999999662 0.20000000000045 0
37 0.29999999999986 0.300000000000654 0
38 0.300000000000059 0.400000000000857 0
39 0.300000000000257 0.500000000000756 0
40 0.300000000000455 0.600000000000655 0
41 0.300000000000654 0.700000000000248 0
42 0.300000000000852 0.799999999999842 0
43 0.30000000000105 0.899999999999921 0
44 0.300000000001249 1 0
45 0.399999999998973 0 0
46 0.399999999999242 0.100000000000161 0
47 0.399999999999512 0.200000000000322 0
48 0.399999999999781 0.300000000000455 0
49 0.40000000000005 0.400000000000588 0
50 0.400000000000319 0.500000000000499 0
51 0.400000000000588 0.60000000000041 0
52 0.400000000000858 0.7000000000001 0
53 0.400000000001127 0.799999999999789 0
54 0.400000000001396 0.899999999999895 0
55 0.400000000001665 1 0
56 0.499999999998681 0 0
57 0.499999999999077 0.100000000000097 0
58 0.499999999999473 0.200000000000195 0
59 0.499999999999729 0.300000000000257 0
60 0.499999999999986 0.400000000000319 0
61 0.500000000000243 0.500000000000243 0
62 0.500000000000499 0.600000000000166 0
63 0.500000000000756 0.699999999999951 0
64 0.500000000001013 0.799999999999736 0
65 0.500000000001356 0.899999999999868 0
66 0.500000000001699 1 0
67 0.599999999998945 0 0
68 0.599999999999189 0.100000000000034 0
69 0.599999999999434 0.200000000000067 0
70 0.599999999999678 0.300000000000059 0
71 0.599999999999922 0.40000000000005 0
72 0.600000000000166 0.499999999999986 0
73 0.600000000000411 0.599999999999922 0
74 0.600000000000655 0.699999999999803 0
75 0.600000000000899 0.799999999999683 0
76 0.600000000001143 0.899999999999842 0
77 0.600000000001387 1 0
78 0.699999999999209 0 0
79 0.699999999999357 0.0999999999999698 0
80 0.699999999999506 0.19999999999994 0
81 0.699999999999654 0.29999999999986 0
82 0.699999999999803 0.399999999999781 0
83 0.699999999999951 0.499999999999729 0
84 0.7000000000001 0.599999999999678 0
85 0.700000000000248 0.699999999999654 0
86 0.700000000000397 0.799999999999631 0
87 0.700000000000589 0.899999999999815 0
88 0.700000000000782 1 0
89 0.799999999999472 0 0
90 0.799999999999525 0.099999999999906 0
91 0.799999999999578 0.199999999999812 0
92 0.799999999999631 0.299999999999662 0
93 0.799999999999683 0.399999999999512 0
94 0.799999999999736 0.499999999999472 0
95 0.799999999999789 0.599999999999434 0
96 0.799999999999842 0.699999999999506 0
97 0.799999999999895 0.799999999999578 0
98 0.799999999999947 0.899999999999789 0
99 0.8 1 0
100 0.899999999999736 0 0
101 0.899999999999763 0.0999999999998612 0
102 0.899999999999789 0.199999999999685 0
103 0.899999999999815 0.299999999999463 0
104 0.899999999999842 0.399999999999242 0
105 0.899999999999868 0.499999999999077 0
106 0.899999999999894 0.599999999999189 0
107 0.899999999999921 0.699999999999357 0
108 0.899999999999947 0.799999999999525 0
109 0.899999999999971 0.899999999999763 0
110 0.899999999999994 1 0
111 1 0 0
112 1 1 0
113 1 0.199999999999557 0
114 1 0.399999999998973 0
115 1 0.599999999998945 0
116 1 0.799999999999472 0
117 1 0.0999999999998163 0
118 1 0.299999999999265 0
119 1 0.499999999998681 0
120 1 0.699999999999209 0
121 1 0.899999999999736 0
