1 0 0 0
2 0 1 0
3 0 0.833333333333102 0
4 0 0.666666666667592 0
5 0 0.500000000002059 0
6 0 0.333333333334721 0
7 0 0.16666666666736 0
8 0 0.916666666666607 0
9 0 0.750000000000349 0
10 0 0.58333333333483 0
11 0 0.41666666666839 0
12 0 0.250000000001041 0
13 0 0.0833333333336802 0
14 0.0833333333331718 0 0
15 0.0833333333332094 0.0833333333336369 0
16 0.0833333333332471 0.166666666667274 0
17 0.0833333333332904 0.250000000000905 0
18 0.0833333333333337 0.333333333334536 0
19 0.083333333333377 0.416666666668157 0
20 0.0833333333334203 0.500000000001779 0
21 0.0833333333334636 0.583333333334612 0
22 0.083333333333507 0.666666666667441 0
23 0.0833333333335503 0.750000000000264 0
24 0.0833333333335936 0.833333333333085 0
25 0.0833333333336369 0.91666666666657 0
26 0.0833333333336802 1 0
27 0.166666666666321 0 0
28 0.166666666666408 0.0833333333335936 0
29 0.166666666666494 0.166666666667187 0
30 0.166666666666581 0.250000000000769 0
31 0.166666666666667 0.333333333334351 0
32 0.166666666666754 0.416666666667925 0
33 0.166666666666841 0.500000000001498 0
34 0.166666666666927 0.583333333334395 0
35 0.166666666667014 0.666666666667291 0
36 0.166666666667101 0.750000000000179 0
37 0.166666666667187 0.833333333333067 0
38 0.166666666667274 0.916666666666534 0
39 0.16666666666736 1 0
40 0.249999999999411 0 0
41 0.249999999999547 0.0833333333335503 0
42 0.249999999999683 0.166666666667101 0
43 0.249999999999818 0.250000000000633 0
44 0.249999999999954 0.333333333334166 0
45 0.25000000000009 0.416666666667692 0
46 0.250000000000226 0.500000000001218 0
47 0.250000000000361 0.583333333334179 0
48 0.250000000000497 0.666666666667141 0
49 0.250000000000633 0.750000000000095 0
50 0.250000000000769 0.83333333333305 0
51 0.250000000000905 0.916666666666525 0
52 0.250000000001041 1 0
53 0.333333333332501 0 0
54 0.333333333332686 0.083333333333507 0
55 0.333333333332871 0.166666666667014 0
56 0.333333333333056 0.250000000000497 0
57 0.333333333333241 0.333333333333981 0
58 0.333333333333426 0.416666666667459 0
59 0.333333333333611 0.500000000000937 0
60 0.333333333333796 0.583333333333964 0
61 0.333333333333981 0.66666666666699 0
62 0.333333333334166 0.750000000000011 0
63 0.333333333334351 0.833333333333032 0
64 0.333333333334536 0.916666666666516 0
65 0.333333333334721 1 0
66 0.416666666665596 0 0
67 0.416666666665829 0.0833333333334636 0
68 0.416666666666062 0.166666666666927 0
69 0.416666666666295 0.250000000000361 0
70 0.416666666666528 0.333333333333796 0
71 0.41666666666676 0.416666666667226 0
72 0.416666666666993 0.500000000000656 0
73 0.416666666667226 0.583333333333748 0
74 0.416666666667459 0.66666666666684 0
75 0.416666666667692 0.749999999999928 0
76 0.416666666667925 0.833333333333015 0
77 0.416666666668157 0.916666666666508 0
78 0.41666666666839 1 0
79 0.499999999998692 0 0
80 0.499999999998973 0.0833333333334203 0
81 0.499999999999253 0.166666666666841 0
82 0.499999999999534 0.250000000000226 0
83 0.499999999999814 0.333333333333611 0
84 0.500000000000095 0.416666666666993 0
85 0.500000000000376 0.500000000000376 0
86 0.500000000000656 0.583333333333533 0
87 0.500000000000937 0.66666666666669 0
88 0.500000000001218 0.749999999999844 0
89 0.500000000001498 0.833333333332998 0
90 0.500000000001779 0.916666666666499 0
91 0.500000000002059 1 0
92 0.58333333333224 0 0
93 0.583333333332455 0.083333333333377 0
94 0.583333333332671 0.166666666666754 0
95 0.583333333332886 0.25000000000009 0
96 0.583333333333102 0.333333333333426 0
97 0.583333333333317 0.41666666666676 0
98 0.583333333333533 0.500000000000095 0
99 0.583333333333748 0.583333333333317 0
100 0.583333333333964 0.666666666666539 0
101 0.583333333334179 0.74999999999976 0
102 0.583333333334395 0.83333333333298 0
103 0.583333333334612 0.91666666666649 0
104 0.58333333333483 1 0
105 0.666666666665787 0 0
106 0.666666666665938 0.0833333333333337 0
107 0.666666666666088 0.166666666666667 0
108 0.666666666666238 0.249999999999954 0
109 0.666666666666389 0.333333333333241 0
110 0.666666666666539 0.416666666666528 0
111 0.66666666666669 0.499999999999814 0
112 0.66666666666684 0.583333333333102 0
113 0.66666666666699 0.666666666666389 0
114 0.666666666667141 0.749999999999676 0
115 0.666666666667291 0.833333333332963 0
116 0.666666666667441 0.916666666666482 0
117 0.666666666667592 1 0
118 0.749999999999341 0 0
119 0.749999999999424 0.0833333333332904 0
120 0.749999999999508 0.166666666666581 0
121 0.749999999999592 0.249999999999818 0
122 0.749999999999676 0.333333333333056 0
123 0.74999999999976 0.416666666666295 0
124 0.749999999999844 0.499999999999534 0
125 0.749999999999928 0.583333333332886 0
126 0.750000000000011 0.666666666666238 0
127 0.750000000000095 0.749999999999592 0
128 0.750000000000179 0.833333333332946 0
129 0.750000000000264 0.916666666666473 0
130 0.750000000000349 1 0
131 0.833333333332894 0 0
132 0.833333333332911 0.0833333333332471 0
133 0.833333333332928 0.166666666666494 0
134 0.833333333332946 0.249999999999683 0
135 0.833333333332963 0.333333333332871 0
136 0.833333333332981 0.416666666666062 0
137 0.833333333332998 0.499999999999253 0
138 0.833333333333015 0.583333333332671 0
139 0.833333333333032 0.666666666666088 0
140 0.83333333333305 0.749999999999508 0
141 0.833333333333067 0.833333333332929 0
142 0.833333333333085 0.916666666666464 0
143 0.833333333333102 1 0
144 0.916666666666447 0 0
145 0.916666666666455 0.0833333333332094 0
146 0.916666666666464 0.166666666666408 0
147 0.916666666666473 0.249999999999547 0
148 0.916666666666482 0.333333333332686 0
149 0.91666666666649 0.416666666665829 0
150 0.916666666666499 0.499999999998973 0
151 0.916666666666508 0.583333333332455 0
152 0.916666666666516 0.666666666665938 0
153 0.916666666666525 0.749999999999424 0
154 0.916666666666534 0.833333333332911 0
155 0.91666666666657 0.916666666666456 0
156 0.916666666666607 1 0
157 1 0 0
158 1 1 0
159 1 0.166666666666321 0
160 1 0.333333333332501 0
161 1 0.499999999998692 0
162 1 0.666666666665787 0
163 1 0.833333333332894 0
164 1 0.0833333333331718 0
165 1 0.249999999999411 0
166 1 0.416666666665596 0
167 1 0.58333333333224 0
168 1 0.749999999999341 0
169 1 0.916666666666447 0
