1 0 0 0
2 0 1 0
3 0 0.833333333333102 0
4 0 0.666666666667592 0
5 0 0.500000000002059 0
6 0 0.333333333334721 0
7 0 0.16666666666736 0
8 0.166666666666321 0 0
9 0.166666666666494 0.166666666667187 0
10 0.166666666666667 0.333333333334351 0
11 0.166666666666841 0.500000000001498 0
12 0.166666666667014 0.666666666667291 0
13 0.166666666667187 0.833333333333067 0
14 0.16666666666736 1 0
15 0.333333333332501 0 0
16 0.333333333332871 0.166666666667014 0
17 0.333333333333241 0.333333333333981 0
18 0.333333333333611 0.500000000000937 0
19 0.333333333333981 0.66666666666699 0
20 0.333333333334351 0.833333333333032 0
21 0.333333333334721 1 0
22 0.499999999998692 0 0
23 0.499999999999253 0.166666666666841 0
24 0.499999999999814 0.333333333333611 0
25 0.500000000000376 0.500000000000376 0
26 0.500000000000937 0.66666666666669 0
27 0.500000000001498 0.833333333332998 0
28 0.500000000002059 1 0
29 0.666666666665787 0 0
30 0.666666666666088 0.166666666666667 0
31 0.666666666666389 0.333333333333241 0
32 0.66666666666669 0.499999999999814 0
33 0.66666666666699 0.666666666666389 0
34 0.666666666667291 0.833333333332963 0
35 0.666666666667592 1 0
36 0.833333333332894 0 0
37 0.833333333332928 0.166666666666494 0
38 0.833333333332963 0.333333333332871 0
39 0.833333333332998 0.499999999999253 0
40 0.833333333333032 0.666666666666088 0
41 0.833333333333067 0.833333333332929 0
42 0.833333333333102 1 0
43 1 0 0
44 1 1 0
45 1 0.166666666666321 0
46 1 0.333333333332501 0
47 1 0.499999999998692 0
48 1 0.666666666665787 0
49 1 0.833333333332894 0
