1 0 0 0
2 0 1 0
3 0 0.857142857142461 0
4 0 0.714285714286309 0
5 0 0.571428571430157 0
6 0 0.428571428573212 0
7 0 0.285714285715475 0
8 0 0.142857142857738 0
9 0 0.928571428571308 0
10 0 0.785714285714405 0
11 0 0.642857142858353 0
12 0 0.500000000001849 0
13 0 0.357142857144344 0
14 0 0.214285714286606 0
15 0 0.0714285714288687 0
16 0.0714285714284281 0 0
17 0.0714285714284618 0.0714285714288376 0
18 0.0714285714284955 0.142857142857675 0
19 0.0714285714285266 0.214285714286508 0
20 0.0714285714285577 0.285714285715341 0
21 0.0714285714285888 0.357142857144173 0
22 0.0714285714286199 0.428571428573006 0
23 0.071428571428651 0.500000000001567 0
24 0.0714285714286821 0.571428571429963 0
25 0.0714285714287132 0.642857142858148 0
26 0.0714285714287443 0.714285714286213 0
27 0.0714285714287754 0.785714285714348 0
28 0.0714285714288065 0.857142857142462 0
29 0.0714285714288376 0.92857142857127 0
30 0.0714285714288687 1 0
31 0.142857142856867 0 0
32 0.142857142856929 0.0714285714288065 0
33 0.142857142856991 0.142857142857613 0
34 0.142857142857053 0.21428571428641 0
35 0.142857142857115 0.285714285715206 0
36 0.142857142857178 0.357142857144003 0
37 0.14285714285724 0.428571428572799 0
38 0.142857142857302 0.500000000001284 0
39 0.142857142857364 0.571428571429769 0
40 0.142857142857427 0.642857142857943 0
41 0.142857142857489 0.714285714286116 0
42 0.142857142857551 0.78571428571429 0
43 0.142857142857613 0.857142857142464 0
44 0.142857142857675 0.928571428571232 0
45 0.142857142857738 1 0
46 0.214285714285229 0 0
47 0.214285714285328 0.0714285714287754 0
48 0.214285714285426 0.142857142857551 0
49 0.214285714285525 0.214285714286311 0
50 0.214285714285623 0.285714285715072 0
51 0.214285714285721 0.357142857143832 0
52 0.21428571428582 0.428571428572592 0
53 0.214285714285918 0.500000000001084 0
54 0.214285714286016 0.571428571429575 0
55 0.214285714286115 0.642857142857798 0
56 0.214285714286213 0.71428571428602 0
57 0.214285714286311 0.785714285714243 0
58 0.21428571428641 0.857142857142465 0
59 0.214285714286508 0.928571428571233 0
60 0.214285714286606 1 0
61 0.285714285713592 0 0
62 0.285714285713727 0.0714285714287443 0
63 0.285714285713861 0.142857142857489 0
64 0.285714285713996 0.214285714286213 0
65 0.28571428571413 0.285714285714937 0
66 0.285714285714265 0.357142857143661 0
67 0.285714285714399 0.428571428572385 0
68 0.285714285714534 0.500000000000883 0
69 0.285714285714668 0.571428571429381 0
70 0.285714285714803 0.642857142857652 0
71 0.285714285714937 0.714285714285924 0
72 0.285714285715072 0.785714285714195 0
73 0.285714285715206 0.857142857142466 0
74 0.285714285715341 0.928571428571233 0
75 0.285714285715475 1 0
76 0.357142857141955 0 0
77 0.357142857142126 0.0714285714287132 0
78 0.357142857142296 0.142857142857427 0
79 0.357142857142467 0.214285714286115 0
80 0.357142857142638 0.285714285714803 0
81 0.357142857142808 0.357142857143491 0
82 0.357142857142979 0.428571428572179 0
83 0.357142857143149 0.500000000000683 0
84 0.35714285714332 0.571428571429187 0
85 0.357142857143491 0.642857142857507 0
86 0.357142857143661 0.714285714285827 0
87 0.357142857143832 0.785714285714148 0
88 0.357142857144003 0.857142857142468 0
89 0.357142857144173 0.928571428571234 0
90 0.357142857144344 1 0
91 0.428571428570318 0 0
92 0.428571428570525 0.0714285714286821 0
93 0.428571428570732 0.142857142857364 0
94 0.428571428570938 0.214285714286016 0
95 0.428571428571145 0.285714285714668 0
96 0.428571428571352 0.35714285714332 0
97 0.428571428571559 0.428571428571972 0
98 0.428571428571765 0.500000000000483 0
99 0.428571428571972 0.571428571428993 0
100 0.428571428572179 0.642857142857362 0
101 0.428571428572385 0.714285714285731 0
102 0.428571428572592 0.7857142857141 0
103 0.428571428572799 0.857142857142469 0
104 0.428571428573006 0.928571428571235 0
105 0.428571428573212 1 0
106 0.499999999998681 0 0
107 0.499999999998981 0.071428571428651 0
108 0.499999999999281 0.142857142857302 0
109 0.499999999999481 0.214285714285918 0
110 0.499999999999681 0.285714285714534 0
111 0.499999999999881 0.357142857143149 0
112 0.500000000000082 0.428571428571765 0
113 0.500000000000282 0.500000000000282 0
114 0.500000000000483 0.571428571428799 0
115 0.500000000000683 0.642857142857217 0
116 0.500000000000883 0.714285714285635 0
117 0.500000000001084 0.785714285714053 0
118 0.500000000001284 0.857142857142471 0
119 0.500000000001567 0.928571428571235 0
120 0.500000000001849 1 0
121 0.571428571427441 0 0
122 0.571428571427635 0.0714285714286199 0
123 0.571428571427829 0.14285714285724 0
124 0.571428571428023 0.214285714285819 0
125 0.571428571428217 0.285714285714399 0
126 0.571428571428411 0.357142857142979 0
127 0.571428571428605 0.428571428571559 0
128 0.571428571428799 0.500000000000082 0
129 0.571428571428993 0.571428571428605 0
130 0.571428571429187 0.642857142857072 0
131 0.571428571429381 0.714285714285539 0
132 0.571428571429575 0.785714285714005 0
133 0.571428571429769 0.857142857142472 0
134 0.571428571429963 0.928571428571236 0
135 0.571428571430157 1 0
136 0.642857142856201 0 0
137 0.642857142856346 0.0714285714285888 0
138 0.642857142856491 0.142857142857178 0
139 0.642857142856636 0.214285714285721 0
140 0.642857142856782 0.285714285714265 0
141 0.642857142856927 0.357142857142808 0
142 0.642857142857072 0.428571428571352 0
143 0.642857142857217 0.499999999999881 0
144 0.642857142857362 0.571428571428411 0
145 0.642857142857507 0.642857142856927 0
146 0.642857142857652 0.714285714285442 0
147 0.642857142857798 0.785714285713958 0
148 0.642857142857943 0.857142857142473 0
149 0.642857142858148 0.928571428571237 0
150 0.642857142858353 1 0
151 0.714285714284961 0 0
152 0.714285714285057 0.0714285714285577 0
153 0.714285714285153 0.142857142857115 0
154 0.71428571428525 0.214285714285623 0
155 0.714285714285346 0.28571428571413 0
156 0.714285714285442 0.357142857142638 0
157 0.714285714285539 0.428571428571145 0
158 0.714285714285635 0.499999999999681 0
159 0.714285714285731 0.571428571428217 0
160 0.714285714285827 0.642857142856782 0
161 0.714285714285924 0.714285714285346 0
162 0.71428571428602 0.78571428571391 0
163 0.714285714286116 0.857142857142475 0
164 0.714285714286213 0.928571428571237 0
165 0.714285714286309 1 0
166 0.78571428571372 0 0
167 0.785714285713768 0.0714285714285266 0
168 0.785714285713816 0.142857142857053 0
169 0.785714285713863 0.214285714285525 0
170 0.78571428571391 0.285714285713996 0
171 0.785714285713958 0.357142857142467 0
172 0.785714285714005 0.428571428570938 0
173 0.785714285714053 0.499999999999481 0
174 0.7857142857141 0.571428571428023 0
175 0.785714285714147 0.642857142856636 0
176 0.785714285714195 0.71428571428525 0
177 0.785714285714243 0.785714285713863 0
178 0.78571428571429 0.857142857142476 0
179 0.785714285714347 0.928571428571238 0
180 0.785714285714405 1 0
181 0.857142857142461 1 0
182 0.857142857142462 0.928571428571239 0
183 0.857142857142464 0.857142857142478 0
184 0.857142857142465 0.785714285713815 0
185 0.857142857142466 0.714285714285153 0
186 0.857142857142468 0.642857142856491 0
187 0.857142857142469 0.571428571427829 0
188 0.857142857142471 0.49999999999928 0
189 0.857142857142472 0.428571428570732 0
190 0.857142857142473 0.357142857142297 0
191 0.857142857142475 0.285714285713861 0
192 0.857142857142476 0.214285714285426 0
193 0.857142857142478 0.142857142856991 0
194 0.857142857142479 0.0714285714284955 0
195 0.85714285714248 0 0
196 0.928571428571232 0.857142857142479 0
197 0.928571428571233 0.785714285713768 0
198 0.928571428571233 0.714285714285057 0
199 0.928571428571234 0.642857142856346 0
200 0.928571428571235 0.571428571427635 0
201 0.928571428571235 0.499999999998981 0
202 0.928571428571236 0.428571428570525 0
203 0.928571428571237 0.357142857142126 0
204 0.928571428571237 0.285714285713727 0
205 0.928571428571238 0.214285714285328 0
206 0.928571428571239 0.142857142856929 0
207 0.92857142857124 0.0714285714284618 0
208 0.92857142857124 0 0
209 0.92857142857127 0.92857142857124 0
210 0.928571428571308 1 0
211 1 0 0
212 1 1 0
213 1 0.142857142856867 0
214 1 0.285714285713592 0
215 1 0.428571428570318 0
216 1 0.571428571427441 0
217 1 0.714285714284961 0
218 1 0.85714285714248 0
219 1 0.0714285714284281 0
220 1 0.214285714285229 0
221 1 0.357142857141955 0
222 1 0.499999999998681 0
223 1 0.642857142856201 0
224 1 0.78571428571372 0
225 1 0.92857142857124 0
