1 0 0 0
2 0 1 0
3 0 0.500000000002059 0
4 0 0.833333333334096 0
5 0 0.66666666666806 0
6 0 0.333333333334706 0
7 0 0.166666666667353 0
8 0.166666666666332 0 0
9 0.166666666666486 0.166666666667166 0
10 0.166666666666639 0.333333333334332 0
11 0.166666666666792 0.500000000001498 0
12 0.166666666666979 0.666666666667679 0
13 0.166666666667166 0.833333333333884 0
14 0.166666666667353 1 0
15 0.333333333332512 0 0
16 0.33333333333287 0.166666666666979 0
17 0.333333333333227 0.333333333333958 0
18 0.333333333333584 0.500000000000937 0
19 0.333333333333958 0.666666666667298 0
20 0.333333333334332 0.833333333333671 0
21 0.333333333334706 1 0
22 0.499999999998692 0 0
23 0.499999999999253 0.166666666666792 0
24 0.499999999999815 0.333333333333584 0
25 0.500000000000376 0.500000000000376 0
26 0.500000000000937 0.666666666666917 0
27 0.500000000001498 0.833333333333459 0
28 0.500000000002059 1 0
29 0.666666666665795 0 0
30 0.666666666666169 0.166666666666639 0
31 0.666666666666543 0.333333333333227 0
32 0.666666666666917 0.499999999999815 0
33 0.666666666667298 0.666666666666543 0
34 0.666666666667679 0.833333333333272 0
35 0.66666666666806 1 0
36 0.833333333332897 0 0
37 0.833333333333085 0.166666666666486 0
38 0.833333333333272 0.333333333332869 0
39 0.833333333333459 0.499999999999253 0
40 0.833333333333671 0.666666666666169 0
41 0.833333333333884 0.833333333333085 0
42 0.833333333334096 1 0
43 1 0 0
44 1 1 0
45 1 0.499999999998692 0
46 1 0.166666666666332 0
47 1 0.333333333332512 0
48 1 0.666666666665795 0
49 1 0.833333333332897 0
