1 0 0 0
2 0.00166666666666667 0 0
3 0.00333333333333333 0 0
4 0.005 0 0
5 0.00666666666666667 0 0
6 0.00833333333333333 0 0
7 0.01 0 0
8 0.0116666666666667 0 0
9 0.0133333333333333 0 0
10 0.015 0 0
11 0.0166666666666667 0 0
12 0.0183333333333333 0 0
13 0.02 0 0
14 0.0216666666666667 0 0
15 0.0233333333333333 0 0
16 0.025 0 0
17 0.0266666666666667 0 0
18 0.0283333333333333 0 0
19 0.03 0 0
20 0.0316666666666667 0 0
21 0.0333333333333333 0 0
22 0.035 0 0
23 0.0366666666666667 0 0
24 0.0383333333333333 0 0
25 0.04 0 0
26 0.0416666666666667 0 0
27 0.0433333333333333 0 0
28 0.045 0 0
29 0.0466666666666667 0 0
30 0.0483333333333333 0 0
31 0.05 0 0
32 0.0516666666666667 0 0
33 0.0533333333333333 0 0
34 0.055 0 0
35 0.0566666666666667 0 0
36 0.0583333333333333 0 0
37 0.06 0 0
38 0.0616666666666667 0 0
39 0.0633333333333333 0 0
40 0.065 0 0
41 0.0666666666666667 0 0
42 0.0683333333333333 0 0
43 0.07 0 0
44 0.0716666666666667 0 0
45 0.0733333333333333 0 0
46 0.075 0 0
47 0.0766666666666667 0 0
48 0.0783333333333333 0 0
49 0.08 0 0
50 0.0816666666666667 0 0
51 0.0833333333333333 0 0
52 0.085 0 0
53 0.0866666666666667 0 0
54 0.0883333333333333 0 0
55 0.09 0 0
56 0.0916666666666667 0 0
57 0.0933333333333333 0 0
58 0.095 0 0
59 0.0966666666666667 0 0
60 0.0983333333333333 0 0
61 0.1 0 0
62 0.101666666666667 0 0
63 0.103333333333333 0 0
64 0.105 0 0
65 0.106666666666667 0 0
66 0.108333333333333 0 0
67 0.11 0 0
68 0.111666666666667 0 0
69 0.113333333333333 0 0
70 0.115 0 0
71 0.116666666666667 0 0
72 0.118333333333333 0 0
73 0.12 0 0
74 0.121666666666667 0 0
75 0.123333333333333 0 0
76 0.125 0 0
77 0.126666666666667 0 0
78 0.128333333333333 0 0
79 0.13 0 0
80 0.131666666666667 0 0
81 0.133333333333333 0 0
82 0.135 0 0
83 0.136666666666667 0 0
84 0.138333333333333 0 0
85 0.14 0 0
86 0.141666666666667 0 0
87 0.143333333333333 0 0
88 0.145 0 0
89 0.146666666666667 0 0
90 0.148333333333333 0 0
91 0.15 0 0
92 0.151666666666667 0 0
93 0.153333333333333 0 0
94 0.155 0 0
95 0.156666666666667 0 0
96 0.158333333333333 0 0
97 0.16 0 0
98 0.161666666666667 0 0
99 0.163333333333333 0 0
100 0.165 0 0
101 0.166666666666667 0 0
102 0.168333333333333 0 0
103 0.17 0 0
104 0.171666666666667 0 0
105 0.173333333333333 0 0
106 0.175 0 0
107 0.176666666666667 0 0
108 0.178333333333333 0 0
109 0.18 0 0
110 0.181666666666667 0 0
111 0.183333333333333 0 0
112 0.185 0 0
113 0.186666666666667 0 0
114 0.188333333333333 0 0
115 0.19 0 0
116 0.191666666666667 0 0
117 0.193333333333333 0 0
118 0.195 0 0
119 0.196666666666667 0 0
120 0.198333333333333 0 0
121 0.2 0 0
122 0.201666666666667 0 0
123 0.203333333333333 0 0
124 0.205 0 0
125 0.206666666666667 0 0
126 0.208333333333333 0 0
127 0.21 0 0
128 0.211666666666667 0 0
129 0.213333333333333 0 0
130 0.215 0 0
131 0.216666666666667 0 0
132 0.218333333333333 0 0
133 0.22 0 0
134 0.221666666666667 0 0
135 0.223333333333333 0 0
136 0.225 0 0
137 0.226666666666667 0 0
138 0.228333333333333 0 0
139 0.23 0 0
140 0.231666666666667 0 0
141 0.233333333333333 0 0
142 0.235 0 0
143 0.236666666666667 0 0
144 0.238333333333333 0 0
145 0.24 0 0
146 0.241666666666667 0 0
147 0.243333333333333 0 0
148 0.245 0 0
149 0.246666666666667 0 0
150 0.248333333333333 0 0
151 0.25 0 0
152 0.251666666666667 0 0
153 0.253333333333333 0 0
154 0.255 0 0
155 0.256666666666667 0 0
156 0.258333333333333 0 0
157 0.26 0 0
158 0.261666666666667 0 0
159 0.263333333333333 0 0
160 0.265 0 0
161 0.266666666666667 0 0
162 0.268333333333333 0 0
163 0.27 0 0
164 0.271666666666667 0 0
165 0.273333333333333 0 0
166 0.275 0 0
167 0.276666666666667 0 0
168 0.278333333333333 0 0
169 0.28 0 0
170 0.281666666666667 0 0
171 0.283333333333333 0 0
172 0.285 0 0
173 0.286666666666667 0 0
174 0.288333333333333 0 0
175 0.29 0 0
176 0.291666666666667 0 0
177 0.293333333333333 0 0
178 0.295 0 0
179 0.296666666666667 0 0
180 0.298333333333333 0 0
181 0.3 0 0
182 0.301666666666667 0 0
183 0.303333333333333 0 0
184 0.305 0 0
185 0.306666666666667 0 0
186 0.308333333333333 0 0
187 0.31 0 0
188 0.311666666666667 0 0
189 0.313333333333333 0 0
190 0.315 0 0
191 0.316666666666667 0 0
192 0.318333333333333 0 0
193 0.32 0 0
194 0.321666666666667 0 0
195 0.323333333333333 0 0
196 0.325 0 0
197 0.326666666666667 0 0
198 0.328333333333333 0 0
199 0.33 0 0
200 0.331666666666667 0 0
201 0.333333333333333 0 0
202 0.335 0 0
203 0.336666666666667 0 0
204 0.338333333333333 0 0
205 0.34 0 0
206 0.341666666666667 0 0
207 0.343333333333333 0 0
208 0.345 0 0
209 0.346666666666667 0 0
210 0.348333333333333 0 0
211 0.35 0 0
212 0.351666666666667 0 0
213 0.353333333333333 0 0
214 0.355 0 0
215 0.356666666666667 0 0
216 0.358333333333333 0 0
217 0.36 0 0
218 0.361666666666667 0 0
219 0.363333333333333 0 0
220 0.365 0 0
221 0.366666666666667 0 0
222 0.368333333333333 0 0
223 0.37 0 0
224 0.371666666666667 0 0
225 0.373333333333333 0 0
226 0.375 0 0
227 0.376666666666667 0 0
228 0.378333333333333 0 0
229 0.38 0 0
230 0.381666666666667 0 0
231 0.383333333333333 0 0
232 0.385 0 0
233 0.386666666666667 0 0
234 0.388333333333333 0 0
235 0.39 0 0
236 0.391666666666667 0 0
237 0.393333333333333 0 0
238 0.395 0 0
239 0.396666666666667 0 0
240 0.398333333333333 0 0
241 0.4 0 0
242 0.401666666666667 0 0
243 0.403333333333333 0 0
244 0.405 0 0
245 0.406666666666667 0 0
246 0.408333333333333 0 0
247 0.41 0 0
248 0.411666666666667 0 0
249 0.413333333333333 0 0
250 0.415 0 0
251 0.416666666666667 0 0
252 0.418333333333333 0 0
253 0.42 0 0
254 0.421666666666667 0 0
255 0.423333333333333 0 0
256 0.425 0 0
257 0.426666666666667 0 0
258 0.428333333333333 0 0
259 0.43 0 0
260 0.431666666666667 0 0
261 0.433333333333333 0 0
262 0.435 0 0
263 0.436666666666667 0 0
264 0.438333333333333 0 0
265 0.44 0 0
266 0.441666666666667 0 0
267 0.443333333333333 0 0
268 0.445 0 0
269 0.446666666666667 0 0
270 0.448333333333333 0 0
271 0.45 0 0
272 0.451666666666667 0 0
273 0.453333333333333 0 0
274 0.455 0 0
275 0.456666666666667 0 0
276 0.458333333333333 0 0
277 0.46 0 0
278 0.461666666666667 0 0
279 0.463333333333333 0 0
280 0.465 0 0
281 0.466666666666667 0 0
282 0.468333333333333 0 0
283 0.47 0 0
284 0.471666666666667 0 0
285 0.473333333333333 0 0
286 0.475 0 0
287 0.476666666666667 0 0
288 0.478333333333333 0 0
289 0.48 0 0
290 0.481666666666667 0 0
291 0.483333333333333 0 0
292 0.485 0 0
293 0.486666666666667 0 0
294 0.488333333333333 0 0
295 0.49 0 0
296 0.491666666666667 0 0
297 0.493333333333333 0 0
298 0.495 0 0
299 0.496666666666667 0 0
300 0.498333333333333 0 0
301 0.5 0 0
302 0.501666666666667 0 0
303 0.503333333333333 0 0
304 0.505 0 0
305 0.506666666666667 0 0
306 0.508333333333333 0 0
307 0.51 0 0
308 0.511666666666667 0 0
309 0.513333333333333 0 0
310 0.515 0 0
311 0.516666666666667 0 0
312 0.518333333333333 0 0
313 0.52 0 0
314 0.521666666666667 0 0
315 0.523333333333333 0 0
316 0.525 0 0
317 0.526666666666667 0 0
318 0.528333333333333 0 0
319 0.53 0 0
320 0.531666666666667 0 0
321 0.533333333333333 0 0
322 0.535 0 0
323 0.536666666666667 0 0
324 0.538333333333333 0 0
325 0.54 0 0
326 0.541666666666667 0 0
327 0.543333333333333 0 0
328 0.545 0 0
329 0.546666666666667 0 0
330 0.548333333333333 0 0
331 0.55 0 0
332 0.551666666666667 0 0
333 0.553333333333333 0 0
334 0.555 0 0
335 0.556666666666667 0 0
336 0.558333333333333 0 0
337 0.56 0 0
338 0.561666666666667 0 0
339 0.563333333333333 0 0
340 0.565 0 0
341 0.566666666666667 0 0
342 0.568333333333333 0 0
343 0.57 0 0
344 0.571666666666667 0 0
345 0.573333333333333 0 0
346 0.575 0 0
347 0.576666666666667 0 0
348 0.578333333333333 0 0
349 0.58 0 0
350 0.581666666666667 0 0
351 0.583333333333333 0 0
352 0.585 0 0
353 0.586666666666667 0 0
354 0.588333333333333 0 0
355 0.59 0 0
356 0.591666666666667 0 0
357 0.593333333333333 0 0
358 0.595 0 0
359 0.596666666666667 0 0
360 0.598333333333333 0 0
361 0.6 0 0
362 0.601666666666667 0 0
363 0.603333333333333 0 0
364 0.605 0 0
365 0.606666666666667 0 0
366 0.608333333333333 0 0
367 0.61 0 0
368 0.611666666666667 0 0
369 0.613333333333333 0 0
370 0.615 0 0
371 0.616666666666667 0 0
372 0.618333333333333 0 0
373 0.62 0 0
374 0.621666666666667 0 0
375 0.623333333333333 0 0
376 0.625 0 0
377 0.626666666666667 0 0
378 0.628333333333333 0 0
379 0.63 0 0
380 0.631666666666667 0 0
381 0.633333333333333 0 0
382 0.635 0 0
383 0.636666666666667 0 0
384 0.638333333333333 0 0
385 0.64 0 0
386 0.641666666666667 0 0
387 0.643333333333333 0 0
388 0.645 0 0
389 0.646666666666667 0 0
390 0.648333333333333 0 0
391 0.65 0 0
392 0.651666666666667 0 0
393 0.653333333333333 0 0
394 0.655 0 0
395 0.656666666666667 0 0
396 0.658333333333333 0 0
397 0.66 0 0
398 0.661666666666667 0 0
399 0.663333333333333 0 0
400 0.665 0 0
401 0.666666666666667 0 0
402 0.668333333333333 0 0
403 0.67 0 0
404 0.671666666666667 0 0
405 0.673333333333333 0 0
406 0.675 0 0
407 0.676666666666667 0 0
408 0.678333333333333 0 0
409 0.68 0 0
410 0.681666666666667 0 0
411 0.683333333333333 0 0
412 0.685 0 0
413 0.686666666666667 0 0
414 0.688333333333333 0 0
415 0.69 0 0
416 0.691666666666667 0 0
417 0.693333333333333 0 0
418 0.695 0 0
419 0.696666666666667 0 0
420 0.698333333333333 0 0
421 0.7 0 0
422 0.701666666666667 0 0
423 0.703333333333333 0 0
424 0.705 0 0
425 0.706666666666667 0 0
426 0.708333333333333 0 0
427 0.71 0 0
428 0.711666666666667 0 0
429 0.713333333333333 0 0
430 0.715 0 0
431 0.716666666666667 0 0
432 0.718333333333333 0 0
433 0.72 0 0
434 0.721666666666667 0 0
435 0.723333333333333 0 0
436 0.725 0 0
437 0.726666666666667 0 0
438 0.728333333333333 0 0
439 0.73 0 0
440 0.731666666666667 0 0
441 0.733333333333333 0 0
442 0.735 0 0
443 0.736666666666667 0 0
444 0.738333333333333 0 0
445 0.74 0 0
446 0.741666666666667 0 0
447 0.743333333333333 0 0
448 0.745 0 0
449 0.746666666666667 0 0
450 0.748333333333333 0 0
451 0.75 0 0
452 0.751666666666667 0 0
453 0.753333333333333 0 0
454 0.755 0 0
455 0.756666666666667 0 0
456 0.758333333333333 0 0
457 0.76 0 0
458 0.761666666666667 0 0
459 0.763333333333333 0 0
460 0.765 0 0
461 0.766666666666667 0 0
462 0.768333333333333 0 0
463 0.77 0 0
464 0.771666666666667 0 0
465 0.773333333333333 0 0
466 0.775 0 0
467 0.776666666666667 0 0
468 0.778333333333333 0 0
469 0.78 0 0
470 0.781666666666667 0 0
471 0.783333333333333 0 0
472 0.785 0 0
473 0.786666666666667 0 0
474 0.788333333333333 0 0
475 0.79 0 0
476 0.791666666666667 0 0
477 0.793333333333333 0 0
478 0.795 0 0
479 0.796666666666667 0 0
480 0.798333333333333 0 0
481 0.8 0 0
482 0.801666666666667 0 0
483 0.803333333333333 0 0
484 0.805 0 0
485 0.806666666666667 0 0
486 0.808333333333333 0 0
487 0.81 0 0
488 0.811666666666667 0 0
489 0.813333333333333 0 0
490 0.815 0 0
491 0.816666666666667 0 0
492 0.818333333333333 0 0
493 0.82 0 0
494 0.821666666666667 0 0
495 0.823333333333333 0 0
496 0.825 0 0
497 0.826666666666667 0 0
498 0.828333333333333 0 0
499 0.83 0 0
500 0.831666666666667 0 0
501 0.833333333333333 0 0
502 0.835 0 0
503 0.836666666666667 0 0
504 0.838333333333333 0 0
505 0.84 0 0
506 0.841666666666667 0 0
507 0.843333333333333 0 0
508 0.845 0 0
509 0.846666666666667 0 0
510 0.848333333333333 0 0
511 0.85 0 0
512 0.851666666666667 0 0
513 0.853333333333333 0 0
514 0.855 0 0
515 0.856666666666667 0 0
516 0.858333333333333 0 0
517 0.86 0 0
518 0.861666666666667 0 0
519 0.863333333333333 0 0
520 0.865 0 0
521 0.866666666666667 0 0
522 0.868333333333333 0 0
523 0.87 0 0
524 0.871666666666667 0 0
525 0.873333333333333 0 0
526 0.875 0 0
527 0.876666666666667 0 0
528 0.878333333333333 0 0
529 0.88 0 0
530 0.881666666666667 0 0
531 0.883333333333333 0 0
532 0.885 0 0
533 0.886666666666667 0 0
534 0.888333333333333 0 0
535 0.89 0 0
536 0.891666666666667 0 0
537 0.893333333333333 0 0
538 0.895 0 0
539 0.896666666666667 0 0
540 0.898333333333333 0 0
541 0.9 0 0
542 0.901666666666667 0 0
543 0.903333333333333 0 0
544 0.905 0 0
545 0.906666666666667 0 0
546 0.908333333333333 0 0
547 0.91 0 0
548 0.911666666666667 0 0
549 0.913333333333333 0 0
550 0.915 0 0
551 0.916666666666667 0 0
552 0.918333333333333 0 0
553 0.92 0 0
554 0.921666666666667 0 0
555 0.923333333333333 0 0
556 0.925 0 0
557 0.926666666666667 0 0
558 0.928333333333333 0 0
559 0.93 0 0
560 0.931666666666667 0 0
561 0.933333333333333 0 0
562 0.935 0 0
563 0.936666666666667 0 0
564 0.938333333333333 0 0
565 0.94 0 0
566 0.941666666666667 0 0
567 0.943333333333333 0 0
568 0.945 0 0
569 0.946666666666667 0 0
570 0.948333333333333 0 0
571 0.95 0 0
572 0.951666666666667 0 0
573 0.953333333333333 0 0
574 0.955 0 0
575 0.956666666666667 0 0
576 0.958333333333333 0 0
577 0.96 0 0
578 0.961666666666667 0 0
579 0.963333333333333 0 0
580 0.965 0 0
581 0.966666666666667 0 0
582 0.968333333333333 0 0
583 0.97 0 0
584 0.971666666666667 0 0
585 0.973333333333333 0 0
586 0.975 0 0
587 0.976666666666667 0 0
588 0.978333333333333 0 0
589 0.98 0 0
590 0.981666666666667 0 0
591 0.983333333333333 0 0
592 0.985 0 0
593 0.986666666666667 0 0
594 0.988333333333333 0 0
595 0.99 0 0
596 0.991666666666667 0 0
597 0.993333333333333 0 0
598 0.995 0 0
599 0.996666666666667 0 0
600 0.998333333333333 0 0
601 1 0 0
