1 0 0 0
2 0.00505050505050505 0 0
3 0.0101010101010101 0 0
4 0.0151515151515152 0 0
5 0.0202020202020202 0 0
6 0.0252525252525252 0 0
7 0.0303030303030303 0 0
8 0.0353535353535354 0 0
9 0.0404040404040404 0 0
10 0.0454545454545455 0 0
11 0.0505050505050505 0 0
12 0.0555555555555556 0 0
13 0.0606060606060606 0 0
14 0.0656565656565657 0 0
15 0.0707070707070707 0 0
16 0.0757575757575758 0 0
17 0.0808080808080808 0 0
18 0.0858585858585859 0 0
19 0.0909090909090909 0 0
20 0.095959595959596 0 0
21 0.101010101010101 0 0
22 0.106060606060606 0 0
23 0.111111111111111 0 0
24 0.116161616161616 0 0
25 0.121212121212121 0 0
26 0.126262626262626 0 0
27 0.131313131313131 0 0
28 0.136363636363636 0 0
29 0.141414141414141 0 0
30 0.146464646464646 0 0
31 0.151515151515151 0 0
32 0.156565656565657 0 0
33 0.161616161616162 0 0
34 0.166666666666667 0 0
35 0.171717171717172 0 0
36 0.176767676767677 0 0
37 0.181818181818182 0 0
38 0.186868686868687 0 0
39 0.191919191919192 0 0
40 0.196969696969697 0 0
41 0.202020202020202 0 0
42 0.207070707070707 0 0
43 0.212121212121212 0 0
44 0.217171717171717 0 0
45 0.222222222222222 0 0
46 0.227272727272727 0 0
47 0.232323232323232 0 0
48 0.237373737373737 0 0
49 0.242424242424242 0 0
50 0.247474747474747 0 0
51 0.252525252525252 0 0
52 0.257575757575758 0 0
53 0.262626262626263 0 0
54 0.267676767676768 0 0
55 0.272727272727273 0 0
56 0.277777777777778 0 0
57 0.282828282828283 0 0
58 0.287878787878788 0 0
59 0.292929292929293 0 0
60 0.297979797979798 0 0
61 0.303030303030303 0 0
62 0.308080808080808 0 0
63 0.313131313131313 0 0
64 0.318181818181818 0 0
65 0.323232323232323 0 0
66 0.328282828282828 0 0
67 0.333333333333333 0 0
68 0.338383838383839 0 0
69 0.343434343434343 0 0
70 0.348484848484849 0 0
71 0.353535353535354 0 0
72 0.358585858585859 0 0
73 0.363636363636364 0 0
74 0.368686868686869 0 0
75 0.373737373737374 0 0
76 0.378787878787879 0 0
77 0.383838383838384 0 0
78 0.388888888888889 0 0
79 0.393939393939394 0 0
80 0.398989898989899 0 0
81 0.404040404040404 0 0
82 0.409090909090909 0 0
83 0.414141414141414 0 0
84 0.419191919191919 0 0
85 0.424242424242424 0 0
86 0.429292929292929 0 0
87 0.434343434343434 0 0
88 0.439393939393939 0 0
89 0.444444444444444 0 0
90 0.44949494949495 0 0
91 0.454545454545455 0 0
92 0.45959595959596 0 0
93 0.464646464646465 0 0
94 0.46969696969697 0 0
95 0.474747474747475 0 0
96 0.47979797979798 0 0
97 0.484848484848485 0 0
98 0.48989898989899 0 0
99 0.494949494949495 0 0
100 0.5 0 0
101 0.505050505050505 0 0
102 0.51010101010101 0 0
103 0.515151515151515 0 0
104 0.52020202020202 0 0
105 0.525252525252525 0 0
106 0.53030303030303 0 0
107 0.535353535353535 0 0
108 0.54040404040404 0 0
109 0.545454545454546 0 0
110 0.55050505050505 0 0
111 0.555555555555556 0 0
112 0.560606060606061 0 0
113 0.565656565656566 0 0
114 0.570707070707071 0 0
115 0.575757575757576 0 0
116 0.580808080808081 0 0
117 0.585858585858586 0 0
118 0.590909090909091 0 0
119 0.595959595959596 0 0
120 0.601010101010101 0 0
121 0.606060606060606 0 0
122 0.611111111111111 0 0
123 0.616161616161616 0 0
124 0.621212121212121 0 0
125 0.626262626262626 0 0
126 0.631313131313131 0 0
127 0.636363636363636 0 0
128 0.641414141414141 0 0
129 0.646464646464647 0 0
130 0.651515151515151 0 0
131 0.656565656565657 0 0
132 0.661616161616162 0 0
133 0.666666666666667 0 0
134 0.671717171717172 0 0
135 0.676767676767677 0 0
136 0.681818181818182 0 0
137 0.686868686868687 0 0
138 0.691919191919192 0 0
139 0.696969696969697 0 0
140 0.702020202020202 0 0
141 0.707070707070707 0 0
142 0.712121212121212 0 0
143 0.717171717171717 0 0
144 0.722222222222222 0 0
145 0.727272727272727 0 0
146 0.732323232323232 0 0
147 0.737373737373737 0 0
148 0.742424242424242 0 0
149 0.747474747474748 0 0
150 0.752525252525253 0 0
151 0.757575757575758 0 0
152 0.762626262626263 0 0
153 0.767676767676768 0 0
154 0.772727272727273 0 0
155 0.777777777777778 0 0
156 0.782828282828283 0 0
157 0.787878787878788 0 0
158 0.792929292929293 0 0
159 0.797979797979798 0 0
160 0.803030303030303 0 0
161 0.808080808080808 0 0
162 0.813131313131313 0 0
163 0.818181818181818 0 0
164 0.823232323232323 0 0
165 0.828282828282828 0 0
166 0.833333333333333 0 0
167 0.838383838383838 0 0
168 0.843434343434343 0 0
169 0.848484848484849 0 0
170 0.853535353535354 0 0
171 0.858585858585859 0 0
172 0.863636363636364 0 0
173 0.868686868686869 0 0
174 0.873737373737374 0 0
175 0.878787878787879 0 0
176 0.883838383838384 0 0
177 0.888888888888889 0 0
178 0.893939393939394 0 0
179 0.898989898989899 0 0
180 0.904040404040404 0 0
181 0.909090909090909 0 0
182 0.914141414141414 0 0
183 0.919191919191919 0 0
184 0.924242424242424 0 0
185 0.929292929292929 0 0
186 0.934343434343434 0 0
187 0.939393939393939 0 0
188 0.944444444444445 0 0
189 0.94949494949495 0 0
190 0.954545454545455 0 0
191 0.95959595959596 0 0
192 0.964646464646465 0 0
193 0.96969696969697 0 0
194 0.974747474747475 0 0
195 0.97979797979798 0 0
196 0.984848484848485 0 0
197 0.98989898989899 0 0
198 0.994949494949495 0 0
199 1 0 0
