1 1 1 1 416 417 437
2 1 1 1 376 356 374
3 1 1 1 451 436 449
4 1 1 1 455 438 454
5 1 1 1 356 335 336
6 1 1 1 396 374 375
7 1 1 1 417 396 414
8 1 1 1 436 414 415
9 1 1 1 475 449 450
10 1 1 1 477 452 451
11 1 1 1 453 437 452
12 1 1 1 479 454 453
13 1 1 1 481 456 455
14 1 1 1 438 419 418
15 1 1 1 418 395 416
16 1 1 1 395 377 376
17 1 1 1 336 335 314
18 1 1 1 355 356 336
19 1 1 1 374 356 355
20 1 1 1 375 374 355
21 1 1 1 393 396 375
22 1 1 1 414 396 393
23 1 1 1 415 414 393
24 1 1 1 433 436 415
25 1 1 1 449 436 433
26 1 1 1 450 449 433
27 1 1 1 474 475 450
28 1 1 1 475 476 449
29 1 1 1 476 451 449
30 1 1 1 476 477 451
31 1 1 1 477 478 452
32 1 1 1 478 453 452
33 1 1 1 478 479 453
34 1 1 1 479 480 454
35 1 1 1 480 455 454
36 1 1 1 480 481 455
37 1 1 1 481 466 456
38 1 1 1 455 456 435
39 1 1 1 455 435 438
40 1 1 1 438 435 419
41 1 1 1 418 419 392
42 1 1 1 418 392 395
43 1 1 1 395 392 377
44 1 1 1 376 377 354
45 1 1 1 376 354 356
46 1 1 1 356 354 335
47 1 1 1 394 376 374
48 1 1 1 396 394 374
49 1 1 1 417 394 396
50 1 1 1 432 417 414
51 1 1 1 436 432 414
52 1 1 1 451 432 436
53 1 1 1 451 452 432
54 1 1 1 452 437 432
55 1 1 1 453 434 437
56 1 1 1 453 454 434
57 1 1 1 454 438 434
58 1 1 1 434 438 418
59 1 1 1 434 418 416
60 1 1 1 416 395 394
61 1 1 1 394 395 376
62 1 1 1 416 394 417
63 1 1 1 437 417 432
64 1 1 1 434 416 437
65 1 1 1 66 67 49
66 1 1 1 109 130 107
67 1 1 1 28 48 26
68 1 1 1 32 50 31
69 1 1 1 130 151 152
70 1 1 1 91 107 108
71 1 1 1 67 91 64
72 1 1 1 48 64 65
73 1 1 1 11 26 27
74 1 1 1 13 29 28
75 1 1 1 30 49 29
76 1 1 1 15 31 30
77 1 1 1 17 33 32
78 1 1 1 50 69 68
79 1 1 1 68 90 66
80 1 1 1 90 110 109
81 1 1 1 152 151 173
82 1 1 1 129 130 152
83 1 1 1 107 130 129
84 1 1 1 108 107 129
85 1 1 1 88 91 108
86 1 1 1 64 91 88
87 1 1 1 65 64 88
88 1 1 1 45 48 65
89 1 1 1 26 48 45
90 1 1 1 27 26 45
91 1 1 1 10 11 27
92 1 1 1 11 12 26
93 1 1 1 12 28 26
94 1 1 1 12 13 28
95 1 1 1 13 14 29
96 1 1 1 14 30 29
97 1 1 1 14 15 30
98 1 1 1 15 16 31
99 1 1 1 16 32 31
100 1 1 1 16 17 32
101 1 1 1 17 1 33
102 1 1 1 32 33 47
103 1 1 1 32 47 50
104 1 1 1 50 47 69
105 1 1 1 68 69 87
106 1 1 1 68 87 90
107 1 1 1 90 87 110
108 1 1 1 109 110 128
109 1 1 1 109 128 130
110 1 1 1 130 128 151
111 1 1 1 89 109 107
112 1 1 1 91 89 107
113 1 1 1 67 89 91
114 1 1 1 44 67 64
115 1 1 1 48 44 64
116 1 1 1 28 44 48
117 1 1 1 28 29 44
118 1 1 1 29 49 44
119 1 1 1 30 46 49
120 1 1 1 30 31 46
121 1 1 1 31 50 46
122 1 1 1 46 50 68
123 1 1 1 46 68 66
124 1 1 1 66 90 89
125 1 1 1 89 90 109
126 1 1 1 66 89 67
127 1 1 1 49 67 44
128 1 1 1 46 66 49
129 1 1 1 150 122 127
130 1 1 1 165 157 136
131 1 1 1 79 75 52
132 1 1 1 194 186 164
133 1 1 1 157 181 151
134 1 1 1 115 136 110
135 1 1 1 122 115 95
136 1 1 1 75 95 69
137 1 1 1 34 52 33
138 1 1 1 86 106 79
139 1 1 1 135 127 106
140 1 1 1 142 164 135
141 1 1 1 203 228 194
142 1 1 1 186 213 180
143 1 1 1 180 172 150
144 1 1 1 172 195 165
145 1 1 1 151 181 173
146 1 1 1 128 157 151
147 1 1 1 136 157 128
148 1 1 1 110 136 128
149 1 1 1 87 115 110
150 1 1 1 95 115 87
151 1 1 1 69 95 87
152 1 1 1 47 75 69
153 1 1 1 52 75 47
154 1 1 1 33 52 47
155 1 1 1 1 34 33
156 1 1 1 34 60 52
157 1 1 1 60 79 52
158 1 1 1 60 86 79
159 1 1 1 86 114 106
160 1 1 1 114 135 106
161 1 1 1 114 142 135
162 1 1 1 142 171 164
163 1 1 1 171 194 164
164 1 1 1 171 203 194
165 1 1 1 203 237 228
166 1 1 1 194 228 220
167 1 1 1 194 220 186
168 1 1 1 186 220 213
169 1 1 1 180 213 204
170 1 1 1 180 204 172
171 1 1 1 172 204 195
172 1 1 1 165 195 187
173 1 1 1 165 187 157
174 1 1 1 157 187 181
175 1 1 1 143 165 136
176 1 1 1 115 143 136
177 1 1 1 122 143 115
178 1 1 1 99 122 95
179 1 1 1 75 99 95
180 1 1 1 79 99 75
181 1 1 1 79 106 99
182 1 1 1 106 127 99
183 1 1 1 135 156 127
184 1 1 1 135 164 156
185 1 1 1 164 186 156
186 1 1 1 156 186 180
187 1 1 1 156 180 150
188 1 1 1 150 172 143
189 1 1 1 143 172 165
190 1 1 1 150 143 122
191 1 1 1 127 122 99
192 1 1 1 156 150 127
193 1 1 1 330 359 350
194 1 1 1 318 326 347
195 1 1 1 401 406 424
196 1 1 1 282 291 312
197 1 1 1 326 306 335
198 1 1 1 367 347 377
199 1 1 1 359 367 387
200 1 1 1 406 387 419
201 1 1 1 448 424 456
202 1 1 1 390 370 401
203 1 1 1 342 350 370
204 1 1 1 333 312 342
205 1 1 1 272 247 282
206 1 1 1 291 268 300
207 1 1 1 300 309 330
208 1 1 1 309 288 318
209 1 1 1 335 306 314
210 1 1 1 354 326 335
211 1 1 1 347 326 354
212 1 1 1 377 347 354
213 1 1 1 392 367 377
214 1 1 1 387 367 392
215 1 1 1 419 387 392
216 1 1 1 435 406 419
217 1 1 1 424 406 435
218 1 1 1 456 424 435
219 1 1 1 466 448 456
220 1 1 1 448 421 424
221 1 1 1 421 401 424
222 1 1 1 421 390 401
223 1 1 1 390 363 370
224 1 1 1 363 342 370
225 1 1 1 363 333 342
226 1 1 1 333 305 312
227 1 1 1 305 282 312
228 1 1 1 305 272 282
229 1 1 1 272 238 247
230 1 1 1 282 247 258
231 1 1 1 282 258 291
232 1 1 1 291 258 268
233 1 1 1 300 268 278
234 1 1 1 300 278 309
235 1 1 1 309 278 288
236 1 1 1 318 288 296
237 1 1 1 318 296 326
238 1 1 1 326 296 306
239 1 1 1 338 318 347
240 1 1 1 367 338 347
241 1 1 1 359 338 367
242 1 1 1 379 359 387
243 1 1 1 406 379 387
244 1 1 1 401 379 406
245 1 1 1 401 370 379
246 1 1 1 370 350 379
247 1 1 1 342 321 350
248 1 1 1 342 312 321
249 1 1 1 312 291 321
250 1 1 1 321 291 300
251 1 1 1 321 300 330
252 1 1 1 330 309 338
253 1 1 1 338 309 318
254 1 1 1 330 338 359
255 1 1 1 350 359 379
256 1 1 1 321 330 350
257 1 1 1 371 343 358
258 1 1 1 368 351 339
259 1 1 1 317 299 286
260 1 1 1 431 413 404
261 1 1 1 351 365 334
262 1 1 1 325 339 310
263 1 1 1 343 325 313
264 1 1 1 299 313 283
265 1 1 1 270 286 253
266 1 1 1 332 346 317
267 1 1 1 373 358 346
268 1 1 1 389 404 373
269 1 1 1 447 457 431
270 1 1 1 413 425 402
271 1 1 1 402 384 371
272 1 1 1 384 397 368
273 1 1 1 334 365 349
274 1 1 1 322 351 334
275 1 1 1 339 351 322
276 1 1 1 310 339 322
277 1 1 1 295 325 310
278 1 1 1 313 325 295
279 1 1 1 283 313 295
280 1 1 1 267 299 283
281 1 1 1 286 299 267
282 1 1 1 253 286 267
283 1 1 1 237 270 253
284 1 1 1 270 304 286
285 1 1 1 304 317 286
286 1 1 1 304 332 317
287 1 1 1 332 362 346
288 1 1 1 362 373 346
289 1 1 1 362 389 373
290 1 1 1 389 420 404
291 1 1 1 420 431 404
292 1 1 1 420 447 431
293 1 1 1 447 465 457
294 1 1 1 431 457 440
295 1 1 1 431 440 413
296 1 1 1 413 440 425
297 1 1 1 402 425 408
298 1 1 1 402 408 384
299 1 1 1 384 408 397
300 1 1 1 368 397 381
301 1 1 1 368 381 351
302 1 1 1 351 381 365
303 1 1 1 353 368 339
304 1 1 1 325 353 339
305 1 1 1 343 353 325
306 1 1 1 329 343 313
307 1 1 1 299 329 313
308 1 1 1 317 329 299
309 1 1 1 317 346 329
310 1 1 1 346 358 329
311 1 1 1 373 386 358
312 1 1 1 373 404 386
313 1 1 1 404 413 386
314 1 1 1 386 413 402
315 1 1 1 386 402 371
316 1 1 1 371 384 353
317 1 1 1 353 384 368
318 1 1 1 371 353 343
319 1 1 1 358 343 329
320 1 1 1 386 371 358
321 1 1 1 427 428 445
322 1 1 1 399 383 398
323 1 1 1 459 444 458
324 1 1 1 463 446 462
325 1 1 1 383 366 365
326 1 1 1 412 398 397
327 1 1 1 428 412 426
328 1 1 1 444 426 425
329 1 1 1 467 458 457
330 1 1 1 469 460 459
331 1 1 1 461 445 460
332 1 1 1 471 462 461
333 1 1 1 473 464 463
334 1 1 1 446 430 429
335 1 1 1 429 411 427
336 1 1 1 411 400 399
337 1 1 1 365 366 349
338 1 1 1 381 383 365
339 1 1 1 398 383 381
340 1 1 1 397 398 381
341 1 1 1 408 412 397
342 1 1 1 426 412 408
343 1 1 1 425 426 408
344 1 1 1 440 444 425
345 1 1 1 458 444 440
346 1 1 1 457 458 440
347 1 1 1 465 467 457
348 1 1 1 467 468 458
349 1 1 1 468 459 458
350 1 1 1 468 469 459
351 1 1 1 469 470 460
352 1 1 1 470 461 460
353 1 1 1 470 471 461
354 1 1 1 471 472 462
355 1 1 1 472 463 462
356 1 1 1 472 473 463
357 1 1 1 473 474 464
358 1 1 1 463 464 443
359 1 1 1 463 443 446
360 1 1 1 446 443 430
361 1 1 1 429 430 409
362 1 1 1 429 409 411
363 1 1 1 411 409 400
364 1 1 1 399 400 382
365 1 1 1 399 382 383
366 1 1 1 383 382 366
367 1 1 1 410 399 398
368 1 1 1 412 410 398
369 1 1 1 428 410 412
370 1 1 1 441 428 426
371 1 1 1 444 441 426
372 1 1 1 459 441 444
373 1 1 1 459 460 441
374 1 1 1 460 445 441
375 1 1 1 461 442 445
376 1 1 1 461 462 442
377 1 1 1 462 446 442
378 1 1 1 442 446 429
379 1 1 1 442 429 427
380 1 1 1 427 411 410
381 1 1 1 410 411 399
382 1 1 1 427 410 428
383 1 1 1 445 428 441
384 1 1 1 442 427 445
385 1 1 1 111 138 121
386 1 1 1 113 131 141
387 1 1 1 161 177 190
388 1 1 1 51 63 77
389 1 1 1 131 118 147
390 1 1 1 154 141 170
391 1 1 1 138 154 166
392 1 1 1 177 166 196
393 1 1 1 205 190 222
394 1 1 1 144 132 161
395 1 1 1 104 121 132
396 1 1 1 92 77 104
397 1 1 1 35 18 51
398 1 1 1 63 53 80
399 1 1 1 80 97 111
400 1 1 1 97 82 113
401 1 1 1 147 118 134
402 1 1 1 159 131 147
403 1 1 1 141 131 159
404 1 1 1 170 141 159
405 1 1 1 183 154 170
406 1 1 1 166 154 183
407 1 1 1 196 166 183
408 1 1 1 209 177 196
409 1 1 1 190 177 209
410 1 1 1 222 190 209
411 1 1 1 238 205 222
412 1 1 1 205 174 190
413 1 1 1 174 161 190
414 1 1 1 174 144 161
415 1 1 1 144 116 132
416 1 1 1 116 104 132
417 1 1 1 116 92 104
418 1 1 1 92 61 77
419 1 1 1 61 51 77
420 1 1 1 61 35 51
421 1 1 1 35 2 18
422 1 1 1 51 18 36
423 1 1 1 51 36 63
424 1 1 1 63 36 53
425 1 1 1 80 53 70
426 1 1 1 80 70 97
427 1 1 1 97 70 82
428 1 1 1 113 82 100
429 1 1 1 113 100 131
430 1 1 1 131 100 118
431 1 1 1 125 113 141
432 1 1 1 154 125 141
433 1 1 1 138 125 154
434 1 1 1 148 138 166
435 1 1 1 177 148 166
436 1 1 1 161 148 177
437 1 1 1 161 132 148
438 1 1 1 132 121 148
439 1 1 1 104 94 121
440 1 1 1 104 77 94
441 1 1 1 77 63 94
442 1 1 1 94 63 80
443 1 1 1 94 80 111
444 1 1 1 111 97 125
445 1 1 1 125 97 113
446 1 1 1 111 125 138
447 1 1 1 121 138 148
448 1 1 1 94 111 121
449 1 1 1 55 56 41
450 1 1 1 84 102 83
451 1 1 1 20 40 19
452 1 1 1 24 42 23
453 1 1 1 102 119 118
454 1 1 1 74 83 82
455 1 1 1 56 74 54
456 1 1 1 40 54 53
457 1 1 1 3 19 18
458 1 1 1 5 21 20
459 1 1 1 22 41 21
460 1 1 1 7 23 22
461 1 1 1 9 25 24
462 1 1 1 42 58 57
463 1 1 1 57 73 55
464 1 1 1 73 85 84
465 1 1 1 118 119 134
466 1 1 1 100 102 118
467 1 1 1 83 102 100
468 1 1 1 82 83 100
469 1 1 1 70 74 82
470 1 1 1 54 74 70
471 1 1 1 53 54 70
472 1 1 1 36 40 53
473 1 1 1 19 40 36
474 1 1 1 18 19 36
475 1 1 1 2 3 18
476 1 1 1 3 4 19
477 1 1 1 4 20 19
478 1 1 1 4 5 20
479 1 1 1 5 6 21
480 1 1 1 6 22 21
481 1 1 1 6 7 22
482 1 1 1 7 8 23
483 1 1 1 8 24 23
484 1 1 1 8 9 24
485 1 1 1 9 10 25
486 1 1 1 24 25 39
487 1 1 1 24 39 42
488 1 1 1 42 39 58
489 1 1 1 57 58 71
490 1 1 1 57 71 73
491 1 1 1 73 71 85
492 1 1 1 84 85 101
493 1 1 1 84 101 102
494 1 1 1 102 101 119
495 1 1 1 72 84 83
496 1 1 1 74 72 83
497 1 1 1 56 72 74
498 1 1 1 37 56 54
499 1 1 1 40 37 54
500 1 1 1 20 37 40
501 1 1 1 20 21 37
502 1 1 1 21 41 37
503 1 1 1 22 38 41
504 1 1 1 22 23 38
505 1 1 1 23 42 38
506 1 1 1 38 42 57
507 1 1 1 38 57 55
508 1 1 1 55 73 72
509 1 1 1 72 73 84
510 1 1 1 55 72 56
511 1 1 1 41 56 37
512 1 1 1 38 55 41
513 1 1 1 369 388 385
514 1 1 1 357 361 378
515 1 1 1 422 423 439
516 1 1 1 340 344 360
517 1 1 1 361 345 366
518 1 1 1 391 378 400
519 1 1 1 388 391 407
520 1 1 1 423 407 430
521 1 1 1 450 439 464
522 1 1 1 415 403 422
523 1 1 1 380 385 403
524 1 1 1 375 360 380
525 1 1 1 336 319 340
526 1 1 1 344 327 348
527 1 1 1 348 352 369
528 1 1 1 352 337 357
529 1 1 1 366 345 349
530 1 1 1 382 361 366
531 1 1 1 378 361 382
532 1 1 1 400 378 382
533 1 1 1 409 391 400
534 1 1 1 407 391 409
535 1 1 1 430 407 409
536 1 1 1 443 423 430
537 1 1 1 439 423 443
538 1 1 1 464 439 443
539 1 1 1 474 450 464
540 1 1 1 450 433 439
541 1 1 1 433 422 439
542 1 1 1 433 415 422
543 1 1 1 415 393 403
544 1 1 1 393 380 403
545 1 1 1 393 375 380
546 1 1 1 375 355 360
547 1 1 1 355 340 360
548 1 1 1 355 336 340
549 1 1 1 336 314 319
550 1 1 1 340 319 323
551 1 1 1 340 323 344
552 1 1 1 344 323 327
553 1 1 1 348 327 331
554 1 1 1 348 331 352
555 1 1 1 352 331 337
556 1 1 1 357 337 341
557 1 1 1 357 341 361
558 1 1 1 361 341 345
559 1 1 1 372 357 378
560 1 1 1 391 372 378
561 1 1 1 388 372 391
562 1 1 1 405 388 407
563 1 1 1 423 405 407
564 1 1 1 422 405 423
565 1 1 1 422 403 405
566 1 1 1 403 385 405
567 1 1 1 380 364 385
568 1 1 1 380 360 364
569 1 1 1 360 344 364
570 1 1 1 364 344 348
571 1 1 1 364 348 369
572 1 1 1 369 352 372
573 1 1 1 372 352 357
574 1 1 1 369 372 388
575 1 1 1 385 388 405
576 1 1 1 364 369 385
577 1 1 1 98 117 96
578 1 1 1 124 146 140
579 1 1 1 105 126 123
580 1 1 1 43 62 59
581 1 1 1 146 152 168
582 1 1 1 137 140 158
583 1 1 1 117 137 133
584 1 1 1 126 133 149
585 1 1 1 119 123 139
586 1 1 1 85 93 105
587 1 1 1 76 96 93
588 1 1 1 58 59 76
589 1 1 1 25 27 43
590 1 1 1 62 65 81
591 1 1 1 81 103 98
592 1 1 1 103 108 124
593 1 1 1 168 152 173
594 1 1 1 162 146 168
595 1 1 1 140 146 162
596 1 1 1 158 140 162
597 1 1 1 153 137 158
598 1 1 1 133 137 153
599 1 1 1 149 133 153
600 1 1 1 145 126 149
601 1 1 1 123 126 145
602 1 1 1 139 123 145
603 1 1 1 134 119 139
604 1 1 1 119 101 123
605 1 1 1 101 105 123
606 1 1 1 101 85 105
607 1 1 1 85 71 93
608 1 1 1 71 76 93
609 1 1 1 71 58 76
610 1 1 1 58 39 59
611 1 1 1 39 43 59
612 1 1 1 39 25 43
613 1 1 1 25 10 27
614 1 1 1 43 27 45
615 1 1 1 43 45 62
616 1 1 1 62 45 65
617 1 1 1 81 65 88
618 1 1 1 81 88 103
619 1 1 1 103 88 108
620 1 1 1 124 108 129
621 1 1 1 124 129 146
622 1 1 1 146 129 152
623 1 1 1 120 124 140
624 1 1 1 137 120 140
625 1 1 1 117 120 137
626 1 1 1 112 117 133
627 1 1 1 126 112 133
628 1 1 1 105 112 126
629 1 1 1 105 93 112
630 1 1 1 93 96 112
631 1 1 1 76 78 96
632 1 1 1 76 59 78
633 1 1 1 59 62 78
634 1 1 1 78 62 81
635 1 1 1 78 81 98
636 1 1 1 98 103 120
637 1 1 1 120 103 124
638 1 1 1 98 120 117
639 1 1 1 96 117 112
640 1 1 1 78 98 96
641 1 1 1 214 208 191
642 1 1 1 257 276 252
643 1 1 1 163 182 160
644 1 1 1 184 199 178
645 1 1 1 276 297 292
646 1 1 1 227 252 246
647 1 1 1 208 227 202
648 1 1 1 182 202 198
649 1 1 1 139 160 155
650 1 1 1 149 169 163
651 1 1 1 175 191 169
652 1 1 1 158 178 175
653 1 1 1 168 189 184
654 1 1 1 199 224 219
655 1 1 1 219 239 214
656 1 1 1 239 262 257
657 1 1 1 292 297 314
658 1 1 1 269 276 292
659 1 1 1 252 276 269
660 1 1 1 246 252 269
661 1 1 1 221 227 246
662 1 1 1 202 227 221
663 1 1 1 198 202 221
664 1 1 1 176 182 198
665 1 1 1 160 182 176
666 1 1 1 155 160 176
667 1 1 1 134 139 155
668 1 1 1 139 145 160
669 1 1 1 145 163 160
670 1 1 1 145 149 163
671 1 1 1 149 153 169
672 1 1 1 153 175 169
673 1 1 1 153 158 175
674 1 1 1 158 162 178
675 1 1 1 162 184 178
676 1 1 1 162 168 184
677 1 1 1 168 173 189
678 1 1 1 184 189 207
679 1 1 1 184 207 199
680 1 1 1 199 207 224
681 1 1 1 219 224 244
682 1 1 1 219 244 239
683 1 1 1 239 244 262
684 1 1 1 257 262 280
685 1 1 1 257 280 276
686 1 1 1 276 280 297
687 1 1 1 231 257 252
688 1 1 1 227 231 252
689 1 1 1 208 231 227
690 1 1 1 185 208 202
691 1 1 1 182 185 202
692 1 1 1 163 185 182
693 1 1 1 163 169 185
694 1 1 1 169 191 185
695 1 1 1 175 197 191
696 1 1 1 175 178 197
697 1 1 1 178 199 197
698 1 1 1 197 199 219
699 1 1 1 197 219 214
700 1 1 1 214 239 231
701 1 1 1 231 239 257
702 1 1 1 214 231 208
703 1 1 1 191 208 185
704 1 1 1 197 214 191
705 1 1 1 265 256 242
706 1 1 1 301 315 293
707 1 1 1 210 223 200
708 1 1 1 245 260 235
709 1 1 1 315 334 328
710 1 1 1 271 293 287
711 1 1 1 256 271 248
712 1 1 1 223 248 240
713 1 1 1 181 200 193
714 1 1 1 195 217 210
715 1 1 1 226 242 217
716 1 1 1 213 235 226
717 1 1 1 228 253 245
718 1 1 1 260 283 274
719 1 1 1 274 289 265
720 1 1 1 289 310 301
721 1 1 1 328 334 349
722 1 1 1 308 315 328
723 1 1 1 293 315 308
724 1 1 1 287 293 308
725 1 1 1 263 271 287
726 1 1 1 248 271 263
727 1 1 1 240 248 263
728 1 1 1 216 223 240
729 1 1 1 200 223 216
730 1 1 1 193 200 216
731 1 1 1 173 181 193
732 1 1 1 181 187 200
733 1 1 1 187 210 200
734 1 1 1 187 195 210
735 1 1 1 195 204 217
736 1 1 1 204 226 217
737 1 1 1 204 213 226
738 1 1 1 213 220 235
739 1 1 1 220 245 235
740 1 1 1 220 228 245
741 1 1 1 228 237 253
742 1 1 1 245 253 267
743 1 1 1 245 267 260
744 1 1 1 260 267 283
745 1 1 1 274 283 295
746 1 1 1 274 295 289
747 1 1 1 289 295 310
748 1 1 1 301 310 322
749 1 1 1 301 322 315
750 1 1 1 315 322 334
751 1 1 1 279 301 293
752 1 1 1 271 279 293
753 1 1 1 256 279 271
754 1 1 1 232 256 248
755 1 1 1 223 232 248
756 1 1 1 210 232 223
757 1 1 1 210 217 232
758 1 1 1 217 242 232
759 1 1 1 226 251 242
760 1 1 1 226 235 251
761 1 1 1 235 260 251
762 1 1 1 251 260 274
763 1 1 1 251 274 265
764 1 1 1 265 289 279
765 1 1 1 279 289 301
766 1 1 1 265 279 256
767 1 1 1 242 256 232
768 1 1 1 251 265 242
769 1 1 1 277 294 273
770 1 1 1 303 324 320
771 1 1 1 285 307 302
772 1 1 1 211 234 230
773 1 1 1 324 328 345
774 1 1 1 316 320 337
775 1 1 1 294 316 311
776 1 1 1 307 311 327
777 1 1 1 297 302 319
778 1 1 1 262 266 285
779 1 1 1 249 273 266
780 1 1 1 224 230 249
781 1 1 1 189 193 211
782 1 1 1 234 240 259
783 1 1 1 259 281 277
784 1 1 1 281 287 303
785 1 1 1 345 328 349
786 1 1 1 341 324 345
787 1 1 1 320 324 341
788 1 1 1 337 320 341
789 1 1 1 331 316 337
790 1 1 1 311 316 331
791 1 1 1 327 311 331
792 1 1 1 323 307 327
793 1 1 1 302 307 323
794 1 1 1 319 302 323
795 1 1 1 314 297 319
796 1 1 1 297 280 302
797 1 1 1 280 285 302
798 1 1 1 280 262 285
799 1 1 1 262 244 266
800 1 1 1 244 249 266
801 1 1 1 244 224 249
802 1 1 1 224 207 230
803 1 1 1 207 211 230
804 1 1 1 207 189 211
805 1 1 1 189 173 193
806 1 1 1 211 193 216
807 1 1 1 211 216 234
808 1 1 1 234 216 240
809 1 1 1 259 240 263
810 1 1 1 259 263 281
811 1 1 1 281 263 287
812 1 1 1 303 287 308
813 1 1 1 303 308 324
814 1 1 1 324 308 328
815 1 1 1 298 303 320
816 1 1 1 316 298 320
817 1 1 1 294 298 316
818 1 1 1 290 294 311
819 1 1 1 307 290 311
820 1 1 1 285 290 307
821 1 1 1 285 266 290
822 1 1 1 266 273 290
823 1 1 1 249 254 273
824 1 1 1 249 230 254
825 1 1 1 230 234 254
826 1 1 1 254 234 259
827 1 1 1 254 259 277
828 1 1 1 277 281 298
829 1 1 1 298 281 303
830 1 1 1 277 298 294
831 1 1 1 273 294 290
832 1 1 1 254 277 273
833 1 1 1 225 241 215
834 1 1 1 261 284 275
835 1 1 1 218 243 233
836 1 1 1 167 188 179
837 1 1 1 284 292 306
838 1 1 1 264 275 288
839 1 1 1 241 264 255
840 1 1 1 243 255 268
841 1 1 1 222 233 247
842 1 1 1 196 206 218
843 1 1 1 192 215 206
844 1 1 1 170 179 192
845 1 1 1 147 155 167
846 1 1 1 188 198 212
847 1 1 1 212 236 225
848 1 1 1 236 246 261
849 1 1 1 306 292 314
850 1 1 1 296 284 306
851 1 1 1 275 284 296
852 1 1 1 288 275 296
853 1 1 1 278 264 288
854 1 1 1 255 264 278
855 1 1 1 268 255 278
856 1 1 1 258 243 268
857 1 1 1 233 243 258
858 1 1 1 247 233 258
859 1 1 1 238 222 247
860 1 1 1 222 209 233
861 1 1 1 209 218 233
862 1 1 1 209 196 218
863 1 1 1 196 183 206
864 1 1 1 183 192 206
865 1 1 1 183 170 192
866 1 1 1 170 159 179
867 1 1 1 159 167 179
868 1 1 1 159 147 167
869 1 1 1 147 134 155
870 1 1 1 167 155 176
871 1 1 1 167 176 188
872 1 1 1 188 176 198
873 1 1 1 212 198 221
874 1 1 1 212 221 236
875 1 1 1 236 221 246
876 1 1 1 261 246 269
877 1 1 1 261 269 284
878 1 1 1 284 269 292
879 1 1 1 250 261 275
880 1 1 1 264 250 275
881 1 1 1 241 250 264
882 1 1 1 229 241 255
883 1 1 1 243 229 255
884 1 1 1 218 229 243
885 1 1 1 218 206 229
886 1 1 1 206 215 229
887 1 1 1 192 201 215
888 1 1 1 192 179 201
889 1 1 1 179 188 201
890 1 1 1 201 188 212
891 1 1 1 201 212 225
892 1 1 1 225 236 250
893 1 1 1 250 236 261
894 1 1 1 225 250 241
895 1 1 1 215 241 229
896 1 1 1 201 225 215
