1 0 0 0
2 0 1 0
3 0 0.93750000000029 0
4 0 0.875000000000516 0
5 0 0.812500000000689 0
6 0 0.75000000000076 0
7 0 0.687500000001037 0
8 0 0.625000000001292 0
9 0 0.562500000001755 0
10 0 0.500000000002059 0
11 0 0.437500000001802 0
12 0 0.375000000001544 0
13 0 0.312500000001287 0
14 0 0.25000000000103 0
15 0 0.187500000000772 0
16 0 0.125000000000515 0
17 0 0.0625000000002575 0
18 0.0367187500000574 0.963281250000052 0
19 0.0367187500000574 0.90078125000031 0
20 0.0367187500000574 0.8382812500005 0
21 0.0367187500000574 0.775781250000622 0
22 0.0367187500000574 0.71328125000088 0
23 0.0367187500000574 0.650781250001146 0
24 0.0367187500000574 0.58828125000147 0
25 0.0367187500000574 0.525781250001854 0
26 0.0468749999999474 0.421875000001597 0
27 0.0468749999999474 0.484375000001855 0
28 0.0468749999999474 0.35937500000134 0
29 0.0468749999999474 0.296875000001082 0
30 0.0468749999999474 0.234375000000825 0
31 0.0468749999999474 0.171875000000567 0
32 0.0468749999999474 0.10937500000031 0
33 0.0468749999999474 0.0468750000000526 0
34 0.0624999999998732 0 0
35 0.0625000000002575 1 0
36 0.0734375000001147 0.926562500000104 0
37 0.0734375000001147 0.801562500000484 0
38 0.0734375000001147 0.676562500000999 0
39 0.0734375000001147 0.551562500001649 0
40 0.0734375000001147 0.864062500000294 0
41 0.0734375000001147 0.739062500000742 0
42 0.0734375000001147 0.614062500001324 0
43 0.0835937500000047 0.510156250001649 0
44 0.0937499999998948 0.343750000001135 0
45 0.0937499999998948 0.46875000000165 0
46 0.0937499999998948 0.21875000000062 0
47 0.0937499999998948 0.0937500000001052 0
48 0.0937499999998948 0.406250000001392 0
49 0.0937499999998948 0.281250000000878 0
50 0.0937499999998948 0.156250000000363 0
51 0.0992187500003148 0.963281250000052 0
52 0.109374999999837 0.0468750000000526 0
53 0.110156250000172 0.889843750000156 0
54 0.110156250000172 0.827343750000346 0
55 0.110156250000172 0.702343750000861 0
56 0.110156250000172 0.764843750000604 0
57 0.110156250000172 0.639843750001118 0
58 0.110156250000172 0.577343750001443 0
59 0.120312500000062 0.535937500001444 0
60 0.124999999999779 0 0
61 0.125000000000515 1 0
62 0.130468749999952 0.494531250001444 0
63 0.135937500000372 0.926562500000104 0
64 0.140624999999842 0.390625000001188 0
65 0.140624999999842 0.453125000001445 0
66 0.140624999999842 0.265625000000673 0
67 0.140624999999842 0.32812500000093 0
68 0.140624999999842 0.203125000000415 0
69 0.140624999999842 0.140625000000158 0
70 0.146875000000229 0.853125000000208 0
71 0.146875000000229 0.603125000001238 0
72 0.146875000000229 0.728125000000723 0
73 0.146875000000229 0.665625000000981 0
74 0.146875000000229 0.790625000000466 0
75 0.156249999999749 0.0937500000001052 0
76 0.157031250000119 0.561718750001239 0
77 0.161718750000572 0.963281250000052 0
78 0.16718750000001 0.520312500001239 0
79 0.171874999999691 0.0468750000000526 0
80 0.17265625000043 0.889843750000156 0
81 0.177343749999899 0.47890625000124 0
82 0.183593750000287 0.81640625000026 0
83 0.183593750000287 0.753906250000518 0
84 0.183593750000287 0.691406250000775 0
85 0.183593750000287 0.628906250001033 0
86 0.187499999999599 0 0
87 0.18749999999979 0.18750000000021 0
88 0.18749999999979 0.43750000000124 0
89 0.18749999999979 0.312500000000725 0
90 0.18749999999979 0.250000000000468 0
91 0.18749999999979 0.375000000000983 0
92 0.187500000000772 1 0
93 0.193750000000177 0.587500000001033 0
94 0.19843750000063 0.926562500000104 0
95 0.203124999999697 0.140625000000158 0
96 0.203906250000067 0.546093750001034 0
97 0.209375000000487 0.853125000000208 0
98 0.214062499999957 0.504687500001034 0
99 0.218749999999604 0.0937500000001052 0
100 0.220312500000344 0.779687500000313 0
101 0.220312500000344 0.654687500000827 0
102 0.220312500000344 0.71718750000057 0
103 0.224218749999847 0.463281250001035 0
104 0.22421875000083 0.963281250000052 0
105 0.230468750000234 0.613281250000828 0
106 0.234374999999511 0.0468750000000526 0
107 0.234374999999737 0.359375000000778 0
108 0.234374999999737 0.421875000001035 0
109 0.234374999999737 0.29687500000052 0
110 0.234374999999737 0.234375000000263 0
111 0.235156250000687 0.889843750000156 0
112 0.240625000000124 0.571875000000828 0
113 0.246093750000544 0.81640625000026 0
114 0.249999999999418 0 0
115 0.249999999999626 0.18750000000021 0
116 0.25000000000103 1 0
117 0.250781250000014 0.530468750000829 0
118 0.257031250000401 0.742968750000365 0
119 0.257031250000401 0.680468750000622 0
120 0.260937499999904 0.48906250000083 0
121 0.260937500000887 0.926562500000104 0
122 0.265624999999533 0.140625000000158 0
123 0.267187500000292 0.639062500000622 0
124 0.271093749999794 0.44765625000083 0
125 0.271875000000744 0.853125000000208 0
126 0.277343750000182 0.597656250000623 0
127 0.281249999999441 0.0937500000001052 0
128 0.281249999999684 0.281250000000316 0
129 0.281249999999684 0.406250000000831 0
130 0.281249999999684 0.343750000000573 0
131 0.282812500000601 0.779687500000313 0
132 0.286718750001087 0.963281250000052 0
133 0.287500000000072 0.556250000000624 0
134 0.293750000000459 0.706250000000417 0
135 0.296874999999348 0.0468750000000526 0
136 0.296874999999574 0.234375000000263 0
137 0.297656249999962 0.514843750000624 0
138 0.297656250000944 0.889843750000156 0
139 0.303906250000349 0.664843750000417 0
140 0.307812499999852 0.473437500000625 0
141 0.308593750000802 0.81640625000026 0
142 0.312499999999237 0 0
143 0.312499999999463 0.18750000000021 0
144 0.312500000001287 1 0
145 0.314062500000239 0.623437500000418 0
146 0.317968749999742 0.432031250000625 0
147 0.319531250000659 0.742968750000365 0
148 0.323437500001145 0.926562500000104 0
149 0.324218750000129 0.582031250000418 0
150 0.32812499999937 0.140625000000158 0
151 0.328124999999632 0.328125000000368 0
152 0.328124999999632 0.390625000000626 0
153 0.334375000000019 0.540625000000419 0
154 0.334375000001002 0.853125000000208 0
155 0.338020833333765 0.698437500000345 0
156 0.343749999999277 0.0937500000001052 0
157 0.343749999999521 0.281250000000316 0
158 0.344531249999909 0.499218750000419 0
159 0.345312500000859 0.779687500000313 0
160 0.348177083333655 0.657031250000345 0
161 0.349218750001345 0.963281250000052 0
162 0.354687499999799 0.45781250000042 0
163 0.358333333333545 0.615625000000346 0
164 0.359374999999166 0.0468750000000526 0
165 0.35937499999941 0.234375000000263 0
166 0.360156250001202 0.889843750000156 0
167 0.363802083333965 0.735156250000292 0
168 0.364843749999689 0.41640625000042 0
169 0.368489583333435 0.574218750000346 0
170 0.371093750001059 0.81640625000026 0
171 0.374999999999055 0 0
172 0.374999999999299 0.18750000000021 0
173 0.374999999999579 0.375000000000421 0
174 0.375000000001544 1 0
175 0.378645833333325 0.532812500000347 0
176 0.382291666667071 0.690625000000272 0
177 0.385937500001402 0.926562500000104 0
178 0.388802083333215 0.491406250000347 0
179 0.389583333334165 0.77187500000024 0
180 0.390624999999206 0.140625000000158 0
181 0.390624999999468 0.328125000000368 0
182 0.392447916666961 0.649218750000273 0
183 0.396875000001259 0.853125000000208 0
184 0.398958333333105 0.450000000000348 0
185 0.402604166666851 0.607812500000274 0
186 0.406249999999095 0.0937500000001052 0
187 0.406249999999357 0.281250000000316 0
188 0.408072916667271 0.72734375000022 0
189 0.409114583332995 0.408593750000348 0
190 0.411718750001602 0.963281250000052 0
191 0.412760416666741 0.566406250000274 0
192 0.415364583334365 0.808593750000188 0
193 0.41796874999955 0.363281250000307 0
194 0.421874999998985 0.0468750000000526 0
195 0.421874999999246 0.234375000000263 0
196 0.422656250001459 0.889843750000156 0
197 0.422916666666631 0.525000000000275 0
198 0.426562500000377 0.6828125000002 0
199 0.433072916666521 0.483593750000275 0
200 0.433593749999439 0.316406250000255 0
201 0.433854166667471 0.764062500000168 0
202 0.436718750000267 0.641406250000201 0
203 0.437499999998874 0 0
204 0.437499999999136 0.18750000000021 0
205 0.437500000001802 1 0
206 0.441145833334565 0.845312500000136 0
207 0.443229166666411 0.442187500000276 0
208 0.446875000000157 0.600000000000201 0
209 0.448437500001659 0.926562500000104 0
210 0.449218749999328 0.269531250000202 0
211 0.452083333332966 0.396875000000235 0
212 0.452343750000577 0.719531250000148 0
213 0.453124999999025 0.140625000000158 0
214 0.457031250000047 0.558593750000202 0
215 0.459635416667671 0.800781250000116 0
216 0.460937499999521 0.351562500000193 0
217 0.464843749999217 0.222656250000149 0
218 0.466927083334765 0.882031250000084 0
219 0.467187499999937 0.517187500000203 0
220 0.468749999998914 0.0937500000001052 0
221 0.470833333333683 0.675000000000128 0
222 0.474218750001859 0.963281250000052 0
223 0.47656249999941 0.304687500000141 0
224 0.477343749999827 0.475781250000203 0
225 0.478125000000777 0.756250000000096 0
226 0.480468749999106 0.175781250000097 0
227 0.480989583333573 0.633593750000129 0
228 0.484374999998803 0.0468750000000526 0
229 0.485416666667871 0.837500000000064 0
230 0.486197916666382 0.430468750000162 0
231 0.491145833333463 0.592187500000129 0
232 0.492187499999299 0.257812500000088 0
233 0.492708333334965 0.918750000000032 0
234 0.495052083332937 0.38515625000012 0
235 0.496093749998996 0.128906250000044 0
236 0.496614583333883 0.711718750000076 0
237 0.499999999998692 0 0
238 0.500000000002059 1 0
239 0.501302083333353 0.55078125000013 0
240 0.503906249999492 0.339843750000079 0
241 0.503906250000977 0.792968750000044 0
242 0.507812499999188 0.210937500000035 0
243 0.511197916668071 0.874218750000012 0
244 0.511458333333243 0.50937500000013 0
245 0.511718749998885 0.0820312499999914 0
246 0.515104166666989 0.667187500000056 0
247 0.518489583335165 0.95546874999998 0
248 0.519531249999381 0.292968750000027 0
249 0.520312499999798 0.464062500000089 0
250 0.522395833334083 0.748437500000024 0
251 0.523437499999077 0.164062499999983 0
252 0.525260416666879 0.625781250000057 0
253 0.527343749998774 0.0351562499999388 0
254 0.529166666666353 0.418750000000048 0
255 0.529687500001177 0.829687499999992 0
256 0.53515624999927 0.246093749999974 0
257 0.535416666666769 0.584375000000057 0
258 0.536979166668271 0.91093749999996 0
259 0.538020833332908 0.373437500000007 0
260 0.539062499998966 0.11718749999993 0
261 0.540885416667189 0.703906250000004 0
262 0.545572916666659 0.542968750000058 0
263 0.546874999999463 0.328124999999966 0
264 0.548177083334283 0.785156249999972 0
265 0.550781249999159 0.199218749999922 0
266 0.554427083333214 0.497656250000017 0
267 0.554687499998856 0.0703124999998775 0
268 0.555468750001377 0.86640624999994 0
269 0.559375000000295 0.659374999999984 0
270 0.562499999998856 0 0
271 0.562499999999352 0.281249999999913 0
272 0.562500000001755 1 0
273 0.563281249999769 0.452343749999975 0
274 0.566406249999048 0.152343749999869 0
275 0.566666666667389 0.740624999999952 0
276 0.569531250000185 0.617968749999985 0
277 0.572135416666324 0.407031249999934 0
278 0.573958333334483 0.82187499999992 0
279 0.578124999999241 0.23437499999986 0
280 0.579687500000075 0.576562499999985 0
281 0.580989583332879 0.361718749999893 0
282 0.580989583334782 0.95546874999998 0
283 0.582031249998937 0.105468749999816 0
284 0.585156250000495 0.696093749999932 0
285 0.58854166666663 0.531249999999944 0
286 0.589843749998937 0.0351562499999388 0
287 0.589843749999433 0.316406249999852 0
288 0.592447916667589 0.7773437499999 0
289 0.59374999999913 0.187499999999808 0
290 0.597395833333185 0.485937499999903 0
291 0.599479166667947 0.91093749999996 0
292 0.603645833333601 0.651562499999912 0
293 0.605468749999323 0.269531249999799 0
294 0.60624999999974 0.440624999999861 0
295 0.609374999999019 0.140624999999755 0
296 0.610937500000695 0.73281249999988 0
297 0.613802083333491 0.610156249999913 0
298 0.615104166666295 0.39531249999982 0
299 0.617187499999019 0.0703124999998775 0
300 0.617968750001052 0.86640624999994 0
301 0.621093749999212 0.222656249999746 0
302 0.622656250000046 0.564843749999871 0
303 0.623958333332849 0.349999999999779 0
304 0.624999999999019 0 0
305 0.625000000001292 1 0
306 0.629427083333801 0.68828124999986 0
307 0.631510416666601 0.51953124999983 0
308 0.632812499999404 0.304687499999738 0
309 0.636458333334226 0.82187499999992 0
310 0.636718749999101 0.175781249999694 0
311 0.640364583333156 0.474218749999789 0
312 0.643489583334457 0.95546874999998 0
313 0.644531249999101 0.105468749999816 0
314 0.647916666666907 0.64374999999984 0
315 0.648437499999293 0.257812499999685 0
316 0.649218749999711 0.428906249999748 0
317 0.652343749999101 0.0351562499999388 0
318 0.654947916667332 0.7773437499999 0
319 0.656770833333462 0.598437499999799 0
320 0.658072916666265 0.383593749999706 0
321 0.661979166667622 0.91093749999996 0
322 0.664062499999182 0.210937499999632 0
323 0.665625000000017 0.553124999999758 0
324 0.66692708333282 0.338281249999665 0
325 0.671874999999182 0.140624999999755 0
326 0.673437500000438 0.73281249999988 0
327 0.674479166666572 0.507812499999716 0
328 0.675781249999375 0.292968749999624 0
329 0.679687499999183 0.0703124999998775 0
330 0.680468750000795 0.86640624999994 0
331 0.683333333333127 0.462499999999675 0
332 0.687499999999183 0 0
333 0.687500000001037 1 0
334 0.691406249999264 0.246093749999571 0
335 0.691927083333544 0.68828124999986 0
336 0.691927083333544 0.625781249999696 0
337 0.692187499999681 0.417187499999634 0
338 0.698958333333968 0.82187499999992 0
339 0.699218749999264 0.175781249999694 0
340 0.700781250000099 0.580468749999655 0
341 0.701041666666236 0.371874999999593 0
342 0.705989583334191 0.95546874999998 0
343 0.707031249999264 0.105468749999816 0
344 0.709635416666653 0.535156249999614 0
345 0.709895833332791 0.326562499999551 0
346 0.714843749999264 0.0351562499999388 0
347 0.717447916667074 0.7773437499999 0
348 0.718489583333208 0.489843749999573 0
349 0.718749999999346 0.28124999999951 0
350 0.724479166667364 0.91093749999996 0
351 0.726562499999346 0.210937499999632 0
352 0.727343749999763 0.444531249999531 0
353 0.734374999999346 0.140624999999755 0
354 0.73593750000018 0.73281249999988 0
355 0.73593750000018 0.607812499999553 0
356 0.73593750000018 0.670312499999717 0
357 0.736197916666318 0.39921874999949 0
358 0.742187499999346 0.0703124999998775 0
359 0.742968750000538 0.86640624999994 0
360 0.744791666666735 0.562499999999512 0
361 0.745052083332873 0.353906249999449 0
362 0.749999999999346 0 0
363 0.75000000000076 1 0
364 0.75364583333329 0.517187499999471 0
365 0.753906249999428 0.246093749999571 0
366 0.753906249999428 0.308593749999408 0
367 0.761458333333711 0.82187499999992 0
368 0.761718749999428 0.175781249999694 0
369 0.762499999999845 0.471874999999429 0
370 0.768489583333933 0.95546874999998 0
371 0.769531249999428 0.105468749999816 0
372 0.7713541666664 0.426562499999388 0
373 0.777343749999428 0.0351562499999388 0
374 0.779947916666817 0.652343749999573 0
375 0.779947916666817 0.58984374999941 0
376 0.779947916666817 0.714843749999736 0
377 0.779947916666817 0.7773437499999 0
378 0.780208333332955 0.381249999999347 0
379 0.786979166667107 0.91093749999996 0
380 0.788802083333372 0.544531249999368 0
381 0.789062499999509 0.210937499999632 0
382 0.789062499999509 0.335937499999306 0
383 0.789062499999509 0.273437499999469 0
384 0.79687499999951 0.140624999999755 0
385 0.797656249999927 0.499218749999327 0
386 0.80468749999951 0.0703124999998775 0
387 0.80546875000028 0.86640624999994 0
388 0.806510416666481 0.453906249999286 0
389 0.81249999999951 0 0
390 0.812500000000689 1 0
391 0.815364583333036 0.408593749999245 0
392 0.823958333333454 0.82187499999992 0
393 0.823958333333454 0.571874999999266 0
394 0.823958333333454 0.696874999999593 0
395 0.823958333333454 0.759374999999757 0
396 0.823958333333454 0.634374999999429 0
397 0.824218749999591 0.175781249999694 0
398 0.824218749999591 0.23828124999953 0
399 0.824218749999591 0.300781249999367 0
400 0.824218749999591 0.363281249999203 0
401 0.830989583333811 0.95546874999998 0
402 0.832031249999591 0.105468749999816 0
403 0.832812500000008 0.526562499999225 0
404 0.839843749999591 0.0351562499999388 0
405 0.841666666666563 0.481249999999184 0
406 0.849479166666917 0.91093749999996 0
407 0.850520833333118 0.435937499999142 0
408 0.859374999999673 0.140624999999755 0
409 0.859374999999673 0.390624999999101 0
410 0.859374999999673 0.265624999999428 0
411 0.859374999999673 0.328124999999264 0
412 0.859374999999673 0.203124999999591 0
413 0.867187499999673 0.0703124999998775 0
414 0.86796875000009 0.616406249999286 0
415 0.86796875000009 0.553906249999123 0
416 0.86796875000009 0.741406249999613 0
417 0.86796875000009 0.67890624999945 0
418 0.86796875000009 0.803906249999776 0
419 0.86796875000009 0.86640624999994 0
420 0.874999999999673 0 0
421 0.875000000000516 1 0
422 0.876822916666645 0.508593749999081 0
423 0.8856770833332 0.46328124999904 0
424 0.893489583333621 0.95546874999998 0
425 0.894531249999755 0.105468749999816 0
426 0.894531249999755 0.167968749999671 0
427 0.894531249999755 0.292968749999344 0
428 0.894531249999755 0.230468749999507 0
429 0.894531249999755 0.35546874999918 0
430 0.894531249999755 0.417968749998999 0
431 0.902343749999755 0.0351562499999388 0
432 0.911979166666727 0.660937499999306 0
433 0.911979166666727 0.535937499998979 0
434 0.911979166666727 0.785937499999633 0
435 0.911979166666727 0.91093749999996 0
436 0.911979166666727 0.598437499999143 0
437 0.911979166666727 0.723437499999469 0
438 0.911979166666727 0.848437499999797 0
439 0.920833333333282 0.490624999998938 0
440 0.929687499999836 0.0703124999998775 0
441 0.929687499999836 0.195312499999587 0
442 0.929687499999836 0.32031249999926 0
443 0.929687499999836 0.445312499998896 0
444 0.929687499999836 0.132812499999732 0
445 0.929687499999836 0.257812499999423 0
446 0.929687499999836 0.382812499999078 0
447 0.937499999999837 0 0
448 0.93750000000029 1 0
449 0.955989583333363 0.580468749998999 0
450 0.955989583333363 0.517968749998836 0
451 0.955989583333363 0.642968749999163 0
452 0.955989583333363 0.705468749999326 0
453 0.955989583333363 0.76796874999949 0
454 0.955989583333363 0.830468749999653 0
455 0.955989583333363 0.892968749999816 0
456 0.955989583333363 0.95546874999998 0
457 0.964843749999918 0.0351562499999388 0
458 0.964843749999918 0.0976562499998282 0
459 0.964843749999918 0.160156249999683 0
460 0.964843749999918 0.222656249999503 0
461 0.964843749999918 0.285156249999339 0
462 0.964843749999918 0.347656249999158 0
463 0.964843749999918 0.410156249998976 0
464 0.964843749999918 0.472656249998794 0
465 1 0 0
466 1 1 0
467 1 0.0624999999998732 0
468 1 0.124999999999779 0
469 1 0.187499999999599 0
470 1 0.249999999999418 0
471 1 0.312499999999237 0
472 1 0.374999999999055 0
473 1 0.437499999998874 0
474 1 0.499999999998692 0
475 1 0.562499999998856 0
476 1 0.624999999999019 0
477 1 0.687499999999183 0
478 1 0.749999999999346 0
479 1 0.81249999999951 0
480 1 0.874999999999673 0
481 1 0.937499999999837 0
